2.22408e-08 0 6.79235e-10 0 0
2.22989e-08 0 6.78566e-10 0 0
2.23571e-08 0 6.76561e-10 0 0
2.24155e-08 0 6.73233e-10 0 0
2.24741e-08 0 6.68602e-10 0 0
2.25328e-08 0 6.62693e-10 0 0
2.25916e-08 0 6.55543e-10 0 0
2.26506e-08 0 6.47192e-10 0 0
2.27098e-08 0 6.37688e-10 0 0
2.27691e-08 0 6.27086e-10 0 0
2.28286e-08 0 6.15445e-10 0 0
2.28882e-08 0 6.0283e-10 0 0
2.2948e-08 0 5.8931e-10 0 0
2.30079e-08 0 5.74958e-10 0 0
2.3068e-08 0 5.5985e-10 0 0
2.31283e-08 0 5.44064e-10 0 0
2.31887e-08 0 5.27682e-10 0 0
2.32493e-08 0 5.10785e-10 0 0
2.331e-08 0 4.93455e-10 0 0
2.33709e-08 0 4.75773e-10 0 0
2.34319e-08 0 4.57821e-10 0 0
2.34931e-08 0 4.39678e-10 0 0
2.35545e-08 0 4.21422e-10 0 0
2.3616e-08 0 4.03129e-10 0 0
2.36777e-08 0 3.84869e-10 0 0
2.37395e-08 0 3.66713e-10 0 0
2.38015e-08 0 3.48724e-10 0 0
2.38637e-08 0 3.30964e-10 0 0
2.3926e-08 0 3.1349e-10 0 0
2.39885e-08 0 2.96354e-10 0 0
2.40512e-08 0 2.79602e-10 0 0
2.4114e-08 0 2.63277e-10 0 0
2.4177e-08 0 2.47417e-10 0 0
2.42401e-08 0 2.32054e-10 0 0
2.43034e-08 0 2.17216e-10 0 0
2.43669e-08 0 2.02927e-10 0 0
2.44306e-08 0 1.89203e-10 0 0
2.44944e-08 0 1.76061e-10 0 0
2.45584e-08 0 1.63508e-10 0 0
2.46225e-08 0 1.51551e-10 0 0
2.46868e-08 0 1.40192e-10 0 0
2.47513e-08 0 1.29428e-10 0 0
2.48159e-08 0 1.19256e-10 0 0
2.48808e-08 0 1.09666e-10 0 0
2.49457e-08 0 1.00649e-10 0 0
2.50109e-08 0 9.21913e-11 0 0
2.50762e-08 0 8.42779e-11 0 0
2.51417e-08 0 7.68919e-11 0 0
2.52074e-08 0 7.0015e-11 0 0
2.52732e-08 0 6.36275e-11 0 0
2.53392e-08 0 5.77088e-11 0 0
2.54054e-08 0 5.22375e-11 0 0
2.54718e-08 0 4.71918e-11 0 0
2.55383e-08 0 4.25494e-11 0 0
2.5605e-08 0 3.82882e-11 0 0
2.56719e-08 0 3.43858e-11 0 0
2.57389e-08 0 3.08202e-11 0 0
2.58062e-08 0 2.757e-11 0 0
2.58736e-08 0 2.46139e-11 0 0
2.59412e-08 0 2.19315e-11 0 0
2.60089e-08 0 1.95029e-11 0 0
2.60768e-08 0 1.73091e-11 0 0
2.6145e-08 0 1.53317e-11 0 0
2.62132e-08 0 1.35535e-11 0 0
2.62817e-08 0 1.1958e-11 0 0
2.63504e-08 0 1.05294e-11 0 0
2.64192e-08 0 9.25329e-12 0 0
2.64882e-08 0 8.11579e-12 0 0
2.65574e-08 0 7.10409e-12 0 0
2.66267e-08 0 6.20626e-12 0 0
2.66963e-08 0 5.41121e-12 0 0
2.6766e-08 0 4.70872e-12 0 0
2.68359e-08 0 4.08935e-12 0 0
2.6906e-08 0 3.54445e-12 0 0
2.69763e-08 0 3.06611e-12 0 0
2.70468e-08 0 2.64709e-12 0 0
2.71174e-08 0 2.28084e-12 0 0
2.71882e-08 0 1.96138e-12 0 0
2.72592e-08 0 1.68335e-12 0 0
2.73304e-08 0 1.44188e-12 0 0
2.74018e-08 0 1.23262e-12 0 0
2.74734e-08 0 1.05165e-12 0 0
2.75452e-08 0 8.95478e-13 0 0
2.76171e-08 0 7.60998e-13 0 0
2.76892e-08 0 6.45439e-13 0 0
2.77616e-08 0 5.4635e-13 0 0
2.78341e-08 0 4.61562e-13 0 0
2.79068e-08 0 3.89163e-13 0 0
2.79797e-08 0 3.27474e-13 0 0
2.80527e-08 0 2.75021e-13 0 0
2.8126e-08 0 2.30515e-13 0 0
2.81995e-08 0 1.9283e-13 0 0
2.82731e-08 0 1.60988e-13 0 0
2.8347e-08 0 1.34139e-13 0 0
2.8421e-08 0 1.11548e-13 0 0
2.84952e-08 0 9.25786e-14 0 0
2.85697e-08 0 7.66837e-14 0 0
2.86443e-08 0 6.33926e-14 0 0
2.87191e-08 0 5.2302e-14 0 0
2.87941e-08 0 4.30666e-14 0 0
