2.22408e-09 0 7.51131e-18 0
2.5657e-09 0 5.31683e-18 0
2.95979e-09 0 5.55141e-18 0
3.41441e-09 0 6.19748e-18 0
3.93886e-09 0 7.57883e-18 0
4.54386e-09 0 9.56541e-18 0
5.24179e-09 0 1.16796e-17 0
6.04693e-09 0 1.4391e-17 0
6.97573e-09 0 1.67751e-17 0
8.0472e-09 0 2.05238e-17 0
9.28324e-09 0 2.56375e-17 0
1.07091e-08 0 3.33861e-17 0
1.2354e-08 0 4.07061e-17 0
1.42516e-08 0 4.77532e-17 0
1.64407e-08 0 5.67114e-17 0
1.89659e-08 0 6.904e-17 0
2.18791e-08 0 8.47324e-17 0
2.52397e-08 0 1.0595e-16 0
2.91165e-08 0 1.2966e-16 0
3.35887e-08 0 1.76409e-16 0
3.87479e-08 0 2.25547e-16 0
4.46996e-08 2.40012e-305 2.53709e-16 2.40012e-305
5.15654e-08 1.74725e-283 3.1833e-16 1.74725e-283
5.94858e-08 1.80546e-262 3.86936e-16 1.80546e-262
6.86227e-08 2.64806e-242 4.43971e-16 2.64806e-242
7.91631e-08 5.51286e-223 4.97673e-16 5.51286e-223
9.13225e-08 1.62905e-204 4.98048e-16 1.62905e-204
1.0535e-07 6.8328e-187 5.51517e-16 6.8328e-187
1.21531e-07 4.06792e-170 5.89445e-16 4.06792e-170
1.40198e-07 3.43759e-154 4.83922e-16 3.43759e-154
1.61733e-07 4.12329e-139 3.72634e-16 4.12329e-139
1.86575e-07 7.02009e-125 2.44016e-16 7.02009e-125
2.15232e-07 1.69648e-111 1.02341e-16 1.69648e-111
2.48292e-07 5.81922e-99 2.31823e-17 5.81922e-99
2.86429e-07 2.83327e-87 1.54059e-18 2.83327e-87
3.30424e-07 1.95803e-76 1.83155e-20 1.95803e-76
3.81177e-07 1.9207e-66 3.29851e-23 1.9207e-66
4.39726e-07 2.67429e-57 8.60842e-27 2.67429e-57
5.07267e-07 5.28524e-49 3.21508e-31 5.28524e-49
5.85183e-07 1.48262e-41 1.71169e-36 1.48262e-41
6.75066e-07 5.90341e-35 1.29732e-42 5.90341e-35
7.78756e-07 3.33645e-29 1.39905e-49 3.33645e-29
8.98372e-07 2.67654e-24 2.14627e-57 2.67654e-24
1.03636e-06 3.04771e-20 4.68315e-66 3.04771e-20
1.19555e-06 4.92596e-17 1.45325e-75 4.92596e-17
1.37918e-06 1.13053e-14 6.41284e-86 1.13053e-14
1.59102e-06 3.70401e-13 4.02364e-97 3.70401e-13
1.8354e-06 1.8786e-12 3.58924e-109 1.8786e-12
2.11732e-06 3.25256e-12 4.55154e-122 3.25256e-12
2.44253e-06 5.72384e-12 8.2043e-136 5.72384e-12
2.8177e-06 4.31591e-12 2.1019e-150 4.31591e-12
3.2505e-06 1.18581e-11 7.65295e-166 1.18581e-11
3.74977e-06 4.54926e-11 3.95962e-182 4.54926e-11
4.32574e-06 6.79566e-11 2.91104e-199 6.79566e-11
4.99016e-06 1.93972e-10 3.04073e-217 1.93972e-10
5.75665e-06 5.10711e-10 4.51241e-236 5.10711e-10
6.64087e-06 1.32186e-09 9.51284e-256 1.32186e-09
7.6609e-06 3.58624e-09 2.84874e-276 3.58624e-09
8.8376e-06 8.8485e-09 1.21174e-297 8.8485e-09
1.01951e-05 1.9839e-08 7.32106e-320 1.9839e-08
1.1761e-05 4.55661e-08 0 4.55661e-08
1.35675e-05 1.02985e-07 0 1.02985e-07
1.56514e-05 2.10283e-07 0 2.10283e-07
1.80555e-05 4.215e-07 0 4.215e-07
2.08288e-05 7.85682e-07 0 7.85682e-07
2.40281e-05 1.30985e-06 0 1.30985e-06
2.77187e-05 2.20631e-06 0 2.20631e-06
3.19763e-05 3.34889e-06 0 3.34889e-06
3.68879e-05 4.25727e-06 0 4.25727e-06
4.25538e-05 5.36188e-06 0 5.36188e-06
4.909e-05 7.18747e-06 0 7.18747e-06
5.66302e-05 9.0756e-06 0 9.0756e-06
6.53285e-05 1.14807e-05 0 1.14807e-05
7.5363e-05 1.41764e-05 0 1.41764e-05
8.69386e-05 1.66753e-05 0 1.66753e-05
0.000100292 2.08751e-05 0 2.08751e-05
0.000115697 2.70185e-05 0 2.70185e-05
0.000133468 3.38147e-05 0 3.38147e-05
0.000153969 4.23945e-05 0 4.23945e-05
0.000177618 5.09097e-05 0 5.09097e-05
0.0002049 6.03633e-05 0 6.03633e-05
0.000236373 7.23284e-05 0 7.23284e-05
0.000272679 8.84068e-05 0 8.84068e-05
0.000314562 0.000109749 0 0.000109749
0.000362879 0.000136322 0 0.000136322
0.000418617 0.000167693 0 0.000167693
0.000482916 0.000235565 0 0.000235565
0.000557091 0.000279492 0 0.000279492
0.00064266 0.000323291 0 0.000323291
0.000741372 0.000411102 0 0.000411102
0.000855246 0.000485843 0 0.000485843
0.000986611 0.000558399 0 0.000558399
0.00113815 0.000604864 0 0.000604864
0.00131297 0.000607534 0 0.000607534
0.00151464 0.000692656 0 0.000692656
0.00174729 0.000688921 0 0.000688921
0.00201567 0.00053629 0 0.00053629
0.00232528 0.000411199 0 0.000411199
0.00268244 0.000238582 0 0.000238582
0.00309446 8.63587e-05 0 8.63587e-05
