2.22408e-09 0 2.99075e-16 0
2.5038e-09 0 2.27396e-16 0
2.81869e-09 0 2.13695e-16 0
3.17319e-09 0 2.47722e-16 0
3.57228e-09 0 2.81891e-16 0
4.02155e-09 0 3.29003e-16 0
4.52733e-09 0 3.70965e-16 0
5.09672e-09 0 4.22335e-16 0
5.73772e-09 0 4.88252e-16 0
6.45934e-09 0 5.27528e-16 0
7.27172e-09 0 5.46658e-16 0
8.18626e-09 0 5.72111e-16 0
9.21582e-09 0 5.84076e-16 0
1.03749e-08 0 5.30551e-16 0
1.16797e-08 0 4.67687e-16 0
1.31486e-08 0 3.83304e-16 0
1.48023e-08 0 2.50934e-16 0
1.66639e-08 0 1.16941e-16 0
1.87597e-08 0 4.10502e-17 0
2.11191e-08 0 1.03276e-17 0
2.37751e-08 0 1.33595e-18 0
2.67653e-08 0 6.32165e-20 0
3.01315e-08 0 9.02829e-22 0
3.3921e-08 0 3.58327e-24 0
3.81872e-08 0 3.82141e-27 0
4.29899e-08 6.95625e-310 1.07933e-30 6.95625e-310
4.83966e-08 1.65891e-291 8.0202e-35 1.65891e-291
5.44833e-08 1.03383e-273 1.56283e-39 1.03383e-273
6.13355e-08 1.68364e-256 7.97294e-45 1.68364e-256
6.90495e-08 7.16525e-240 1.06399e-50 7.16525e-240
7.77337e-08 7.96875e-224 3.71253e-57 7.96875e-224
8.75101e-08 2.31594e-208 3.38617e-64 2.31594e-208
9.8516e-08 1.7589e-193 8.07226e-72 1.7589e-193
1.10906e-07 3.49088e-179 5.0292e-80 3.49088e-179
1.24854e-07 1.81053e-165 8.18847e-89 1.81053e-165
1.40557e-07 2.45389e-152 3.48414e-98 2.45389e-152
1.58235e-07 8.69126e-140 3.87412e-108 8.69126e-140
1.78135e-07 8.04429e-128 1.12573e-118 8.04429e-128
2.00539e-07 1.94568e-116 8.54815e-130 1.94568e-116
2.2576e-07 1.22979e-105 1.69625e-141 1.22979e-105
2.54153e-07 2.03129e-95 8.79605e-154 2.03129e-95
2.86117e-07 8.76775e-86 1.19196e-166 8.76775e-86
3.22102e-07 9.88971e-77 4.22102e-180 9.88971e-77
3.62612e-07 2.91512e-68 3.90615e-194 2.91512e-68
4.08216e-07 2.24547e-60 9.44623e-209 2.24547e-60
4.59557e-07 4.51999e-53 5.96962e-224 4.51999e-53
5.17354e-07 2.37763e-46 9.85854e-240 2.37763e-46
5.8242e-07 3.26836e-40 4.25458e-256 3.26836e-40
6.55669e-07 1.17407e-34 4.7982e-273 1.17407e-34
7.38131e-07 1.10213e-29 1.4141e-290 1.10213e-29
8.30964e-07 2.70367e-25 1.08907e-308 2.70367e-25
9.35472e-07 1.73321e-21 0 1.73321e-21
1.05312e-06 2.90354e-18 0 2.90354e-18
1.18557e-06 1.27114e-15 0 1.27114e-15
1.33468e-06 1.45453e-13 0 1.45453e-13
1.50254e-06 4.35713e-12 0 4.35713e-12
1.69151e-06 3.46544e-11 0 3.46544e-11
1.90424e-06 8.28398e-11 0 8.28398e-11
2.14374e-06 1.20996e-10 0 1.20996e-10
2.41335e-06 2.21796e-10 0 2.21796e-10
2.71687e-06 2.63195e-10 0 2.63195e-10
3.05856e-06 2.358e-10 0 2.358e-10
3.44323e-06 6.62799e-10 0 6.62799e-10
3.87627e-06 1.52147e-09 0 1.52147e-09
4.36378e-06 2.72415e-09 0 2.72415e-09
4.9126e-06 6.92409e-09 0 6.92409e-09
5.53045e-06 1.43954e-08 0 1.43954e-08
6.226e-06 3.27463e-08 0 3.27463e-08
7.00902e-06 7.95884e-08 0 7.95884e-08
7.89053e-06 1.78561e-07 0 1.78561e-07
8.8829e-06 3.52564e-07 0 3.52564e-07
1.00001e-05 6.64441e-07 0 6.64441e-07
1.12578e-05 1.2754e-06 0 1.2754e-06
1.26736e-05 2.52981e-06 0 2.52981e-06
1.42675e-05 4.93544e-06 0 4.93544e-06
1.60619e-05 8.98238e-06 0 8.98238e-06
1.8082e-05 1.64893e-05 0 1.64893e-05
2.03561e-05 2.86735e-05 0 2.86735e-05
2.29163e-05 4.48954e-05 0 4.48954e-05
2.57984e-05 6.87021e-05 0 6.87021e-05
2.9043e-05 0.00010185 0 0.00010185
3.26956e-05 0.000138231 0 0.000138231
3.68077e-05 0.000175974 0 0.000175974
4.14369e-05 0.000219992 0 0.000219992
4.66483e-05 0.000275994 0 0.000275994
5.25151e-05 0.000338027 0 0.000338027
5.91198e-05 0.000400713 0 0.000400713
6.65551e-05 0.000466853 0 0.000466853
7.49256e-05 0.000549555 0 0.000549555
8.43488e-05 0.00064014 0 0.00064014
9.49571e-05 0.000687698 0 0.000687698
0.0001069 0.000715979 0 0.000715979
0.000120344 0.000766022 0 0.000766022
0.000135479 0.000741351 0 0.000741351
0.000152518 0.00066349 0 0.00066349
0.0001717 0.000584654 0 0.000584654
0.000193294 0.000452329 0 0.000452329
0.000217604 0.00026481 0 0.00026481
0.000244972 0.000110238 0 0.000110238
0.000275781 3.73914e-05 0 3.73914e-05
