2.22408e-09 0 1.50234e-17 0
2.56862e-09 0 8.14885e-19 0
2.96654e-09 0 1.78928e-19 0
3.4261e-09 0 1.30966e-19 0
3.95685e-09 0 1.1346e-19 0
4.56983e-09 0 1.07944e-19 0
5.27776e-09 0 1.13066e-19 0
6.09536e-09 0 1.38098e-19 0
7.03962e-09 0 1.67822e-19 0
8.13017e-09 0 2.14552e-19 0
9.38965e-09 0 3.06652e-19 0
1.08442e-08 0 4.34508e-19 0
1.25242e-08 0 5.92938e-19 0
1.44643e-08 0 8.678e-19 0
1.67051e-08 0 1.3059e-18 0
1.92929e-08 0 2.04719e-18 0
2.22817e-08 0 3.33694e-18 0
2.57335e-08 0 5.59671e-18 0
2.972e-08 0 9.7932e-18 0
3.4324e-08 0 1.71488e-17 0
3.96413e-08 0 3.59617e-17 0
4.57823e-08 0 6.31035e-17 0
5.28747e-08 0 1.07156e-16 0
6.10657e-08 3.13648e-319 1.78519e-16 3.13648e-319
7.05257e-08 1.44857e-280 3.02011e-16 1.44857e-280
8.14512e-08 1.63659e-244 4.53902e-16 1.63659e-244
9.40691e-08 4.52321e-211 6.40598e-16 4.52321e-211
1.08642e-07 3.05815e-180 8.24558e-16 3.05815e-180
1.25472e-07 5.05798e-152 9.64105e-16 5.05798e-152
1.44909e-07 2.04645e-126 9.76762e-16 2.04645e-126
1.67358e-07 2.02549e-103 7.73904e-16 2.02549e-103
1.93284e-07 4.90416e-83 3.69606e-16 4.90416e-83
2.23227e-07 2.90473e-65 7.2346e-17 2.90473e-65
2.57808e-07 4.20873e-50 2.24118e-18 4.20873e-50
2.97746e-07 1.49178e-37 1.68652e-21 1.49178e-37
3.43871e-07 1.29348e-27 6.80294e-27 1.29348e-27
3.97142e-07 2.74362e-20 3.34522e-34 2.74362e-20
4.58665e-07 1.42362e-15 8.81361e-44 1.42362e-15
5.29719e-07 1.80704e-13 6.15293e-56 1.80704e-13
6.1178e-07 5.65172e-14 1.05643e-70 5.65172e-14
7.06554e-07 4.80347e-13 4.43881e-88 4.80347e-13
8.16009e-07 1.39597e-12 4.56261e-108 1.39597e-12
9.42421e-07 8.06136e-13 1.14727e-130 8.06136e-13
1.08842e-06 7.50858e-12 7.05711e-156 7.50858e-12
1.25703e-06 6.35356e-12 1.06192e-183 6.35356e-12
1.45176e-06 1.98043e-11 3.90897e-214 1.98043e-11
1.67666e-06 3.73364e-11 3.51997e-247 3.73364e-11
1.9364e-06 6.30855e-11 7.75392e-283 6.30855e-11
2.23637e-06 1.74238e-10 4.1798e-321 1.74238e-10
2.58282e-06 3.28276e-10 0 3.28276e-10
2.98294e-06 7.44575e-10 0 7.44575e-10
3.44504e-06 1.57969e-09 0 1.57969e-09
3.97872e-06 2.95325e-09 0 2.95325e-09
4.59509e-06 5.08515e-09 0 5.08515e-09
5.30693e-06 8.00246e-09 0 8.00246e-09
6.12905e-06 1.25892e-08 0 1.25892e-08
7.07853e-06 1.83622e-08 0 1.83622e-08
8.1751e-06 2.55966e-08 0 2.55966e-08
9.44154e-06 3.35174e-08 0 3.35174e-08
1.09042e-05 4.51265e-08 0 4.51265e-08
1.25934e-05 6.03509e-08 0 6.03509e-08
1.45443e-05 7.66374e-08 0 7.66374e-08
1.67974e-05 9.63683e-08 0 9.63683e-08
1.93996e-05 1.27814e-07 0 1.27814e-07
2.24049e-05 1.69611e-07 0 1.69611e-07
2.58757e-05 2.12255e-07 0 2.12255e-07
2.98842e-05 2.37988e-07 0 2.37988e-07
3.45137e-05 2.41166e-07 0 2.41166e-07
3.98604e-05 2.00234e-07 0 2.00234e-07
4.60354e-05 1.59278e-07 0 1.59278e-07
5.31669e-05 1.37216e-07 0 1.37216e-07
6.14032e-05 1.25062e-07 0 1.25062e-07
7.09155e-05 1.33562e-07 0 1.33562e-07
8.19013e-05 1.57262e-07 0 1.57262e-07
9.4589e-05 1.97762e-07 0 1.97762e-07
0.000109242 2.43349e-07 0 2.43349e-07
0.000126165 3.50966e-07 0 3.50966e-07
0.00014571 4.91045e-07 0 4.91045e-07
0.000168283 6.64605e-07 0 6.64605e-07
0.000194353 9.82053e-07 0 9.82053e-07
0.000224461 1.45509e-06 0 1.45509e-06
0.000259233 2.27808e-06 0 2.27808e-06
0.000299392 3.68604e-06 0 3.68604e-06
0.000345772 6.12828e-06 0 6.12828e-06
0.000399337 1.07445e-05 0 1.07445e-05
0.0004612 1.85995e-05 0 1.85995e-05
0.000532647 3.84839e-05 0 3.84839e-05
0.000615161 6.99288e-05 0 6.99288e-05
0.000710459 0.000117431 0 0.000117431
0.000820519 0.000197317 0 0.000197317
0.00094763 0.000333652 0 0.000333652
0.00109443 0.000512706 0 0.000512706
0.00126397 0.000730971 0 0.000730971
0.00145978 0.000951808 0 0.000951808
0.00168592 0.00113312 0 0.00113312
0.0019471 0.00117638 0 0.00117638
0.00224873 0.00098779 0 0.00098779
0.00259709 0.000510694 0 0.000510694
0.00299942 0.000124946 0 0.000124946
0.00346408 5.35018e-06 0 5.35018e-06
