2.22408e-09 0 5.69784e-15 0
2.46919e-09 0 1.16876e-15 0
2.7413e-09 0 1.00872e-17 0
3.04341e-09 0 3.66304e-21 0
3.37881e-09 0 5.59685e-26 0
3.75117e-09 0 3.59812e-32 0
4.16457e-09 0 9.73276e-40 0
4.62352e-09 0 1.10771e-48 0
5.13306e-09 0 5.30451e-59 0
5.69875e-09 0 1.06879e-70 0
6.32678e-09 0 9.06088e-84 0
7.02402e-09 0 3.23204e-98 0
7.7981e-09 0 4.8508e-114 0
8.65749e-09 0 3.06322e-131 0
9.61159e-09 0 8.13903e-150 0
1.06708e-08 0 9.09905e-170 0
1.18468e-08 0 4.28005e-191 0
1.31524e-08 0 8.47092e-214 0
1.46019e-08 0 7.0541e-238 0
1.62111e-08 0 2.47162e-263 0
1.79976e-08 0 3.64378e-290 0
1.9981e-08 0 1.94275e-318 0
2.2183e-08 0 0 0
2.46277e-08 0 0 0
2.73418e-08 0 0 0
3.0355e-08 0 0 0
3.37003e-08 0 0 0
3.74142e-08 0 0 0
4.15375e-08 0 0 0
4.61151e-08 0 0 0
5.11972e-08 0 0 0
5.68394e-08 0 0 0
6.31034e-08 4.45616e-310 0 4.45616e-310
7.00577e-08 3.48527e-282 0 3.48527e-282
7.77785e-08 1.14694e-255 0 1.14694e-255
8.635e-08 1.5881e-230 0 1.5881e-230
9.58663e-08 9.25212e-207 0 9.25212e-207
1.06431e-07 2.26795e-184 0 2.26795e-184
1.1816e-07 2.33914e-163 0 2.33914e-163
1.31182e-07 1.0151e-143 0 1.0151e-143
1.45639e-07 1.85349e-125 0 1.85349e-125
1.61689e-07 1.42396e-108 0 1.42396e-108
1.79508e-07 4.60297e-93 0 4.60297e-93
1.99291e-07 6.26047e-79 0 6.26047e-79
2.21254e-07 3.58265e-66 0 3.58265e-66
2.45637e-07 8.62643e-55 0 8.62643e-55
2.72708e-07 8.73951e-45 0 8.73951e-45
3.02762e-07 3.7254e-36 0 3.7254e-36
3.36128e-07 6.6817e-29 0 6.6817e-29
3.73171e-07 5.04232e-23 0 5.04232e-23
4.14296e-07 1.60105e-18 0 1.60105e-18
4.59953e-07 2.13897e-15 0 2.13897e-15
5.10643e-07 1.20237e-13 0 1.20237e-13
5.66918e-07 2.8438e-13 0 2.8438e-13
6.29395e-07 3.18768e-14 0 3.18768e-14
6.98758e-07 4.67389e-13 0 4.67389e-13
7.75764e-07 2.57456e-12 0 2.57456e-12
8.61257e-07 6.27623e-13 0 6.27623e-13
9.56172e-07 1.91131e-12 0 1.91131e-12
1.06155e-06 9.91053e-12 0 9.91053e-12
1.17854e-06 1.23413e-11 0 1.23413e-11
1.30842e-06 1.02353e-11 0 1.02353e-11
1.45261e-06 3.19155e-11 0 3.19155e-11
1.61269e-06 6.09648e-11 0 6.09648e-11
1.79042e-06 9.87536e-11 0 9.87536e-11
1.98774e-06 1.49951e-10 0 1.49951e-10
2.20679e-06 3.54406e-10 0 3.54406e-10
2.44999e-06 6.97383e-10 0 6.97383e-10
2.72e-06 1.29059e-09 0 1.29059e-09
3.01975e-06 2.76107e-09 0 2.76107e-09
3.35254e-06 5.45861e-09 0 5.45861e-09
3.72201e-06 1.003e-08 0 1.003e-08
4.1322e-06 1.87848e-08 0 1.87848e-08
4.58759e-06 3.70887e-08 0 3.70887e-08
5.09316e-06 6.92683e-08 0 6.92683e-08
5.65445e-06 1.31846e-07 0 1.31846e-07
6.2776e-06 2.38862e-07 0 2.38862e-07
6.96943e-06 4.5045e-07 0 4.5045e-07
7.73749e-06 8.2473e-07 0 8.2473e-07
8.5902e-06 1.52441e-06 0 1.52441e-06
9.53689e-06 2.75785e-06 0 2.75785e-06
1.05879e-05 5.20018e-06 0 5.20018e-06
1.17547e-05 9.75804e-06 0 9.75804e-06
1.30502e-05 1.78884e-05 0 1.78884e-05
1.44884e-05 3.24069e-05 0 3.24069e-05
1.60851e-05 5.84629e-05 0 5.84629e-05
1.78577e-05 0.000102387 0 0.000102387
1.98257e-05 0.000178143 0 0.000178143
2.20106e-05 0.000300893 0 0.000300893
2.44363e-05 0.000489467 0 0.000489467
2.71293e-05 0.000745915 0 0.000745915
3.01191e-05 0.00106053 0 0.00106053
3.34384e-05 0.00138326 0 0.00138326
3.71234e-05 0.00155386 0 0.00155386
4.12146e-05 0.00148699 0 0.00148699
4.57567e-05 0.00113341 0 0.00113341
5.07993e-05 0.000660406 0 0.000660406
5.63976e-05 0.000258457 0 0.000258457
6.2613e-05 6.33485e-05 0 6.33485e-05
6.95132e-05 9.18331e-06 0 9.18331e-06
