2.22408e-09 0 2.51374e-17 0
2.55963e-09 0 1.83829e-18 0
2.94579e-09 0 1.21495e-18 0
3.39022e-09 0 1.14357e-18 0
3.9017e-09 0 1.23219e-18 0
4.49035e-09 0 1.44504e-18 0
5.16781e-09 0 1.74951e-18 0
5.94747e-09 0 2.19942e-18 0
6.84476e-09 0 2.94959e-18 0
7.87742e-09 0 3.79213e-18 0
9.06588e-09 0 5.30012e-18 0
1.04336e-08 0 7.72219e-18 0
1.20078e-08 0 1.06779e-17 0
1.38194e-08 0 1.54051e-17 0
1.59043e-08 0 2.18878e-17 0
1.83037e-08 0 3.13922e-17 0
2.10652e-08 0 4.66065e-17 0
2.42433e-08 0 7.02899e-17 0
2.79009e-08 0 1.02152e-16 0
3.21103e-08 0 1.53657e-16 0
3.69547e-08 0 2.35479e-16 0
4.253e-08 0 3.40725e-16 0
4.89465e-08 0 4.65972e-16 0
5.6331e-08 0 6.00691e-16 0
6.48297e-08 7.64442e-303 7.44805e-16 7.64442e-303
7.46104e-08 3.79135e-266 8.37503e-16 3.79135e-266
8.58669e-08 6.14395e-232 8.23295e-16 6.14395e-232
9.88215e-08 3.25315e-200 6.81116e-16 3.25315e-200
1.13731e-07 5.62814e-171 4.5062e-16 5.62814e-171
1.30889e-07 3.18148e-144 2.09299e-16 3.18148e-144
1.50636e-07 5.87619e-120 6.42439e-17 5.87619e-120
1.73363e-07 3.54623e-98 5.88439e-18 3.54623e-98
1.99518e-07 6.99264e-79 4.12579e-19 6.99264e-79
2.29619e-07 4.50525e-62 2.22355e-22 4.50525e-62
2.64261e-07 9.48419e-48 3.94692e-28 9.48419e-48
3.0413e-07 6.52357e-36 2.28934e-36 6.52357e-36
3.50014e-07 1.46613e-26 4.33878e-47 1.46613e-26
4.0282e-07 1.07663e-19 2.68677e-60 1.07663e-19
4.63593e-07 2.58321e-15 5.43623e-76 2.58321e-15
5.33535e-07 2.02516e-13 3.59392e-94 2.02516e-13
6.14029e-07 5.2423e-14 7.76325e-115 5.2423e-14
7.06667e-07 5.04161e-13 5.47926e-138 5.04161e-13
8.13282e-07 1.52336e-12 1.26358e-163 1.52336e-12
9.35981e-07 6.97042e-13 9.52114e-192 6.97042e-13
1.07719e-06 7.55123e-12 2.34411e-222 7.55123e-12
1.23971e-06 7.00428e-12 1.88569e-255 7.00428e-12
1.42674e-06 1.72625e-11 4.9564e-291 1.72625e-11
1.64199e-06 3.84578e-11 0 3.84578e-11
1.88972e-06 6.56484e-11 0 6.56484e-11
2.17482e-06 1.56477e-10 0 1.56477e-10
2.50293e-06 3.34383e-10 0 3.34383e-10
2.88055e-06 7.04703e-10 0 7.04703e-10
3.31513e-06 1.57054e-09 0 1.57054e-09
3.81528e-06 3.01059e-09 0 3.01059e-09
4.39089e-06 5.41103e-09 0 5.41103e-09
5.05334e-06 9.15721e-09 0 9.15721e-09
5.81573e-06 1.50004e-08 0 1.50004e-08
6.69315e-06 2.26974e-08 0 2.26974e-08
7.70294e-06 3.37843e-08 0 3.37843e-08
8.86508e-06 4.8367e-08 0 4.8367e-08
1.02025e-05 6.81987e-08 0 6.81987e-08
1.17418e-05 9.88294e-08 0 9.88294e-08
1.35133e-05 1.44887e-07 0 1.44887e-07
1.5552e-05 1.96405e-07 0 1.96405e-07
1.78983e-05 2.85992e-07 0 2.85992e-07
2.05986e-05 4.34472e-07 0 4.34472e-07
2.37063e-05 6.70538e-07 0 6.70538e-07
2.72829e-05 9.46344e-07 0 9.46344e-07
3.1399e-05 1.24592e-06 0 1.24592e-06
3.61362e-05 1.42227e-06 0 1.42227e-06
4.1588e-05 1.42898e-06 0 1.42898e-06
4.78623e-05 1.42314e-06 0 1.42314e-06
5.50833e-05 1.56091e-06 0 1.56091e-06
6.33937e-05 1.77233e-06 0 1.77233e-06
7.29578e-05 2.21249e-06 0 2.21249e-06
8.39649e-05 2.78348e-06 0 2.78348e-06
9.66326e-05 3.73043e-06 0 3.73043e-06
0.000111212 4.75514e-06 0 4.75514e-06
0.00012799 6.96491e-06 0 6.96491e-06
0.0001473 9.74262e-06 0 9.74262e-06
0.000169523 1.3605e-05 0 1.3605e-05
0.000195098 1.97413e-05 0 1.97413e-05
0.000224533 2.80101e-05 0 2.80101e-05
0.000258408 4.05709e-05 0 4.05709e-05
0.000297394 5.99838e-05 0 5.99838e-05
0.000342261 9.04655e-05 0 9.04655e-05
0.000393898 0.000131012 0 0.000131012
0.000453325 0.0001987 0 0.0001987
0.000521717 0.000305925 0 0.000305925
0.000600429 0.000430073 0 0.000430073
0.000691015 0.000590466 0 0.000590466
0.000795268 0.000746834 0 0.000746834
0.000915249 0.000917555 0 0.000917555
0.00105333 0.00101304 0 0.00101304
0.00121225 0.000959206 0 0.000959206
0.00139514 0.000774809 0 0.000774809
0.00160562 0.000476537 0 0.000476537
0.00184786 0.000209472 0 0.000209472
0.00212665 5.41302e-05 0 5.41302e-05
0.00244749 4.86408e-06 0 4.86408e-06
