# Initial particle size distribution
# Case: radius_log_normal
# Column 1: Radius (μm)
# Column 2: Number concentration (cm^-3)
#
2.473353e-03  2.415921e-05
3.042060e-03  3.382290e-05
3.741533e-03  1.111324e-04
4.601838e-03  3.913793e-04
5.659956e-03  8.890591e-04
6.961372e-03  1.966560e-03
8.562026e-03  4.493614e-03
1.053073e-02  8.943741e-03
1.295210e-02  1.517199e-02
1.593022e-02  2.447812e-02
1.959312e-02  3.590059e-02
2.409824e-02  4.942009e-02
2.963924e-02  6.295891e-02
3.645430e-02  7.281587e-02
4.483638e-02  7.407215e-02
5.514578e-02  7.270957e-02
6.782566e-02  6.408956e-02
8.342108e-02  5.082132e-02
1.026024e-01  3.677516e-02
1.261942e-01  2.510626e-02
1.552105e-01  1.552954e-02
1.908986e-01  8.755299e-03
2.347927e-01  4.329331e-03
2.887795e-01  2.077692e-03
3.551796e-01  8.987228e-04
4.368474e-01  4.252022e-04
5.372934e-01  9.663686e-05
6.608354e-01  1.449553e-05
8.127838e-01  1.449553e-05
