2.47335e-09 0 2.17692e-27 0 0
2.6348e-09 0 3.61661e-27 0 0
2.80679e-09 0 4.70899e-27 0 0
2.99e-09 0 5.25389e-27 0 0
3.18518e-09 0 6.94719e-27 0 0
3.39309e-09 0 1.3457e-26 0 0
3.61457e-09 0 2.71214e-26 0 0
3.85052e-09 0 4.94469e-26 0 0
4.10186e-09 0 7.23363e-26 0 0
4.36961e-09 0 1.16856e-25 0 0
4.65484e-09 0 2.23834e-25 0 0
4.95868e-09 0 4.06063e-25 0 0
5.28236e-09 0 6.5468e-25 0 0
5.62717e-09 0 9.79404e-25 0 0
5.99449e-09 0 1.49668e-24 0 0
6.38578e-09 0 2.34314e-24 0 0
6.80261e-09 0 3.59591e-24 0 0
7.24666e-09 0 5.49848e-24 0 0
7.71968e-09 0 8.56336e-24 0 0
8.22359e-09 0 1.34451e-23 0 0
8.76039e-09 0 2.08857e-23 0 0
9.33222e-09 0 3.26935e-23 0 0
9.94139e-09 0 5.00067e-23 0 0
1.05903e-08 0 7.36363e-23 0 0
1.12816e-08 0 1.10181e-22 0 0
1.2018e-08 0 1.62e-22 0 0
1.28025e-08 0 2.30635e-22 0 0
1.36382e-08 0 3.2226e-22 0 0
1.45284e-08 0 4.49219e-22 0 0
1.54768e-08 0 6.3287e-22 0 0
1.6487e-08 0 8.93383e-22 0 0
1.75632e-08 0 1.2382e-21 0 0
1.87096e-08 0 1.69293e-21 0 0
1.99309e-08 0 2.30552e-21 0 0
2.12319e-08 0 3.11238e-21 0 0
2.26178e-08 0 4.16971e-21 0 0
2.40942e-08 0 5.56976e-21 0 0
2.5667e-08 0 7.38122e-21 0 0
2.73424e-08 0 9.71968e-21 0 0
2.91272e-08 0 1.27404e-20 0 0
3.10285e-08 0 1.65845e-20 0 0
3.30539e-08 0 2.13356e-20 0 0
3.52115e-08 0 2.72337e-20 0 0
3.75099e-08 0 3.44655e-20 0 0
3.99584e-08 0 4.29156e-20 0 0
4.25667e-08 0 5.24095e-20 0 0
4.53452e-08 0 6.37026e-20 0 0
4.83051e-08 0 7.74229e-20 0 0
5.14583e-08 0 9.34816e-20 0 0
5.48172e-08 0 1.12648e-19 0 0
5.83954e-08 0 1.35314e-19 0 0
6.22072e-08 0 1.59764e-19 0 0
6.62678e-08 0 1.85867e-19 0 0
7.05935e-08 0 2.15027e-19 0 0
7.52015e-08 0 2.4825e-19 0 0
8.01103e-08 0 2.83841e-19 0 0
8.53395e-08 0 3.17615e-19 0 0
9.09101e-08 0 3.5468e-19 0 0
9.68443e-08 0 3.97944e-19 0 0
1.03166e-07 0 4.36706e-19 0 0
1.099e-07 0 4.71276e-19 0 0
1.17074e-07 0 5.13726e-19 0 0
1.24716e-07 0 5.57657e-19 0 0
1.32857e-07 0 5.91694e-19 0 0
1.41529e-07 0 6.20822e-19 0 0
1.50767e-07 0 6.58523e-19 0 0
1.60609e-07 0 6.89213e-19 0 0
1.71092e-07 0 7.09215e-19 0 0
1.8226e-07 0 7.29001e-19 0 0
1.94158e-07 0 7.44582e-19 0 0
2.06831e-07 0 7.46862e-19 0 0
2.20332e-07 0 7.29962e-19 0 0
2.34714e-07 0 7.04821e-19 0 0
2.50036e-07 0 6.82252e-19 0 0
2.66357e-07 0 6.7585e-19 0 0
2.83743e-07 0 6.70803e-19 0 0
3.02265e-07 0 6.50872e-19 0 0
3.21995e-07 0 6.01486e-19 0 0
3.43013e-07 0 5.32812e-19 0 0
3.65404e-07 0 5.00476e-19 0 0
3.89255e-07 0 4.99312e-19 0 0
4.14664e-07 0 4.83017e-19 0 0
4.41732e-07 0 4.44912e-19 0 0
4.70566e-07 0 4.23897e-19 0 0
5.01282e-07 0 3.8346e-19 0 0
5.34003e-07 0 2.87489e-19 0 0
5.68861e-07 0 2.10733e-19 0 0
6.05993e-07 0 2.11101e-19 0 0
6.4555e-07 0 1.73387e-19 0 0
6.87688e-07 0 1.02789e-19 0 0
7.32577e-07 0 7.64948e-20 0 0
7.80396e-07 0 8.29899e-20 0 0
8.31337e-07 0 1.12609e-19 0 0
8.85603e-07 0 8.5702e-20 0 0
9.43411e-07 0 5.77087e-20 0 0
1.00499e-06 0 6.31188e-20 0 0
1.07059e-06 0 3.12661e-20 0 0
1.14048e-06 0 4.97864e-21 0 0
1.21492e-06 0 2.49091e-22 0 0
1.29423e-06 0 3.91075e-24 0 0
