# Initial particle size distribution
# Case: radius_lognormal_autorange_sampled
# Column 1: Radius (μm)
# Column 2: Number concentration (cm^-3)
#
1.010026e-03  3.688714e+02
1.402694e-03  3.906372e+03
1.948020e-03  3.455696e+04
2.705353e-03  2.525479e+05
3.757115e-03  1.370880e+06
5.217771e-03  6.339801e+06
7.246287e-03  2.389531e+07
1.006343e-02  6.963054e+07
1.397580e-02  1.625253e+08
1.940918e-02  3.082505e+08
2.695489e-02  4.604732e+08
3.743416e-02  5.461516e+08
5.198747e-02  5.480042e+08
7.219866e-02  4.328931e+08
1.002674e-01  2.708296e+08
1.392484e-01  1.363045e+08
1.933841e-01  5.460945e+07
2.685661e-01  1.756743e+07
3.729767e-01  4.619516e+06
5.179791e-01  9.529399e+05
7.193542e-01  1.592089e+05
9.990180e-01  2.073789e+04
1.387407e+00  2.283953e+03
1.926790e+00  1.997762e+02
2.675869e+00  1.327841e+01
3.716168e+00  7.125199e-01
5.160905e+00  3.929433e-02
7.167314e+00  1.055055e-02
9.953755e+00  6.759660e-04
