1.01003e-09 0 6.5336e-22 0 0
1.11493e-09 0 2.58182e-21 0 0
1.23072e-09 0 7.51906e-21 0 0
1.35854e-09 0 2.16562e-20 0 0
1.49964e-09 0 5.92868e-20 0 0
1.65539e-09 0 1.60356e-19 0 0
1.82732e-09 0 4.16956e-19 0 0
2.0171e-09 0 1.0872e-18 0 0
2.22659e-09 0 2.8161e-18 0 0
2.45784e-09 0 7.13113e-18 0 0
2.71311e-09 0 1.75671e-17 0 0
2.99489e-09 0 4.28069e-17 0 0
3.30594e-09 0 1.01707e-16 0 0
3.64929e-09 0 2.26804e-16 0 0
4.0283e-09 0 5.10424e-16 0 0
4.44667e-09 0 1.12952e-15 0 0
4.9085e-09 0 2.44354e-15 0 0
5.41829e-09 0 5.1503e-15 0 0
5.98103e-09 0 1.11601e-14 0 0
6.60221e-09 0 2.31146e-14 0 0
7.28791e-09 0 4.67523e-14 0 0
8.04482e-09 0 9.44468e-14 0 0
8.88034e-09 0 1.79821e-13 0 0
9.80265e-09 0 3.2821e-13 0 0
1.08207e-08 0 6.13367e-13 0 0
1.19446e-08 0 1.1277e-12 0 0
1.31851e-08 0 2.02728e-12 0 0
1.45545e-08 0 3.49493e-12 0 0
1.60661e-08 0 5.96865e-12 0 0
1.77347e-08 0 1.00581e-11 0 0
1.95766e-08 0 1.65471e-11 0 0
2.16098e-08 0 2.66859e-11 0 0
2.38542e-08 0 4.19613e-11 0 0
2.63317e-08 0 6.26442e-11 0 0
2.90665e-08 0 9.54648e-11 0 0
3.20853e-08 0 1.45229e-10 0 0
3.54176e-08 0 2.09581e-10 0 0
3.9096e-08 0 2.90967e-10 0 0
4.31565e-08 0 4.07859e-10 0 0
4.76387e-08 0 5.54348e-10 0 0
5.25864e-08 0 7.45872e-10 0 0
5.80479e-08 0 1.02026e-09 0 0
6.40767e-08 0 1.33444e-09 0 0
7.07316e-08 0 1.66068e-09 0 0
7.80777e-08 0 2.05336e-09 0 0
8.61868e-08 0 2.48403e-09 0 0
9.51381e-08 0 2.95343e-09 0 0
1.05019e-07 0 3.43853e-09 0 0
1.15926e-07 0 3.91161e-09 0 0
1.27966e-07 0 4.46506e-09 0 0
1.41256e-07 0 4.88617e-09 0 0
1.55927e-07 0 5.26864e-09 0 0
1.72122e-07 0 5.49394e-09 0 0
1.89998e-07 0 5.57783e-09 0 0
2.09731e-07 0 5.70422e-09 0 0
2.31513e-07 0 5.56917e-09 0 0
2.55558e-07 0 5.44376e-09 0 0
2.821e-07 0 5.18291e-09 0 0
3.11398e-07 0 4.83892e-09 0 0
3.4374e-07 0 4.46142e-09 0 0
3.7944e-07 0 4.01331e-09 0 0
4.18849e-07 0 3.4926e-09 0 0
4.6235e-07 0 3.09068e-09 0 0
5.10369e-07 0 2.65718e-09 0 0
5.63375e-07 0 2.11245e-09 0 0
6.21886e-07 0 1.72431e-09 0 0
6.86475e-07 0 1.35253e-09 0 0
7.57771e-07 0 1.03948e-09 0 0
8.36472e-07 0 8.02784e-10 0 0
9.23347e-07 0 6.10651e-10 0 0
1.01925e-06 0 4.37307e-10 0 0
1.1251e-06 0 3.07909e-10 0 0
1.24195e-06 0 2.17464e-10 0 0
1.37094e-06 0 1.53224e-10 0 0
1.51333e-06 0 1.02999e-10 0 0
1.6705e-06 0 6.57424e-11 0 0
1.844e-06 0 4.3191e-11 0 0
2.03551e-06 0 2.87089e-11 0 0
2.24692e-06 0 1.78289e-11 0 0
2.48028e-06 0 1.06366e-11 0 0
2.73788e-06 0 6.28977e-12 0 0
3.02223e-06 0 3.7197e-12 0 0
3.33611e-06 0 2.18409e-12 0 0
3.6826e-06 0 1.18166e-12 0 0
4.06507e-06 0 6.4032e-13 0 0
4.48726e-06 0 3.63162e-13 0 0
4.9533e-06 0 2.00552e-13 0 0
5.46775e-06 0 1.09907e-13 0 0
6.03562e-06 0 6.3958e-14 0 0
6.66247e-06 0 4.56342e-14 0 0
7.35443e-06 0 5.27306e-14 0 0
8.11825e-06 0 6.24404e-14 0 0
8.9614e-06 0 5.17658e-14 0 0
9.89212e-06 0 2.81726e-14 0 0
1.09195e-05 0 1.23595e-14 0 0
1.20536e-05 0 5.36312e-15 0 0
1.33055e-05 0 2.49889e-15 0 0
1.46874e-05 0 6.29558e-16 0 0
1.62128e-05 0 1.94192e-17 0 0
1.78966e-05 0 4.4023e-20 0 0
