# Initial particle size distribution
# Case: radius_log_normal
# Column 1: Radius (μm)
# Column 2: Number concentration (cm^-3)
#
2.165348e-03  9.737266e-06
2.659073e-03  3.408043e-05
3.265374e-03  8.763539e-05
4.009917e-03  1.898767e-04
4.924226e-03  4.040965e-04
6.047008e-03  1.085705e-03
7.425797e-03  2.575507e-03
9.118967e-03  5.277598e-03
1.119820e-02  1.018518e-02
1.375152e-02  1.696719e-02
1.688703e-02  2.741040e-02
2.073747e-02  4.044860e-02
2.546586e-02  5.439237e-02
3.127238e-02  6.606248e-02
3.840285e-02  7.309279e-02
4.715916e-02  7.625253e-02
5.791201e-02  6.994765e-02
7.111663e-02  6.092120e-02
8.733206e-02  4.738640e-02
1.072448e-01  3.468414e-02
1.316979e-01  2.249795e-02
1.617266e-01  1.340821e-02
1.986021e-01  7.614542e-03
2.438858e-01  3.865694e-03
2.994946e-01  2.078906e-03
3.677830e-01  7.887185e-04
4.516418e-01  3.359357e-04
5.546215e-01  9.737266e-05
6.810818e-01  3.408043e-05
