1.36634e-09 0 1.57685e-28 0 0
1.46411e-09 0 8.78668e-29 0 0
1.56888e-09 0 1.13285e-28 0 0
1.68115e-09 0 2.95828e-28 0 0
1.80145e-09 0 2.11474e-28 0 0
1.93036e-09 0 3.89807e-29 0 0
2.06849e-09 0 4.16181e-29 0 0
2.21651e-09 0 3.65682e-28 0 0
2.37512e-09 0 8.39904e-28 0 0
2.54508e-09 0 5.49394e-28 0 0
2.7272e-09 0 1.15132e-27 0 0
2.92236e-09 0 5.12997e-27 0 0
3.13148e-09 0 8.87219e-27 0 0
3.35556e-09 0 1.33622e-26 0 0
3.59568e-09 0 2.12947e-26 0 0
3.85298e-09 0 2.26354e-26 0 0
4.1287e-09 0 4.17193e-26 0 0
4.42414e-09 0 1.17674e-25 0 0
4.74073e-09 0 2.60884e-25 0 0
5.07997e-09 0 5.0331e-25 0 0
5.44348e-09 0 8.42726e-25 0 0
5.83301e-09 0 1.30308e-24 0 0
6.25041e-09 0 2.09788e-24 0 0
6.69769e-09 0 3.77533e-24 0 0
7.17696e-09 0 6.33717e-24 0 0
7.69054e-09 0 9.69131e-24 0 0
8.24086e-09 0 1.49016e-23 0 0
8.83057e-09 0 2.35241e-23 0 0
9.46247e-09 0 3.6579e-23 0 0
1.01396e-08 0 5.63808e-23 0 0
1.08652e-08 0 8.60704e-23 0 0
1.16427e-08 0 1.24475e-22 0 0
1.24758e-08 0 1.82242e-22 0 0
1.33685e-08 0 2.81199e-22 0 0
1.43252e-08 0 4.19887e-22 0 0
1.53503e-08 0 6.11746e-22 0 0
1.64487e-08 0 8.90743e-22 0 0
1.76258e-08 0 1.26318e-21 0 0
1.8887e-08 0 1.78661e-21 0 0
2.02386e-08 0 2.52921e-21 0 0
2.16868e-08 0 3.52775e-21 0 0
2.32387e-08 0 4.81153e-21 0 0
2.49016e-08 0 6.51257e-21 0 0
2.66836e-08 0 8.88942e-21 0 0
2.8593e-08 0 1.19281e-20 0 0
3.06391e-08 0 1.58162e-20 0 0
3.28316e-08 0 2.06048e-20 0 0
3.51809e-08 0 2.66016e-20 0 0
3.76984e-08 0 3.44093e-20 0 0
4.03961e-08 0 4.37502e-20 0 0
4.32868e-08 0 5.50354e-20 0 0
4.63843e-08 0 6.86538e-20 0 0
4.97035e-08 0 8.50246e-20 0 0
5.32602e-08 0 1.04306e-19 0 0
5.70715e-08 0 1.26063e-19 0 0
6.11554e-08 0 1.50494e-19 0 0
6.55316e-08 0 1.78154e-19 0 0
7.0221e-08 0 2.09695e-19 0 0
7.52459e-08 0 2.45997e-19 0 0
8.06304e-08 0 2.85696e-19 0 0
8.64002e-08 0 3.28442e-19 0 0
9.25829e-08 0 3.73449e-19 0 0
9.9208e-08 0 4.1735e-19 0 0
1.06307e-07 0 4.60429e-19 0 0
1.13914e-07 0 5.03045e-19 0 0
1.22066e-07 0 5.42081e-19 0 0
1.30801e-07 0 5.84315e-19 0 0
1.40161e-07 0 6.28698e-19 0 0
1.5019e-07 0 6.55605e-19 0 0
1.60938e-07 0 6.75803e-19 0 0
1.72454e-07 0 7.01734e-19 0 0
1.84795e-07 0 7.21496e-19 0 0
1.98019e-07 0 7.2361e-19 0 0
2.12189e-07 0 7.16196e-19 0 0
2.27373e-07 0 7.25967e-19 0 0
2.43643e-07 0 7.4303e-19 0 0
2.61078e-07 0 7.13642e-19 0 0
2.7976e-07 0 6.70839e-19 0 0
2.99779e-07 0 6.40251e-19 0 0
3.21231e-07 0 6.31988e-19 0 0
3.44218e-07 0 5.901e-19 0 0
3.6885e-07 0 5.16721e-19 0 0
3.95244e-07 0 4.66621e-19 0 0
4.23528e-07 0 4.37772e-19 0 0
4.53835e-07 0 3.95741e-19 0 0
4.8631e-07 0 3.79346e-19 0 0
5.2111e-07 0 3.42136e-19 0 0
5.584e-07 0 2.86576e-19 0 0
5.98358e-07 0 2.30624e-19 0 0
6.41176e-07 0 1.74006e-19 0 0
6.87058e-07 0 1.36184e-19 0 0
7.36223e-07 0 1.1603e-19 0 0
7.88906e-07 0 9.48925e-20 0 0
8.45359e-07 0 8.09648e-20 0 0
9.05852e-07 0 8.75102e-20 0 0
9.70673e-07 0 1.18368e-19 0 0
1.04013e-06 0 6.58903e-20 0 0
1.11456e-06 0 1.01462e-20 0 0
1.19432e-06 0 4.1099e-22 0 0
1.27978e-06 0 4.31904e-24 0 0
