2.22408e-09 0 1.71444e-19 0
2.56882e-09 0 2.13714e-20 0
2.967e-09 0 3.48919e-20 0
3.4269e-09 0 3.4757e-20 0
3.95808e-09 0 4.29067e-20 0
4.5716e-09 0 6.15348e-20 0
5.28022e-09 0 8.36408e-20 0
6.09867e-09 0 1.14519e-19 0
7.04399e-09 0 1.47253e-19 0
8.13584e-09 0 2.06177e-19 0
9.39692e-09 0 2.99424e-19 0
1.08535e-08 0 4.18099e-19 0
1.25358e-08 0 5.56235e-19 0
1.44789e-08 0 7.98344e-19 0
1.67232e-08 0 1.24444e-18 0
1.93154e-08 0 1.83483e-18 0
2.23093e-08 0 2.93525e-18 0
2.57674e-08 0 4.92896e-18 0
2.97614e-08 0 8.75547e-18 0
3.43746e-08 0 1.72428e-17 0
3.97028e-08 0 3.28234e-17 0
4.58569e-08 0 6.09617e-17 0
5.29649e-08 0 1.1195e-16 0
6.11746e-08 0 1.86739e-16 0
7.0657e-08 0 2.93779e-16 0
8.16091e-08 2.783e-303 4.34516e-16 2.783e-303
9.42588e-08 6.90506e-266 6.13035e-16 6.90506e-266
1.08869e-07 4.16406e-231 8.24596e-16 4.16406e-231
1.25745e-07 6.10325e-199 9.4922e-16 6.10325e-199
1.45235e-07 2.17421e-169 9.86096e-16 2.17421e-169
1.67748e-07 1.8825e-142 8.11328e-16 1.8825e-142
1.93749e-07 3.96155e-118 3.8011e-16 3.96155e-118
2.23781e-07 2.02624e-96 8.66515e-17 2.02624e-96
2.58468e-07 2.51889e-77 7.55096e-18 2.51889e-77
2.98532e-07 7.61071e-61 2.35413e-20 7.61071e-61
3.44805e-07 5.58901e-47 3.28307e-25 5.58901e-47
3.98251e-07 9.97563e-36 1.39687e-32 9.97563e-36
4.59982e-07 4.32754e-27 1.63163e-42 4.32754e-27
5.31281e-07 4.56334e-21 5.16194e-55 4.56334e-21
6.13632e-07 1.18554e-17 4.64123e-70 1.18554e-17
7.08747e-07 2.03711e-16 1.26857e-87 2.03711e-16
8.18606e-07 5.41852e-16 1.0613e-107 5.41852e-16
9.45493e-07 1.36089e-15 2.53367e-130 1.36089e-15
1.09205e-06 3.22892e-16 1.59662e-155 3.22892e-16
1.26132e-06 1.76245e-15 2.53468e-183 1.76245e-15
1.45683e-06 3.06455e-15 9.9234e-214 3.06455e-15
1.68264e-06 3.69292e-15 9.49795e-247 3.69292e-15
1.94346e-06 3.45865e-14 2.21479e-282 3.45865e-14
2.24471e-06 4.83922e-14 1.25641e-320 4.83922e-14
2.59264e-06 1.43424e-13 0 1.43424e-13
2.99452e-06 4.08276e-13 0 4.08276e-13
3.45868e-06 4.92556e-13 0 4.92556e-13
3.99479e-06 1.27091e-12 0 1.27091e-12
4.61399e-06 3.48278e-12 0 3.48278e-12
5.32918e-06 7.85396e-12 0 7.85396e-12
6.15523e-06 1.7661e-11 0 1.7661e-11
7.10931e-06 3.59312e-11 0 3.59312e-11
8.21129e-06 7.84191e-11 0 7.84191e-11
9.48407e-06 1.64034e-10 0 1.64034e-10
1.09541e-05 3.36994e-10 0 3.36994e-10
1.26521e-05 7.47579e-10 0 7.47579e-10
1.46132e-05 1.53962e-09 0 1.53962e-09
1.68783e-05 3.01522e-09 0 3.01522e-09
1.94945e-05 5.92998e-09 0 5.92998e-09
2.25162e-05 1.11227e-08 0 1.11227e-08
2.60063e-05 2.01599e-08 0 2.01599e-08
3.00374e-05 3.27813e-08 0 3.27813e-08
3.46934e-05 4.40934e-08 0 4.40934e-08
4.0071e-05 4.79531e-08 0 4.79531e-08
4.62821e-05 4.71034e-08 0 4.71034e-08
5.34561e-05 5.34198e-08 0 5.34198e-08
6.1742e-05 7.30781e-08 0 7.30781e-08
7.13122e-05 9.551e-08 0 9.551e-08
8.23659e-05 1.31447e-07 0 1.31447e-07
9.51329e-05 1.70028e-07 0 1.70028e-07
0.000109879 2.37603e-07 0 2.37603e-07
0.000126911 3.34867e-07 0 3.34867e-07
0.000146582 4.89889e-07 0 4.89889e-07
0.000169303 6.37025e-07 0 6.37025e-07
0.000195546 9.05002e-07 0 9.05002e-07
0.000225856 1.4298e-06 0 1.4298e-06
0.000260865 2.06917e-06 0 2.06917e-06
0.0003013 3.32639e-06 0 3.32639e-06
0.000348003 5.51465e-06 0 5.51465e-06
0.000401945 9.71215e-06 0 9.71215e-06
0.000464248 1.89511e-05 0 1.89511e-05
0.000536208 3.63493e-05 0 3.63493e-05
0.000619322 6.76316e-05 0 6.76316e-05
0.00071532 0.000125132 0 0.000125132
0.000826197 0.000209205 0 0.000209205
0.000954261 0.000334428 0 0.000334428
0.00110218 0.000497796 0 0.000497796
0.00127302 0.000701066 0 0.000701066
0.00147034 0.000962372 0 0.000962372
0.00169825 0.00112192 0 0.00112192
0.00196148 0.00118968 0 0.00118968
0.00226552 0.00102487 0 0.00102487
0.00261669 0.000519216 0 0.000519216
0.00302229 0.000132497 0 0.000132497
0.00349075 1.37322e-05 0 1.37322e-05
