2.22408e-09 0 1.58647e-17 0
2.56998e-09 0 8.36156e-19 0
2.96968e-09 0 1.69638e-19 0
3.43154e-09 0 1.28199e-19 0
3.96523e-09 0 1.12549e-19 0
4.58193e-09 0 1.07636e-19 0
5.29453e-09 0 1.13685e-19 0
6.11797e-09 0 1.30026e-19 0
7.06947e-09 0 1.6834e-19 0
8.16895e-09 0 2.15558e-19 0
9.43943e-09 0 2.96988e-19 0
1.09075e-08 0 4.19417e-19 0
1.26039e-08 0 5.9853e-19 0
1.45641e-08 0 8.18322e-19 0
1.68292e-08 0 1.2535e-18 0
1.94466e-08 0 1.87504e-18 0
2.2471e-08 0 3.16104e-18 0
2.59659e-08 0 5.73934e-18 0
3.00042e-08 0 1.00177e-17 0
3.46706e-08 0 1.79626e-17 0
4.00628e-08 0 3.40558e-17 0
4.62936e-08 0 6.4439e-17 0
5.34934e-08 0 1.23e-16 0
6.1813e-08 0 2.02419e-16 0
7.14265e-08 0 3.03384e-16 0
8.25351e-08 2.39633e-292 4.45202e-16 2.39633e-292
9.53714e-08 2.47793e-255 6.24403e-16 2.47793e-255
1.10204e-07 5.99686e-221 8.40309e-16 5.99686e-221
1.27344e-07 3.39668e-189 9.78095e-16 3.39668e-189
1.47149e-07 4.50279e-160 9.93639e-16 4.50279e-160
1.70034e-07 1.39704e-133 7.23669e-16 1.39704e-133
1.96479e-07 1.01451e-109 3.30747e-16 1.01451e-109
2.27036e-07 1.7245e-88 7.48883e-17 1.7245e-88
2.62346e-07 6.86372e-70 2.38224e-18 6.86372e-70
3.03148e-07 6.40192e-54 2.35473e-21 6.40192e-54
3.50295e-07 1.40267e-40 2.44202e-26 1.40267e-40
4.04775e-07 7.26801e-30 6.56919e-33 7.26801e-30
4.67728e-07 9.07033e-22 6.34823e-42 9.07033e-22
5.40471e-07 2.85144e-16 1.45505e-53 2.85144e-16
6.24528e-07 2.46057e-13 7.80808e-68 2.46057e-13
7.21659e-07 6.3838e-13 9.8064e-85 6.3838e-13
8.33895e-07 1.65299e-13 2.88249e-104 1.65299e-13
9.63587e-07 2.27053e-12 1.98299e-126 2.27053e-12
1.11345e-06 3.00604e-12 3.19276e-151 3.00604e-12
1.28662e-06 1.59094e-11 1.20311e-178 1.59094e-11
1.48672e-06 1.93019e-11 1.06105e-208 1.93019e-11
1.71794e-06 6.60511e-11 2.1901e-241 6.60511e-11
1.98513e-06 1.50842e-10 1.05799e-276 1.50842e-10
2.29387e-06 2.95399e-10 1.19618e-314 2.95399e-10
2.65062e-06 5.07062e-10 0 5.07062e-10
3.06286e-06 9.45161e-10 0 9.45161e-10
3.53921e-06 1.83e-09 0 1.83e-09
4.08965e-06 3.19568e-09 0 3.19568e-09
4.72569e-06 5.58321e-09 0 5.58321e-09
5.46066e-06 9.15227e-09 0 9.15227e-09
6.30993e-06 1.29368e-08 0 1.29368e-08
7.29129e-06 2.0016e-08 0 2.0016e-08
8.42527e-06 2.81537e-08 0 2.81537e-08
9.73561e-06 3.95985e-08 0 3.95985e-08
1.12497e-05 5.02338e-08 0 5.02338e-08
1.29994e-05 6.41447e-08 0 6.41447e-08
1.50211e-05 8.01047e-08 0 8.01047e-08
1.73573e-05 1.02419e-07 0 1.02419e-07
2.00568e-05 1.34132e-07 0 1.34132e-07
2.31761e-05 1.74008e-07 0 1.74008e-07
2.67806e-05 2.12539e-07 0 2.12539e-07
3.09456e-05 2.32807e-07 0 2.32807e-07
3.57585e-05 2.25634e-07 0 2.25634e-07
4.13198e-05 1.8745e-07 0 1.8745e-07
4.77461e-05 1.52864e-07 0 1.52864e-07
5.51719e-05 1.29026e-07 0 1.29026e-07
6.37525e-05 1.24703e-07 0 1.24703e-07
7.36676e-05 1.38407e-07 0 1.38407e-07
8.51248e-05 1.58439e-07 0 1.58439e-07
9.83639e-05 2.02742e-07 0 2.02742e-07
0.000113662 2.6453e-07 0 2.6453e-07
0.000131339 3.70769e-07 0 3.70769e-07
0.000151766 5.16196e-07 0 5.16196e-07
0.000175369 7.32421e-07 0 7.32421e-07
0.000202644 1.01582e-06 0 1.01582e-06
0.00023416 1.54317e-06 0 1.54317e-06
0.000270578 2.33072e-06 0 2.33072e-06
0.00031266 3.96033e-06 0 3.96033e-06
0.000361286 7.22048e-06 0 7.22048e-06
0.000417476 1.24714e-05 0 1.24714e-05
0.000482404 2.25953e-05 0 2.25953e-05
0.00055743 4.29516e-05 0 4.29516e-05
0.000644124 8.14307e-05 0 8.14307e-05
0.000744302 0.000153821 0 0.000153821
0.00086006 0.000251363 0 0.000251363
0.000993821 0.000375634 0 0.000375634
0.00114839 0.000548223 0 0.000548223
0.00132699 0.000768105 0 0.000768105
0.00153337 0.0010259 0 0.0010259
0.00177185 0.00118187 0 0.00118187
0.00204742 0.00118406 0 0.00118406
0.00236584 0.000826033 0 0.000826033
0.00273379 0.000369243 0 0.000369243
0.00315896 7.48541e-05 0 7.48541e-05
0.00365026 1.97498e-06 0 1.97498e-06
