2.22408e-09 0 5.69784e-15 0
2.4721e-09 0 1.12755e-15 0
2.74777e-09 0 8.73808e-18 0
3.05418e-09 0 2.65185e-21 0
3.39476e-09 0 3.15162e-26 0
3.77332e-09 0 1.4668e-32 0
4.1941e-09 0 2.6734e-40 0
4.6618e-09 0 1.90813e-49 0
5.18165e-09 0 5.3334e-60 0
5.75947e-09 0 5.83787e-72 0
6.40173e-09 0 2.5024e-85 0
7.11561e-09 0 4.20062e-100 0
7.90909e-09 0 2.76135e-116 0
8.79106e-09 0 7.10859e-134 0
9.77139e-09 0 7.16636e-153 0
1.0861e-08 0 2.82922e-173 0
1.20722e-08 0 4.37408e-195 0
1.34184e-08 0 2.64826e-218 0
1.49147e-08 0 6.27894e-243 0
1.65779e-08 0 5.82997e-269 0
1.84266e-08 0 2.11982e-296 0
2.04814e-08 0 0 0
2.27653e-08 0 0 0
2.53039e-08 0 0 0
2.81257e-08 0 0 0
3.12621e-08 0 0 0
3.47482e-08 0 0 0
3.86231e-08 0 0 0
4.29301e-08 0 0 0
4.77174e-08 0 0 0
5.30385e-08 0 0 0
5.8953e-08 0 0 0
6.5527e-08 0 0 0
7.28342e-08 0 0 0
8.09561e-08 2.35524e-297 0 2.35524e-297
8.99838e-08 9.09207e-270 0 9.09207e-270
1.00018e-07 1.37449e-243 0 1.37449e-243
1.11172e-07 8.13721e-219 0 8.13721e-219
1.23569e-07 1.88652e-195 0 1.88652e-195
1.37348e-07 1.71278e-173 0 1.71278e-173
1.52664e-07 6.08973e-153 0 6.08973e-153
1.69689e-07 8.47915e-134 0 8.47915e-134
1.88611e-07 4.62349e-116 0 4.62349e-116
2.09644e-07 9.87334e-100 0 9.87334e-100
2.33022e-07 8.25776e-85 0 8.25776e-85
2.59007e-07 2.70535e-71 0 2.70535e-71
2.8789e-07 3.47277e-59 0 3.47277e-59
3.19993e-07 1.74782e-48 0 1.74782e-48
3.55677e-07 3.45361e-39 0 3.45361e-39
3.95339e-07 2.687e-31 0 2.687e-31
4.39425e-07 8.2814e-25 0 8.2814e-25
4.88427e-07 1.02343e-19 0 1.02343e-19
5.42893e-07 5.1869e-16 0 5.1869e-16
6.03433e-07 1.11698e-13 0 1.11698e-13
6.70723e-07 1.06445e-12 0 1.06445e-12
7.45518e-07 4.59706e-13 0 4.59706e-13
8.28653e-07 1.79795e-13 0 1.79795e-13
9.21059e-07 2.35235e-12 0 2.35235e-12
1.02377e-06 2.27134e-12 0 2.27134e-12
1.13793e-06 6.68991e-12 0 6.68991e-12
1.26483e-06 2.20651e-11 0 2.20651e-11
1.40587e-06 3.10166e-11 0 3.10166e-11
1.56265e-06 4.48133e-11 0 4.48133e-11
1.7369e-06 1.33356e-10 0 1.33356e-10
1.93059e-06 2.59162e-10 0 2.59162e-10
2.14588e-06 5.61832e-10 0 5.61832e-10
2.38517e-06 8.4519e-10 0 8.4519e-10
2.65115e-06 1.48875e-09 0 1.48875e-09
2.94679e-06 2.60131e-09 0 2.60131e-09
3.2754e-06 4.89056e-09 0 4.89056e-09
3.64065e-06 9.60228e-09 0 9.60228e-09
4.04663e-06 1.74488e-08 0 1.74488e-08
4.49788e-06 3.24643e-08 0 3.24643e-08
4.99945e-06 6.35809e-08 0 6.35809e-08
5.55696e-06 1.20242e-07 0 1.20242e-07
6.17663e-06 2.09072e-07 0 2.09072e-07
6.86541e-06 4.01147e-07 0 4.01147e-07
7.631e-06 7.8965e-07 0 7.8965e-07
8.48195e-06 1.45205e-06 0 1.45205e-06
9.42781e-06 2.71834e-06 0 2.71834e-06
1.04791e-05 5.04234e-06 0 5.04234e-06
1.16477e-05 9.38225e-06 0 9.38225e-06
1.29466e-05 1.72795e-05 0 1.72795e-05
1.43903e-05 3.10165e-05 0 3.10165e-05
1.5995e-05 5.61051e-05 0 5.61051e-05
1.77786e-05 9.90139e-05 0 9.90139e-05
1.97612e-05 0.000174775 0 0.000174775
2.19648e-05 0.000297483 0 0.000297483
2.44142e-05 0.000474907 0 0.000474907
2.71367e-05 0.000743093 0 0.000743093
3.01628e-05 0.00106337 0 0.00106337
3.35264e-05 0.00137644 0 0.00137644
3.7265e-05 0.00159027 0 0.00159027
4.14206e-05 0.00151005 0 0.00151005
4.60395e-05 0.00112178 0 0.00112178
5.11736e-05 0.000619917 0 0.000619917
5.68801e-05 0.00023588 0 0.00023588
6.3223e-05 5.4024e-05 0 5.4024e-05
7.02732e-05 7.32922e-06 0 7.32922e-06
7.81096e-05 1.35203e-06 0 1.35203e-06
