2.22408e-09 0 2.604e-17 0
2.55914e-09 0 1.8806e-18 0
2.94466e-09 0 1.16635e-18 0
3.38827e-09 0 1.10907e-18 0
3.89871e-09 0 1.19808e-18 0
4.48605e-09 0 1.38827e-18 0
5.16186e-09 0 1.62974e-18 0
5.93949e-09 0 2.03461e-18 0
6.83427e-09 0 2.87693e-18 0
7.86384e-09 0 3.91732e-18 0
9.04851e-09 0 5.28577e-18 0
1.04117e-08 0 7.41083e-18 0
1.19802e-08 0 1.03504e-17 0
1.3785e-08 0 1.42072e-17 0
1.58616e-08 0 2.05366e-17 0
1.82512e-08 0 2.83918e-17 0
2.10007e-08 0 4.30883e-17 0
2.41644e-08 0 6.56422e-17 0
2.78047e-08 0 1.00066e-16 0
3.19935e-08 0 1.46067e-16 0
3.68132e-08 0 2.19002e-16 0
4.23591e-08 0 3.24789e-16 0
4.87404e-08 0 4.86869e-16 0
5.60831e-08 0 6.59507e-16 0
6.45319e-08 0 7.48663e-16 0
7.42535e-08 4.51576e-321 8.19701e-16 4.51576e-321
8.54397e-08 3.10297e-283 7.99156e-16 3.10297e-283
9.83111e-08 7.07372e-248 6.64184e-16 7.07372e-248
1.13122e-07 5.35185e-215 4.64761e-16 5.35185e-215
1.30163e-07 1.34384e-184 2.23069e-16 1.34384e-184
1.49772e-07 1.11989e-156 7.56167e-17 1.11989e-156
1.72335e-07 3.09743e-131 8.21257e-18 3.09743e-131
1.98297e-07 2.84338e-108 6.77583e-20 2.84338e-108
2.2817e-07 8.66408e-88 5.26473e-24 8.66408e-88
2.62543e-07 8.7657e-70 1.81641e-30 8.7657e-70
3.02095e-07 2.94691e-54 2.25184e-39 2.94691e-54
3.47605e-07 3.29917e-41 9.58465e-51 3.29917e-41
3.99972e-07 1.23728e-30 1.41348e-64 1.23728e-30
4.60227e-07 1.57886e-22 7.56534e-81 1.57886e-22
5.29559e-07 7.12058e-17 1.59122e-99 7.12058e-17
6.09336e-07 1.2226e-13 1.40145e-120 1.2226e-13
7.01132e-07 8.73248e-13 5.05582e-144 8.73248e-13
8.06757e-07 6.90846e-14 6.88646e-170 6.90846e-14
9.28293e-07 1.9903e-12 3.30763e-198 1.9903e-12
1.06814e-06 1.66795e-12 5.40515e-229 1.66795e-12
1.22905e-06 1.33297e-11 2.95967e-262 1.33297e-11
1.41421e-06 1.99741e-11 5.39799e-298 1.99741e-11
1.62726e-06 4.18584e-11 0 4.18584e-11
1.8724e-06 1.16378e-10 0 1.16378e-10
2.15447e-06 2.7187e-10 0 2.7187e-10
2.47904e-06 3.92317e-10 0 3.92317e-10
2.85251e-06 8.63631e-10 0 8.63631e-10
3.28223e-06 1.56053e-09 0 1.56053e-09
3.77669e-06 2.93114e-09 0 2.93114e-09
4.34565e-06 5.13208e-09 0 5.13208e-09
5.00031e-06 8.92606e-09 0 8.92606e-09
5.7536e-06 1.43124e-08 0 1.43124e-08
6.62037e-06 2.10227e-08 0 2.10227e-08
7.61772e-06 3.38102e-08 0 3.38102e-08
8.76532e-06 4.98033e-08 0 4.98033e-08
1.00858e-05 7.32171e-08 0 7.32171e-08
1.16052e-05 9.82588e-08 0 9.82588e-08
1.33535e-05 1.36764e-07 0 1.36764e-07
1.53652e-05 1.91156e-07 0 1.91156e-07
1.768e-05 2.73335e-07 0 2.73335e-07
2.03434e-05 4.12391e-07 0 4.12391e-07
2.34081e-05 6.14524e-07 0 6.14524e-07
2.69345e-05 8.87581e-07 0 8.87581e-07
3.09922e-05 1.16201e-06 0 1.16201e-06
3.56611e-05 1.38191e-06 0 1.38191e-06
4.10334e-05 1.40419e-06 0 1.40419e-06
4.7215e-05 1.41128e-06 0 1.41128e-06
5.43278e-05 1.47773e-06 0 1.47773e-06
6.25122e-05 1.64055e-06 0 1.64055e-06
7.19296e-05 2.01814e-06 0 2.01814e-06
8.27657e-05 2.55417e-06 0 2.55417e-06
9.52342e-05 3.54279e-06 0 3.54279e-06
0.000109581 4.85698e-06 0 4.85698e-06
0.000126089 6.54878e-06 0 6.54878e-06
0.000145085 9.17224e-06 0 9.17224e-06
0.000166941 1.28363e-05 0 1.28363e-05
0.000192091 1.76428e-05 0 1.76428e-05
0.000221029 2.53111e-05 0 2.53111e-05
0.000254327 3.50998e-05 0 3.50998e-05
0.000292641 5.37244e-05 0 5.37244e-05
0.000336726 8.17672e-05 0 8.17672e-05
0.000387454 0.000124058 0 0.000124058
0.000445823 0.000181557 0 0.000181557
0.000512986 0.000271014 0 0.000271014
0.000590266 0.000404165 0 0.000404165
0.000679189 0.000604113 0 0.000604113
0.000781507 0.000802648 0 0.000802648
0.00089924 0.000908362 0 0.000908362
0.00103471 0.000988666 0 0.000988666
0.00119059 0.000948725 0 0.000948725
0.00136995 0.000780823 0 0.000780823
0.00157633 0.000535528 0 0.000535528
0.0018138 0.000247074 0 0.000247074
0.00208704 7.96376e-05 0 7.96376e-05
0.00240145 7.56747e-06 0 7.56747e-06
