# Initial particle size distribution
# Case: mass_exponential
# Column 1: Radius (μm)
# Column 2: Number concentration (cm^-3)
#
2.249416e-03  4.877701e-04
2.502470e-03  6.566136e-04
2.783992e-03  9.567798e-04
3.097185e-03  1.294467e-03
3.445610e-03  1.632154e-03
3.833233e-03  2.495132e-03
4.264463e-03  3.179886e-03
4.744205e-03  4.549394e-03
5.277917e-03  5.675017e-03
5.871670e-03  8.104487e-03
6.532219e-03  1.186595e-02
7.267078e-03  1.597447e-02
8.084607e-03  2.053324e-02
8.994107e-03  2.775599e-02
1.000592e-02  3.814925e-02
1.113156e-02  4.896461e-02
1.238384e-02  6.533305e-02
1.377699e-02  8.300534e-02
1.532687e-02  1.038669e-01
1.705111e-02  1.225335e-01
1.896932e-02  1.365569e-01
2.110332e-02  1.460684e-01
2.347739e-02  1.372135e-01
2.611854e-02  1.113898e-01
2.905682e-02  7.315613e-02
3.232564e-02  3.940619e-02
3.596220e-02  1.484885e-02
4.000786e-02  3.451911e-03
4.450865e-02  3.658276e-04
