2.24942e-09 0 2.96096e-26 0 0
2.32683e-09 0 4.59954e-26 0 0
2.40691e-09 0 6.34128e-26 0 0
2.48975e-09 0 8.17829e-26 0 0
2.57544e-09 0 1.02175e-25 0 0
2.66407e-09 0 1.25929e-25 0 0
2.75576e-09 0 1.54674e-25 0 0
2.8506e-09 0 1.9024e-25 0 0
2.94871e-09 0 2.34342e-25 0 0
3.05019e-09 0 2.88449e-25 0 0
3.15516e-09 0 3.54211e-25 0 0
3.26375e-09 0 4.33713e-25 0 0
3.37608e-09 0 5.27256e-25 0 0
3.49227e-09 0 6.3291e-25 0 0
3.61246e-09 0 7.55496e-25 0 0
3.73679e-09 0 9.1385e-25 0 0
3.86539e-09 0 1.12813e-24 0 0
3.99842e-09 0 1.40381e-24 0 0
4.13603e-09 0 1.74055e-24 0 0
4.27838e-09 0 2.14915e-24 0 0
4.42562e-09 0 2.64869e-24 0 0
4.57793e-09 0 3.25334e-24 0 0
4.73549e-09 0 3.96504e-24 0 0
4.89846e-09 0 4.77831e-24 0 0
5.06705e-09 0 5.70671e-24 0 0
5.24144e-09 0 6.80808e-24 0 0
5.42183e-09 0 8.17854e-24 0 0
5.60842e-09 0 9.9398e-24 0 0
5.80144e-09 0 1.22323e-23 0 0
6.00111e-09 0 1.51916e-23 0 0
6.20764e-09 0 1.89468e-23 0 0
6.42128e-09 0 2.36587e-23 0 0
6.64228e-09 0 2.94945e-23 0 0
6.87088e-09 0 3.65337e-23 0 0
7.10734e-09 0 4.47899e-23 0 0
7.35195e-09 0 5.43667e-23 0 0
7.60498e-09 0 6.55232e-23 0 0
7.86671e-09 0 7.86487e-23 0 0
8.13745e-09 0 9.43479e-23 0 0
8.41751e-09 0 1.13578e-22 0 0
8.7072e-09 0 1.37602e-22 0 0
9.00687e-09 0 1.67745e-22 0 0
9.31685e-09 0 2.0528e-22 0 0
9.6375e-09 0 2.51465e-22 0 0
9.96918e-09 0 3.07387e-22 0 0
1.03123e-08 0 3.73815e-22 0 0
1.06672e-08 0 4.51811e-22 0 0
1.10343e-08 0 5.43813e-22 0 0
1.14141e-08 0 6.54081e-22 0 0
1.18069e-08 0 7.87989e-22 0 0
1.22132e-08 0 9.50446e-22 0 0
1.26336e-08 0 1.14486e-21 0 0
1.30684e-08 0 1.37487e-21 0 0
1.35181e-08 0 1.64746e-21 0 0
1.39834e-08 0 1.97257e-21 0 0
1.44646e-08 0 2.35898e-21 0 0
1.49624e-08 0 2.81217e-21 0 0
1.54774e-08 0 3.33695e-21 0 0
1.601e-08 0 3.9387e-21 0 0
1.65611e-08 0 4.61961e-21 0 0
1.7131e-08 0 5.37922e-21 0 0
1.77206e-08 0 6.22234e-21 0 0
1.83305e-08 0 7.16179e-21 0 0
1.89613e-08 0 8.21315e-21 0 0
1.96139e-08 0 9.39106e-21 0 0
2.02889e-08 0 1.07002e-20 0 0
2.09872e-08 0 1.21171e-20 0 0
2.17095e-08 0 1.35861e-20 0 0
2.24566e-08 0 1.50389e-20 0 0
2.32295e-08 0 1.64203e-20 0 0
2.4029e-08 0 1.76923e-20 0 0
2.4856e-08 0 1.88113e-20 0 0
2.57114e-08 0 1.97175e-20 0 0
2.65963e-08 0 2.03495e-20 0 0
2.75116e-08 0 2.06421e-20 0 0
2.84585e-08 0 2.05206e-20 0 0
2.94379e-08 0 1.99504e-20 0 0
3.0451e-08 0 1.89812e-20 0 0
3.1499e-08 0 1.76993e-20 0 0
3.25831e-08 0 1.61566e-20 0 0
3.37045e-08 0 1.43801e-20 0 0
3.48644e-08 0 1.24209e-20 0 0
3.60643e-08 0 1.0366e-20 0 0
3.73055e-08 0 8.32234e-21 0 0
3.85894e-08 0 6.4059e-21 0 0
3.99175e-08 0 4.72134e-21 0 0
4.12913e-08 0 3.32687e-21 0 0
4.27124e-08 0 2.22534e-21 0 0
4.41824e-08 0 1.3935e-21 0 0
4.5703e-08 0 8.06115e-22 0 0
4.72759e-08 0 4.29319e-22 0 0
4.89029e-08 0 2.11366e-22 0 0
5.0586e-08 0 9.55645e-23 0 0
5.2327e-08 0 3.83743e-23 0 0
5.41278e-08 0 1.29818e-23 0 0
5.59907e-08 0 3.51437e-24 0 0
5.79177e-08 0 7.32796e-25 0 0
5.9911e-08 0 1.14817e-25 0 0
6.19729e-08 0 1.33147e-26 0 0
6.41057e-08 0 1.13226e-27 0 0
