# Initial particle size distribution
# Case: radius_lognormal_autorange_sampled
# Column 1: Radius (μm)
# Column 2: Number concentration (cm^-3)
#
1.010019e-03  3.762730e+02
1.409224e-03  4.023659e+03
1.966212e-03  3.724638e+04
2.743347e-03  2.753217e+05
3.827641e-03  1.569761e+06
5.340495e-03  7.027571e+06
7.451297e-03  2.600041e+07
1.039638e-02  7.472501e+07
1.450550e-02  1.775479e+08
2.023872e-02  3.253116e+08
2.823796e-02  4.847272e+08
3.939886e-02  5.698142e+08
5.497105e-02  5.347387e+08
7.669807e-02  3.906367e+08
1.070126e-01  2.396442e+08
1.493087e-01  1.114024e+08
2.083222e-01  4.236288e+07
2.906604e-01  1.283226e+07
4.055424e-01  3.027615e+06
5.658308e-01  5.868904e+05
7.894724e-01  8.961296e+04
1.101507e+00  1.103002e+04
1.536872e+00  1.080232e+03
2.144312e+00  8.421280e+01
2.991840e+00  5.106993e+00
4.174349e+00  2.542711e-01
5.824238e+00  1.906808e-02
8.126237e+00  5.572406e-03
1.133809e+01  1.771401e-04
