1.01002e-09 0 6.41538e-22 0 0
1.11644e-09 0 2.60614e-21 0 0
1.23407e-09 0 7.90975e-21 0 0
1.3641e-09 0 2.1985e-20 0 0
1.50782e-09 0 6.0602e-20 0 0
1.66669e-09 0 1.66844e-19 0 0
1.8423e-09 0 4.44092e-19 0 0
2.03641e-09 0 1.19293e-18 0 0
2.25098e-09 0 3.11808e-18 0 0
2.48815e-09 0 7.77825e-18 0 0
2.75031e-09 0 1.99284e-17 0 0
3.04009e-09 0 4.86003e-17 0 0
3.36041e-09 0 1.15223e-16 0 0
3.71447e-09 0 2.6771e-16 0 0
4.10584e-09 0 6.15834e-16 0 0
4.53845e-09 0 1.39658e-15 0 0
5.01664e-09 0 2.92721e-15 0 0
5.54521e-09 0 6.18372e-15 0 0
6.12947e-09 0 1.32846e-14 0 0
6.7753e-09 0 2.72655e-14 0 0
7.48917e-09 0 5.55665e-14 0 0
8.27825e-09 0 1.08915e-13 0 0
9.15048e-09 0 2.10734e-13 0 0
1.01146e-08 0 3.97929e-13 0 0
1.11803e-08 0 7.38148e-13 0 0
1.23583e-08 0 1.36132e-12 0 0
1.36604e-08 0 2.41328e-12 0 0
1.50998e-08 0 4.24942e-12 0 0
1.66907e-08 0 7.3216e-12 0 0
1.84493e-08 0 1.21669e-11 0 0
2.03932e-08 0 1.9867e-11 0 0
2.25419e-08 0 3.22816e-11 0 0
2.4917e-08 0 5.01562e-11 0 0
2.75423e-08 0 7.65095e-11 0 0
3.04443e-08 0 1.12907e-10 0 0
3.3652e-08 0 1.74616e-10 0 0
3.71977e-08 0 2.58769e-10 0 0
4.1117e-08 0 3.616e-10 0 0
4.54493e-08 0 4.99675e-10 0 0
5.0238e-08 0 6.66254e-10 0 0
5.55312e-08 0 8.77552e-10 0 0
6.13822e-08 0 1.17474e-09 0 0
6.78497e-08 0 1.51987e-09 0 0
7.49985e-08 0 1.87427e-09 0 0
8.29007e-08 0 2.2538e-09 0 0
9.16354e-08 0 2.68688e-09 0 0
1.0129e-07 0 3.257e-09 0 0
1.11963e-07 0 3.81076e-09 0 0
1.2376e-07 0 4.23881e-09 0 0
1.36799e-07 0 4.58699e-09 0 0
1.51213e-07 0 5.02714e-09 0 0
1.67145e-07 0 5.36768e-09 0 0
1.84756e-07 0 5.41165e-09 0 0
2.04223e-07 0 5.47377e-09 0 0
2.25741e-07 0 5.63543e-09 0 0
2.49526e-07 0 5.58064e-09 0 0
2.75817e-07 0 5.15701e-09 0 0
3.04878e-07 0 4.85629e-09 0 0
3.37001e-07 0 4.56027e-09 0 0
3.72508e-07 0 4.05468e-09 0 0
4.11757e-07 0 3.52466e-09 0 0
4.55141e-07 0 3.00935e-09 0 0
5.03097e-07 0 2.49043e-09 0 0
5.56105e-07 0 2.06704e-09 0 0
6.14698e-07 0 1.71485e-09 0 0
6.79465e-07 0 1.38409e-09 0 0
7.51056e-07 0 1.08307e-09 0 0
8.3019e-07 0 8.09416e-10 0 0
9.17662e-07 0 5.97583e-10 0 0
1.01435e-06 0 4.42156e-10 0 0
1.12123e-06 0 3.1709e-10 0 0
1.23936e-06 0 2.21427e-10 0 0
1.36995e-06 0 1.5464e-10 0 0
1.51429e-06 0 1.03294e-10 0 0
1.67384e-06 0 6.79318e-11 0 0
1.8502e-06 0 4.31846e-11 0 0
2.04514e-06 0 2.83507e-11 0 0
2.26063e-06 0 1.75574e-11 0 0
2.49882e-06 0 1.04642e-11 0 0
2.7621e-06 0 6.07614e-12 0 0
3.05313e-06 0 3.54728e-12 0 0
3.37482e-06 0 2.03522e-12 0 0
3.7304e-06 0 1.153e-12 0 0
4.12345e-06 0 6.1589e-13 0 0
4.55791e-06 0 3.32344e-13 0 0
5.03815e-06 0 1.82524e-13 0 0
5.56898e-06 0 1.01138e-13 0 0
6.15575e-06 0 6.02756e-14 0 0
6.80435e-06 0 4.59744e-14 0 0
7.52128e-06 0 5.67839e-14 0 0
8.31375e-06 0 6.3386e-14 0 0
9.18971e-06 0 4.54774e-14 0 0
1.0158e-05 0 2.17858e-14 0 0
1.12283e-05 0 1.05791e-14 0 0
1.24113e-05 0 4.98432e-15 0 0
1.3719e-05 0 2.29993e-15 0 0
1.51645e-05 0 1.01609e-15 0 0
1.67623e-05 0 4.67551e-16 0 0
1.85284e-05 0 1.96563e-17 0 0
2.04806e-05 0 4.64996e-20 0 0
