2.22408e-09 0 1.77134e-19 0
2.56887e-09 0 2.24887e-20 0
2.96712e-09 0 3.6887e-20 0
3.4271e-09 0 3.69123e-20 0
3.9584e-09 0 4.51444e-20 0
4.57205e-09 0 6.32904e-20 0
5.28085e-09 0 8.63221e-20 0
6.09952e-09 0 1.12249e-19 0
7.04511e-09 0 1.53404e-19 0
8.1373e-09 0 2.00493e-19 0
9.3988e-09 0 2.86635e-19 0
1.08559e-08 0 4.20664e-19 0
1.25388e-08 0 6.26818e-19 0
1.44827e-08 0 8.50961e-19 0
1.67279e-08 0 1.39932e-18 0
1.93212e-08 0 2.21731e-18 0
2.23165e-08 0 3.26083e-18 0
2.57761e-08 0 5.52706e-18 0
2.97721e-08 0 9.52829e-18 0
3.43876e-08 0 1.79179e-17 0
3.97186e-08 0 3.48435e-17 0
4.58761e-08 0 6.70058e-17 0
5.29881e-08 0 1.18846e-16 0
6.12027e-08 0 1.94154e-16 0
7.06908e-08 0 3.07848e-16 0
8.16498e-08 0 4.44089e-16 0
9.43077e-08 0 6.35816e-16 0
1.08928e-07 0 8.20669e-16 0
1.25815e-07 0 9.70474e-16 0
1.45319e-07 4.32185e-295 9.83676e-16 4.32185e-295
1.67848e-07 3.70104e-258 7.50926e-16 3.70104e-258
1.93869e-07 7.6904e-224 3.68901e-16 7.6904e-224
2.23924e-07 3.87745e-192 7.63929e-17 3.87745e-192
2.58638e-07 4.74368e-163 7.24289e-18 4.74368e-163
2.98734e-07 1.40817e-136 3.23423e-20 1.40817e-136
3.45046e-07 1.01431e-112 5.97259e-25 1.01431e-112
3.98537e-07 1.77277e-91 3.09604e-32 1.77277e-91
4.60321e-07 7.51812e-73 4.20513e-42 7.51812e-73
5.31684e-07 7.73637e-57 1.47764e-54 7.73637e-57
6.14109e-07 1.93169e-43 1.3749e-69 1.93169e-43
7.09313e-07 1.17034e-32 3.59965e-87 1.17034e-32
8.19275e-07 1.72065e-24 2.84332e-107 1.72065e-24
9.46285e-07 6.1453e-19 6.82967e-130 6.1453e-19
1.09298e-06 5.42456e-16 4.66238e-155 5.42456e-16
1.26243e-06 2.15567e-15 8.38173e-183 2.15567e-15
1.45814e-06 8.85778e-15 3.7888e-213 8.85778e-15
1.68419e-06 6.8065e-15 4.21556e-246 6.8065e-15
1.94528e-06 8.81412e-15 1.14445e-281 8.81412e-15
2.24685e-06 3.56244e-14 7.55476e-320 3.56244e-14
2.59518e-06 1.26969e-13 0 1.26969e-13
2.9975e-06 2.77436e-13 0 2.77436e-13
3.4622e-06 7.14015e-13 0 7.14015e-13
3.99893e-06 1.30429e-12 0 1.30429e-12
4.61887e-06 4.10411e-12 0 4.10411e-12
5.33492e-06 7.0461e-12 0 7.0461e-12
6.16198e-06 1.82616e-11 0 1.82616e-11
7.11725e-06 3.65146e-11 0 3.65146e-11
8.22062e-06 8.08043e-11 0 8.08043e-11
9.49504e-06 1.6352e-10 0 1.6352e-10
1.0967e-05 3.68739e-10 0 3.68739e-10
1.26672e-05 8.12514e-10 0 8.12514e-10
1.4631e-05 1.58638e-09 0 1.58638e-09
1.68992e-05 3.03174e-09 0 3.03174e-09
1.9519e-05 6.1601e-09 0 6.1601e-09
2.2545e-05 1.17686e-08 0 1.17686e-08
2.60401e-05 2.05274e-08 0 2.05274e-08
3.0077e-05 3.37976e-08 0 3.37976e-08
3.47397e-05 4.77055e-08 0 4.77055e-08
4.01253e-05 5.14053e-08 0 5.14053e-08
4.63458e-05 4.91966e-08 0 4.91966e-08
5.35307e-05 5.46767e-08 0 5.46767e-08
6.18294e-05 7.47168e-08 0 7.47168e-08
7.14146e-05 1.01019e-07 0 1.01019e-07
8.24859e-05 1.30134e-07 0 1.30134e-07
9.52734e-05 1.78873e-07 0 1.78873e-07
0.000110043 2.30077e-07 0 2.30077e-07
0.000127103 3.28804e-07 0 3.28804e-07
0.000146807 4.8383e-07 0 4.8383e-07
0.000169567 7.18293e-07 0 7.18293e-07
0.000195854 9.77564e-07 0 9.77564e-07
0.000226217 1.57411e-06 0 1.57411e-06
0.000261286 2.52873e-06 0 2.52873e-06
0.000301793 3.72522e-06 0 3.72522e-06
0.000348579 6.22966e-06 0 6.22966e-06
0.000402618 1.06943e-05 0 1.06943e-05
0.000465035 2.00249e-05 0 2.00249e-05
0.000537128 3.84986e-05 0 3.84986e-05
0.000620397 7.51915e-05 0 7.51915e-05
0.000716576 0.000134362 0 0.000134362
0.000827664 0.000220181 0 0.000220181
0.000955975 0.00035133 0 0.00035133
0.00110418 0.000509324 0 0.000509324
0.00127535 0.000734011 0 0.000734011
0.00147307 0.000953314 0 0.000953314
0.00170143 0.00114559 0 0.00114559
0.0019652 0.00117855 0 0.00117855
0.00226986 0.000932717 0 0.000932717
0.00262175 0.000488019 0 0.000488019
0.0030282 0.000109858 0 0.000109858
0.00349765 1.16488e-05 0 1.16488e-05
