2.22408e-09 0 3.20847e-18 0
2.55986e-09 0 4.19052e-19 0
2.94634e-09 0 7.12323e-19 0
3.39116e-09 0 6.95613e-19 0
3.90314e-09 0 8.676e-19 0
4.49242e-09 0 1.18896e-18 0
5.17067e-09 0 1.62142e-18 0
5.95131e-09 0 2.14853e-18 0
6.84981e-09 0 2.83683e-18 0
7.88396e-09 0 3.84831e-18 0
9.07425e-09 0 5.28739e-18 0
1.04442e-08 0 7.66382e-18 0
1.20211e-08 0 1.08866e-17 0
1.38359e-08 0 1.52118e-17 0
1.59248e-08 0 2.2829e-17 0
1.83291e-08 0 3.39637e-17 0
2.10963e-08 0 4.85756e-17 0
2.42813e-08 0 7.0636e-17 0
2.79472e-08 0 1.03882e-16 0
3.21666e-08 0 1.56732e-16 0
3.70229e-08 0 2.35159e-16 0
4.26125e-08 0 3.52547e-16 0
4.90459e-08 0 5.03976e-16 0
5.64506e-08 0 6.41483e-16 0
6.49732e-08 0 7.61273e-16 0
7.47826e-08 0 8.21414e-16 0
8.60729e-08 8.39912e-323 8.08151e-16 8.39912e-323
9.90678e-08 6.44764e-285 6.4746e-16 6.44764e-285
1.14025e-07 1.57191e-249 4.32643e-16 1.57191e-249
1.31239e-07 1.24279e-216 2.09492e-16 1.24279e-216
1.51053e-07 3.18645e-186 5.59798e-17 3.18645e-186
1.73859e-07 2.64946e-158 6.91444e-18 2.64946e-158
2.00107e-07 7.14411e-133 3.00806e-19 7.14411e-133
2.30318e-07 6.24713e-110 2.13348e-22 6.24713e-110
2.65091e-07 1.77155e-89 5.27756e-28 1.77155e-89
3.05113e-07 1.62917e-71 4.24426e-36 1.62917e-71
3.51177e-07 4.85871e-56 1.10701e-46 4.85871e-56
4.04196e-07 4.69912e-43 9.36354e-60 4.69912e-43
4.6522e-07 1.47385e-32 2.56845e-75 1.47385e-32
5.35457e-07 1.4991e-24 2.28478e-93 1.4991e-24
6.16298e-07 4.94479e-19 6.59108e-114 4.94479e-19
7.09343e-07 5.2894e-16 6.1661e-137 5.2894e-16
8.16437e-07 1.83487e-15 1.8707e-162 1.83487e-15
9.39698e-07 2.80676e-17 1.84052e-190 2.80676e-17
1.08157e-06 7.88882e-15 5.87242e-221 7.88882e-15
1.24486e-06 3.86828e-14 6.07623e-254 3.86828e-14
1.4328e-06 1.41576e-13 2.03888e-289 1.41576e-13
1.64912e-06 1.92014e-13 0 1.92014e-13
1.8981e-06 1.7005e-13 0 1.7005e-13
2.18466e-06 5.261e-13 0 5.261e-13
2.51449e-06 1.78614e-12 0 1.78614e-12
2.89412e-06 4.21508e-12 0 4.21508e-12
3.33106e-06 9.10999e-12 0 9.10999e-12
3.83397e-06 1.87794e-11 0 1.87794e-11
4.4128e-06 5.114e-11 0 5.114e-11
5.07903e-06 1.07866e-10 0 1.07866e-10
5.84583e-06 2.22229e-10 0 2.22229e-10
6.72841e-06 4.99718e-10 0 4.99718e-10
7.74423e-06 1.05283e-09 0 1.05283e-09
8.91342e-06 2.09372e-09 0 2.09372e-09
1.02591e-05 4.35147e-09 0 4.35147e-09
1.1808e-05 9.67621e-09 0 9.67621e-09
1.35907e-05 2.03763e-08 0 2.03763e-08
1.56426e-05 3.76594e-08 0 3.76594e-08
1.80042e-05 7.49786e-08 0 7.49786e-08
2.07224e-05 1.46094e-07 0 1.46094e-07
2.3851e-05 2.68787e-07 0 2.68787e-07
2.74519e-05 4.54853e-07 0 4.54853e-07
3.15965e-05 7.16684e-07 0 7.16684e-07
3.63668e-05 9.3933e-07 0 9.3933e-07
4.18572e-05 9.6008e-07 0 9.6008e-07
4.81766e-05 9.43757e-07 0 9.43757e-07
5.54501e-05 1.14989e-06 0 1.14989e-06
6.38217e-05 1.57008e-06 0 1.57008e-06
7.34572e-05 2.11711e-06 0 2.11711e-06
8.45474e-05 2.69857e-06 0 2.69857e-06
9.7312e-05 3.68066e-06 0 3.68066e-06
0.000112004 4.91849e-06 0 4.91849e-06
0.000128914 6.88921e-06 0 6.88921e-06
0.000148376 9.98084e-06 0 9.98084e-06
0.000170777 1.41423e-05 0 1.41423e-05
0.000196561 1.97339e-05 0 1.97339e-05
0.000226236 3.02545e-05 0 3.02545e-05
0.000260393 4.42381e-05 0 4.42381e-05
0.000299705 6.32664e-05 0 6.32664e-05
0.000344953 9.25265e-05 0 9.25265e-05
0.000397033 0.000136328 0 0.000136328
0.000456975 0.000206586 0 0.000206586
0.000525967 0.000310497 0 0.000310497
0.000605375 0.000458965 0 0.000458965
0.000696772 0.000645987 0 0.000645987
0.000801967 0.000805741 0 0.000805741
0.000923044 0.000929319 0 0.000929319
0.0010624 0.000982705 0 0.000982705
0.0012228 0.000924343 0 0.000924343
0.00140741 0.000705603 0 0.000705603
0.00161989 0.000452621 0 0.000452621
0.00186446 0.000189162 0 0.000189162
0.00214594 4.55286e-05 0 4.55286e-05
0.00246993 4.23005e-06 0 4.23005e-06
