2.22408e-09 0 2.96581e-18 0
2.57196e-09 0 2.02089e-18 0
2.97426e-09 0 8.16718e-19 0
3.43948e-09 0 4.01082e-19 0
3.97747e-09 0 2.55263e-19 0
4.59961e-09 0 1.76039e-19 0
5.31906e-09 1.77773e-312 1.26024e-19 1.77773e-312
6.15104e-09 2.89179e-296 9.21893e-20 2.89179e-296
7.11316e-09 1.65436e-280 7.02435e-20 1.65436e-280
8.22577e-09 3.32865e-265 6.56855e-20 3.32865e-265
9.51241e-09 2.35553e-250 6.6298e-20 2.35553e-250
1.10003e-08 5.86281e-236 7.18751e-20 5.86281e-236
1.27209e-08 5.13252e-222 8.81794e-20 5.13252e-222
1.47107e-08 1.58044e-208 1.00385e-19 1.58044e-208
1.70117e-08 1.71182e-195 1.14389e-19 1.71182e-195
1.96725e-08 6.52221e-183 1.2397e-19 6.52221e-183
2.27496e-08 8.74182e-171 1.43816e-19 8.74182e-171
2.6308e-08 4.12194e-159 2.52015e-19 4.12194e-159
3.0423e-08 6.83786e-148 5.06101e-19 6.83786e-148
3.51817e-08 3.99103e-137 8.14534e-19 3.99103e-137
4.06847e-08 8.19652e-127 1.111e-18 8.19652e-127
4.70484e-08 5.92371e-117 1.42464e-18 5.92371e-117
5.44075e-08 1.50669e-107 1.48704e-18 1.50669e-107
6.29177e-08 1.3489e-98 2.97294e-18 1.3489e-98
7.2759e-08 4.25137e-90 1.08025e-17 4.25137e-90
8.41396e-08 4.71802e-82 3.35401e-17 4.71802e-82
9.73004e-08 1.84409e-74 8.13545e-17 1.84409e-74
1.1252e-07 2.53946e-67 1.60073e-16 2.53946e-67
1.3012e-07 1.23259e-60 2.59236e-16 1.23259e-60
1.50472e-07 2.10996e-54 4.28969e-16 2.10996e-54
1.74009e-07 1.27483e-48 9.32154e-16 1.27483e-48
2.01226e-07 2.72171e-43 2.19277e-15 2.72171e-43
2.32701e-07 2.05662e-38 4.53014e-15 2.05662e-38
2.69099e-07 5.51345e-34 8.1798e-15 5.51345e-34
3.11191e-07 5.26251e-30 1.35437e-14 5.26251e-30
3.59866e-07 1.79795e-26 2.06199e-14 1.79795e-26
4.16155e-07 2.21638e-23 2.72746e-14 2.21638e-23
4.81248e-07 9.9755e-21 2.91185e-14 9.9755e-21
5.56522e-07 1.66787e-18 2.41061e-14 1.66787e-18
6.43571e-07 1.06248e-16 1.51354e-14 1.06248e-16
7.44236e-07 2.68312e-15 6.91346e-15 2.68312e-15
8.60646e-07 2.88738e-14 1.98972e-15 2.88738e-14
9.95265e-07 1.52547e-13 3.01557e-16 1.52547e-13
1.15094e-06 4.95523e-13 2.12503e-17 4.95523e-13
1.33096e-06 1.26082e-12 6.42165e-19 1.26082e-12
1.53915e-06 3.04757e-12 7.84913e-21 3.04757e-12
1.7799e-06 7.4223e-12 3.72944e-23 7.4223e-12
2.0583e-06 1.79475e-11 6.73817e-26 1.79475e-11
2.38025e-06 4.28115e-11 4.59086e-29 4.28115e-11
2.75256e-06 9.81537e-11 1.17923e-32 9.81537e-11
3.1831e-06 2.2137e-10 1.14421e-36 2.2137e-10
3.68099e-06 5.01375e-10 4.19026e-41 5.01375e-10
4.25675e-06 1.1247e-09 5.75636e-46 1.1247e-09
4.92258e-06 2.46189e-09 2.93518e-51 2.46189e-09
5.69255e-06 5.19998e-09 5.48764e-57 5.19998e-09
6.58295e-06 1.04753e-08 3.71942e-63 1.04753e-08
7.61263e-06 1.97204e-08 9.05622e-70 1.97204e-08
8.80336e-06 3.3529e-08 7.86851e-77 3.3529e-08
1.01803e-05 4.9465e-08 2.42822e-84 4.9465e-08
1.17727e-05 6.05463e-08 2.65313e-92 6.05463e-08
1.36142e-05 5.93013e-08 1.0242e-100 5.93013e-08
1.57436e-05 4.65175e-08 1.3949e-109 4.65175e-08
1.82062e-05 3.09396e-08 6.69591e-119 3.09396e-08
2.10539e-05 1.91208e-08 1.1321e-128 1.91208e-08
2.43471e-05 1.16707e-08 6.73842e-139 1.16707e-08
2.81553e-05 7.382e-09 1.41146e-149 7.382e-09
3.25593e-05 4.91965e-09 1.04016e-160 4.91965e-09
3.76521e-05 3.842e-09 2.6962e-172 3.842e-09
4.35414e-05 3.52312e-09 2.45785e-184 3.52312e-09
5.0352e-05 3.51922e-09 7.87857e-197 3.51922e-09
5.82278e-05 4.18937e-09 8.87931e-210 4.18937e-09
6.73356e-05 4.81369e-09 3.5181e-223 4.81369e-09
7.78679e-05 5.37869e-09 4.90005e-237 5.37869e-09
9.00477e-05 5.72614e-09 2.39897e-251 5.72614e-09
0.000104133 6.4496e-09 4.12818e-266 6.4496e-09
0.000120421 1.11568e-08 2.49677e-281 1.11568e-08
0.000139256 2.24228e-08 5.30721e-297 2.24228e-08
0.000161038 3.62199e-08 3.96467e-313 3.62199e-08
0.000186227 4.91852e-08 0 4.91852e-08
0.000215356 6.34801e-08 0 6.34801e-08
0.000249041 6.7074e-08 0 6.7074e-08
0.000287995 1.32635e-07 0 1.32635e-07
0.000333042 4.78351e-07 0 4.78351e-07
0.000385135 1.4811e-06 0 1.4811e-06
0.000445376 3.59136e-06 0 3.59136e-06
0.00051504 7.07094e-06 0 7.07094e-06
0.0005956 1.14602e-05 0 1.14602e-05
0.000688761 1.89642e-05 0 1.89642e-05
0.000796494 4.11844e-05 0 4.11844e-05
0.000921079 9.68925e-05 0 9.68925e-05
0.00106515 0.000200197 0 0.000200197
0.00123176 0.000361461 0 0.000361461
0.00142442 0.00059851 0 0.00059851
0.00164722 0.000911269 0 0.000911269
0.00190488 0.00120559 0 0.00120559
0.00220283 0.00128737 0 0.00128737
0.00254739 0.00106588 0 0.00106588
0.00294584 0.000669275 0 0.000669275
0.00340661 0.000305767 0 0.000305767
0.00393946 8.8043e-05 0 8.8043e-05
