2.22408e-09 0 6.35879e-14 0
2.44188e-09 0 5.12285e-14 0
2.68101e-09 0 2.67869e-14 0
2.94355e-09 0 9.09092e-15 0
3.2318e-09 0 2.00247e-15 0
3.54829e-09 0 2.86286e-16 0
3.89576e-09 0 2.65648e-17 0
4.27726e-09 0 1.59988e-18 0
4.69612e-09 2.2727e-322 6.25379e-20 2.2727e-322
5.156e-09 1.19694e-311 1.58662e-21 1.19694e-311
5.66091e-09 4.08146e-301 2.61262e-23 4.08146e-301
6.21527e-09 9.03546e-291 2.79225e-25 9.03546e-291
6.82392e-09 1.29862e-280 1.93689e-27 1.29862e-280
7.49217e-09 1.21176e-270 8.72028e-30 1.21176e-270
8.22585e-09 7.34106e-261 2.54818e-32 7.34106e-261
9.03139e-09 2.88748e-251 4.83285e-35 2.88748e-251
9.91581e-09 7.37398e-242 5.9491e-38 7.37398e-242
1.08868e-08 1.22269e-232 4.75305e-41 1.22269e-232
1.1953e-08 1.31636e-223 2.46472e-44 1.31636e-223
1.31235e-08 9.20194e-215 8.29542e-48 9.20194e-215
1.44086e-08 4.1768e-206 1.8121e-51 4.1768e-206
1.58196e-08 1.23106e-197 2.56921e-55 1.23106e-197
1.73688e-08 2.3561e-189 2.36424e-59 2.3561e-189
1.90697e-08 2.92822e-181 1.41207e-63 2.92822e-181
2.09371e-08 2.36331e-173 5.4739e-68 2.36331e-173
2.29874e-08 1.23867e-165 1.37724e-72 1.23867e-165
2.52385e-08 4.21629e-158 2.24905e-77 4.21629e-158
2.77101e-08 9.32089e-151 2.38375e-82 9.32089e-151
3.04237e-08 1.33831e-143 1.63982e-87 1.33831e-143
3.3403e-08 1.24809e-136 7.32162e-93 1.24809e-136
3.6674e-08 7.56049e-130 2.12173e-98 7.56049e-130
4.02654e-08 2.97503e-123 3.9907e-104 2.97503e-123
4.42085e-08 7.60493e-117 4.87171e-110 7.60493e-117
4.85377e-08 1.26297e-110 3.86e-116 1.26297e-110
5.32909e-08 1.36274e-104 1.98503e-122 1.36274e-104
5.85095e-08 9.55415e-99 6.62555e-129 9.55415e-99
6.42392e-08 4.35281e-93 1.43533e-135 4.35281e-93
7.053e-08 1.28881e-87 2.01815e-142 1.28881e-87
7.74368e-08 2.48026e-82 1.84174e-149 2.48026e-82
8.502e-08 3.10278e-77 1.09089e-156 3.10278e-77
9.33458e-08 2.52353e-72 4.19376e-164 2.52353e-72
1.02487e-07 1.33457e-67 1.04641e-171 1.33457e-67
1.12523e-07 4.59017e-63 1.69463e-179 4.59017e-63
1.23542e-07 1.02697e-58 1.78124e-187 1.02697e-58
1.3564e-07 1.49499e-54 1.21518e-195 1.49499e-54
1.48923e-07 1.41639e-50 5.38068e-204 1.41639e-50
1.63507e-07 8.73646e-47 1.54634e-212 8.73646e-47
1.79519e-07 3.5096e-43 2.88435e-221 3.5096e-43
1.97099e-07 9.1863e-40 3.49193e-230 9.1863e-40
2.164e-07 1.56752e-36 2.74382e-239 1.56752e-36
2.37591e-07 1.74479e-33 1.39933e-248 1.74479e-33
2.60858e-07 1.26781e-30 4.6319e-258 1.26781e-30
2.86403e-07 6.01912e-28 9.95113e-268 6.01912e-28
3.1445e-07 1.86918e-25 1.38758e-277 1.86918e-25
3.45243e-07 3.80169e-23 1.2558e-287 3.80169e-23
3.79052e-07 5.07231e-21 7.37658e-298 5.07231e-21
4.16172e-07 4.4483e-19 2.81232e-308 4.4483e-19
4.56926e-07 2.57044e-17 6.47582e-319 2.57044e-17
5.01672e-07 9.81726e-16 0 9.81726e-16
5.50799e-07 2.4882e-14 0 2.4882e-14
6.04737e-07 4.20753e-13 0 4.20753e-13
6.63958e-07 4.78311e-12 0 4.78311e-12
7.28977e-07 3.69694e-11 0 3.69694e-11
8.00364e-07 1.9776e-10 0 1.9776e-10
8.78742e-07 7.53459e-10 0 7.53459e-10
9.64795e-07 2.13949e-09 0 2.13949e-09
1.05927e-06 4.8319e-09 0 4.8319e-09
1.16301e-06 9.37264e-09 0 9.37264e-09
1.2769e-06 1.67534e-08 0 1.67534e-08
1.40194e-06 2.90913e-08 0 2.90913e-08
1.53923e-06 5.07468e-08 0 5.07468e-08
1.68996e-06 8.954e-08 0 8.954e-08
1.85545e-06 1.57746e-07 0 1.57746e-07
2.03715e-06 2.75317e-07 0 2.75317e-07
2.23665e-06 4.78269e-07 0 4.78269e-07
2.45568e-06 8.32352e-07 0 8.32352e-07
2.69615e-06 1.45098e-06 0 1.45098e-06
2.96018e-06 2.52089e-06 0 2.52089e-06
3.25006e-06 4.35623e-06 0 4.35623e-06
3.56833e-06 7.50243e-06 0 7.50243e-06
3.91777e-06 1.28737e-05 0 1.28737e-05
4.30143e-06 2.19212e-05 0 2.19212e-05
4.72265e-06 3.69235e-05 0 3.69235e-05
5.18513e-06 6.14563e-05 0 6.14563e-05
5.6929e-06 0.000100862 0 0.000100862
6.25039e-06 0.000162492 0 0.000162492
6.86247e-06 0.000255463 0 0.000255463
7.5345e-06 0.000388958 0 0.000388958
8.27233e-06 0.00056823 0 0.00056823
9.08242e-06 0.000788926 0 0.000788926
9.97183e-06 0.00103016 0 0.00103016
1.09483e-05 0.00124834 0 0.00124834
1.20205e-05 0.00138158 0 0.00138158
1.31976e-05 0.00137322 0 0.00137322
1.449e-05 0.00120537 0 0.00120537
1.5909e-05 0.000918434 0 0.000918434
1.74669e-05 0.000597184 0 0.000597184
1.91774e-05 0.000326082 0 0.000326082
2.10554e-05 0.000147139 0 0.000147139
2.31173e-05 5.38453e-05 0 5.38453e-05
