2.22408e-09 0 5.16156e-14 0
2.48358e-09 0 4.13331e-14 0
2.77335e-09 0 2.20232e-14 0
3.09694e-09 0 1.06872e-14 0
3.45828e-09 0 6.12741e-15 0
3.86177e-09 0 3.96565e-15 0
4.31235e-09 0 2.66297e-15 0
4.8155e-09 1.12573e-319 1.81296e-15 1.12573e-319
5.37735e-09 4.32163e-307 1.28236e-15 4.32163e-307
6.00476e-09 9.08128e-295 9.63103e-16 9.08128e-295
6.70538e-09 1.04457e-282 7.44757e-16 1.04457e-282
7.48773e-09 6.57706e-271 5.82077e-16 6.57706e-271
8.36138e-09 2.26695e-259 4.87142e-16 2.26695e-259
9.33695e-09 4.27744e-248 4.61709e-16 4.27744e-248
1.04263e-08 4.41846e-237 4.61573e-16 4.41846e-237
1.16429e-08 2.49874e-226 4.34922e-16 2.49874e-226
1.30013e-08 7.73661e-216 3.76299e-16 7.73661e-216
1.45182e-08 1.31153e-205 3.28394e-16 1.31153e-205
1.62122e-08 1.21738e-195 3.48352e-16 1.21738e-195
1.81038e-08 6.18753e-186 4.5778e-16 6.18753e-186
2.0216e-08 1.72216e-176 5.82894e-16 1.72216e-176
2.25748e-08 2.62496e-167 5.8425e-16 2.62496e-167
2.52087e-08 2.19125e-158 4.37812e-16 2.19125e-158
2.81499e-08 1.00188e-149 2.4074e-16 1.00188e-149
3.14344e-08 2.50913e-141 9.00074e-17 2.50913e-141
3.5102e-08 3.44238e-133 2.08678e-17 3.44238e-133
3.91976e-08 2.58737e-125 2.82412e-18 2.58737e-125
4.3771e-08 1.06554e-117 2.1644e-19 1.06554e-117
4.88781e-08 2.40462e-110 9.26137e-21 2.40462e-110
5.4581e-08 2.97401e-103 2.19718e-22 2.97401e-103
6.09493e-08 2.01613e-96 2.87916e-24 2.01613e-96
6.80606e-08 7.49284e-90 2.07908e-26 7.49284e-90
7.60016e-08 1.52688e-83 8.26054e-29 1.52688e-83
8.48692e-08 1.70642e-77 1.80381e-31 1.70642e-77
9.47714e-08 1.04613e-71 2.16293e-34 1.04613e-71
1.05829e-07 3.51905e-66 1.42322e-37 3.51905e-66
1.18177e-07 6.49734e-61 5.13614e-41 6.49734e-61
1.31965e-07 6.58678e-56 1.01613e-44 6.58678e-56
1.47362e-07 3.66793e-51 1.10166e-48 3.66793e-51
1.64556e-07 1.12253e-46 6.54332e-53 1.12253e-46
1.83756e-07 1.88911e-42 2.12862e-57 1.88911e-42
2.05196e-07 1.74952e-38 3.79189e-62 1.74952e-38
2.29137e-07 8.92398e-35 3.69829e-67 8.92398e-35
2.55872e-07 2.50985e-31 1.97456e-72 2.50985e-31
2.85726e-07 3.89737e-28 5.77056e-78 3.89737e-28
3.19064e-07 3.34702e-25 9.23001e-84 3.34702e-25
3.56291e-07 1.59306e-22 8.07961e-90 1.59306e-22
3.97861e-07 4.21375e-20 3.8704e-96 4.21375e-20
4.44282e-07 6.21569e-18 1.01456e-102 6.21569e-18
4.9612e-07 5.13673e-16 1.45524e-109 5.13673e-16
5.54005e-07 2.39303e-14 1.14213e-116 2.39303e-14
6.18644e-07 6.33971e-13 4.90465e-124 6.33971e-13
6.90825e-07 9.6776e-12 1.1524e-131 9.6776e-12
7.71428e-07 8.69759e-11 1.48146e-139 8.69759e-11
8.61435e-07 4.77891e-10 1.04199e-147 4.77891e-10
9.61944e-07 1.71527e-09 4.00979e-156 1.71527e-09
1.07418e-06 4.46292e-09 8.44223e-165 4.46292e-09
1.19951e-06 9.5435e-09 9.72448e-174 9.5435e-09
1.33947e-06 1.8681e-08 6.12841e-183 1.8681e-08
1.49575e-06 3.60856e-08 2.11299e-192 3.60856e-08
1.67027e-06 7.08355e-08 3.98581e-202 7.08355e-08
1.86515e-06 1.38607e-07 4.1134e-212 1.38607e-07
2.08277e-06 2.67065e-07 2.32247e-222 2.67065e-07
2.32578e-06 5.13193e-07 7.17403e-233 5.13193e-07
2.59714e-06 9.89342e-07 1.21238e-243 9.89342e-07
2.90016e-06 1.89629e-06 1.12093e-254 1.89629e-06
3.23854e-06 3.59787e-06 5.66994e-266 3.59787e-06
3.61641e-06 6.79297e-06 1.56906e-277 6.79297e-06
4.03835e-06 1.27738e-05 2.37555e-289 1.27738e-05
4.50953e-06 2.37713e-05 1.96765e-301 2.37713e-05
5.03569e-06 4.35777e-05 8.91647e-314 4.35777e-05
5.62323e-06 7.84718e-05 0 7.84718e-05
6.27933e-06 0.000137935 0 0.000137935
7.01198e-06 0.000234375 0 0.000234375
7.83011e-06 0.00038 0 0.00038
8.7437e-06 0.000578925 0 0.000578925
9.76388e-06 0.00081534 0 0.00081534
1.09031e-05 0.00104043 0 0.00104043
1.21752e-05 0.0011762 0 0.0011762
1.35958e-05 0.00115901 0 0.00115901
1.51821e-05 0.000993115 0 0.000993115
1.69535e-05 0.000751523 0 0.000751523
1.89315e-05 0.00051697 0 0.00051697
2.11404e-05 0.000332885 0 0.000332885
2.3607e-05 0.000206119 0 0.000206119
2.63614e-05 0.000127612 0 0.000127612
2.94371e-05 8.29668e-05 0 8.29668e-05
3.28717e-05 5.72134e-05 0 5.72134e-05
3.67071e-05 4.07798e-05 0 4.07798e-05
4.09899e-05 3.10293e-05 0 3.10293e-05
4.57725e-05 2.69443e-05 0 2.69443e-05
5.1113e-05 2.53523e-05 0 2.53523e-05
5.70767e-05 2.26936e-05 0 2.26936e-05
6.37362e-05 1.87109e-05 0 1.87109e-05
7.11727e-05 1.65333e-05 0 1.65333e-05
7.94768e-05 1.85818e-05 0 1.85818e-05
8.87499e-05 2.41659e-05 0 2.41659e-05
9.91049e-05 2.85212e-05 0 2.85212e-05
0.000110668 2.61865e-05 0 2.61865e-05
0.00012358 1.78304e-05 0 1.78304e-05
