2.22408e-09 0 5.35814e-16 0
2.55643e-09 0 3.78699e-16 0
2.93845e-09 0 1.62677e-16 0
3.37756e-09 0 8.05055e-17 0
3.88228e-09 0 5.12161e-17 0
4.46243e-09 0 3.57564e-17 0
5.12927e-09 1.03808e-314 2.60151e-17 1.03808e-314
5.89576e-09 4.72984e-299 1.99049e-17 4.72984e-299
6.77679e-09 8.25518e-284 1.60327e-17 8.25518e-284
7.78947e-09 5.51925e-269 1.39167e-17 5.51925e-269
8.95348e-09 1.41358e-254 1.28615e-17 1.41358e-254
1.02914e-08 1.38696e-240 1.27093e-17 1.38696e-240
1.18293e-08 5.21341e-227 1.53484e-17 5.21341e-227
1.3597e-08 7.50791e-214 1.96944e-17 7.50791e-214
1.56289e-08 4.14262e-201 2.39099e-17 4.14262e-201
1.79644e-08 8.75825e-189 2.71372e-17 8.75825e-189
2.06489e-08 7.09536e-177 3.17143e-17 7.09536e-177
2.37346e-08 2.20283e-165 4.48488e-17 2.20283e-165
2.72813e-08 2.62108e-154 7.0206e-17 2.62108e-154
3.13581e-08 1.1954e-143 1.0406e-16 1.1954e-143
3.6044e-08 2.08998e-133 1.35445e-16 2.08998e-133
4.14303e-08 1.40097e-123 1.7704e-16 1.40097e-123
4.76214e-08 3.60117e-114 2.36289e-16 3.60117e-114
5.47376e-08 3.55042e-105 2.97775e-16 3.55042e-105
6.29173e-08 1.34289e-96 5.40186e-16 1.34289e-96
7.23193e-08 1.94918e-88 1.3922e-15 1.94918e-88
8.31263e-08 1.08608e-80 3.28035e-15 1.08608e-80
9.55482e-08 2.32408e-73 5.98177e-15 2.32408e-73
1.09826e-07 1.91092e-66 8.5263e-15 1.91092e-66
1.26238e-07 6.04102e-60 1.02084e-14 6.04102e-60
1.45103e-07 7.34844e-54 1.1698e-14 7.34844e-54
1.66786e-07 3.44297e-48 1.51868e-14 3.44297e-48
1.91709e-07 6.22134e-43 2.02374e-14 6.22134e-43
2.20357e-07 4.34283e-38 2.28276e-14 4.34283e-38
2.53286e-07 1.1737e-33 2.19545e-14 1.1737e-33
2.91136e-07 1.23168e-29 1.84034e-14 1.23168e-29
3.34642e-07 5.03838e-26 1.1873e-14 5.03838e-26
3.84649e-07 8.07571e-23 5.08414e-15 8.07571e-23
4.42128e-07 5.10706e-20 1.64283e-15 5.10706e-20
5.08197e-07 1.28616e-17 6.34415e-16 1.28616e-17
5.8414e-07 1.30663e-15 1.93473e-16 1.30663e-15
6.7143e-07 5.46083e-14 2.66609e-17 5.46083e-14
7.71765e-07 9.72475e-13 1.44662e-18 9.72475e-13
8.87093e-07 7.93997e-12 3.01988e-20 7.93997e-12
1.01965e-06 3.45147e-11 2.41512e-22 3.45147e-11
1.17203e-06 1.00115e-10 7.39313e-25 1.00115e-10
1.34717e-06 2.3948e-10 8.66111e-28 2.3948e-10
1.54848e-06 5.5075e-10 3.88289e-31 5.5075e-10
1.77988e-06 1.28322e-09 6.66145e-35 1.28322e-09
2.04585e-06 2.96971e-09 4.37335e-39 2.96971e-09
2.35157e-06 6.81968e-09 1.09873e-43 6.81968e-09
2.70298e-06 1.52721e-08 1.05632e-48 1.52721e-08
3.10689e-06 3.34846e-08 3.88629e-54 3.34846e-08
3.57117e-06 7.35118e-08 5.47146e-60 7.35118e-08
4.10483e-06 1.60951e-07 2.94783e-66 1.60951e-07
4.71823e-06 3.45713e-07 6.07762e-73 3.45713e-07
5.42329e-06 7.21304e-07 4.79507e-80 7.21304e-07
6.23372e-06 1.44863e-06 1.44773e-87 1.44863e-06
7.16525e-06 2.75675e-06 1.67267e-95 2.75675e-06
8.23598e-06 4.83763e-06 7.39543e-104 4.83763e-06
9.46672e-06 7.58641e-06 1.25126e-112 7.58641e-06
1.08814e-05 1.02663e-05 8.10146e-122 1.02663e-05
1.25074e-05 1.14952e-05 2.00729e-131 1.14952e-05
1.43765e-05 1.04007e-05 1.90321e-141 1.04007e-05
1.65248e-05 7.75362e-06 6.90549e-152 7.75362e-06
1.89942e-05 5.09721e-06 9.58811e-163 5.09721e-06
2.18326e-05 3.1929e-06 5.09451e-174 3.1929e-06
2.50951e-05 2.01841e-06 1.03586e-185 2.01841e-06
2.88452e-05 1.35916e-06 8.05997e-198 1.35916e-06
3.31556e-05 9.90717e-07 2.39991e-210 9.90717e-07
3.81102e-05 7.95189e-07 2.73456e-223 7.95189e-07
4.38052e-05 6.86653e-07 1.19237e-236 6.86653e-07
5.03512e-05 6.72016e-07 1.98959e-250 6.72016e-07
5.78753e-05 8.18126e-07 1.27043e-264 8.18126e-07
6.65239e-05 1.02763e-06 3.10431e-279 1.02763e-06
7.64649e-05 1.19833e-06 2.90276e-294 1.19833e-06
8.78913e-05 1.32283e-06 1.03869e-309 1.32283e-06
0.000101025 1.63738e-06 0 1.63738e-06
0.000116122 2.48154e-06 0 2.48154e-06
0.000133475 3.84536e-06 0 3.84536e-06
0.00015342 5.35906e-06 0 5.35906e-06
0.000176346 6.79244e-06 0 6.79244e-06
0.000202699 9.14592e-06 0 9.14592e-06
0.000232989 1.16787e-05 0 1.16787e-05
0.000267805 1.64593e-05 0 1.64593e-05
0.000307825 3.71365e-05 0 3.71365e-05
0.000353824 9.5223e-05 0 9.5223e-05
0.000406698 0.000199848 0 0.000199848
0.000467472 0.000321739 0 0.000321739
0.000537329 0.000417678 0 0.000417678
0.000617624 0.000478659 0 0.000478659
0.000709918 0.000575478 0 0.000575478
0.000816004 0.000779921 0 0.000779921
0.000937943 0.000971118 0 0.000971118
0.0010781 0.00100638 0 0.00100638
0.00123921 0.00091213 0 0.00091213
0.00142439 0.00069015 0 0.00069015
0.00163724 0.0003706 0 0.0003706
0.0018819 0.000132189 0 0.000132189
0.00216312 4.51576e-05 0 4.51576e-05
