2.22408e-09 0 1.54715e-17 0
2.55511e-09 0 6.67122e-18 0
2.93541e-09 0 1.50144e-18 0
3.37232e-09 0 1.1908e-18 0
3.87425e-09 0 1.26725e-18 0
4.4509e-09 0 1.46143e-18 0
5.11337e-09 0 1.77403e-18 0
5.87444e-09 0 2.14321e-18 0
6.74879e-09 0 2.80734e-18 0
7.75327e-09 0 4.32312e-18 0
8.90727e-09 0 5.92536e-18 0
1.0233e-08 0 8.08963e-18 0
1.17561e-08 0 1.10405e-17 0
1.35059e-08 0 1.61323e-17 0
1.55161e-08 0 2.09357e-17 0
1.78255e-08 0 2.8107e-17 0
2.04786e-08 2.11189e-308 4.45237e-17 2.11189e-308
2.35267e-08 5.05648e-287 5.95079e-17 5.05648e-287
2.70284e-08 1.92084e-266 8.56951e-17 1.92084e-266
3.10512e-08 1.1577e-246 1.43767e-16 1.1577e-246
3.56729e-08 1.10705e-227 2.23487e-16 1.10705e-227
4.09824e-08 1.6796e-209 3.45261e-16 1.6796e-209
4.70822e-08 4.04301e-192 4.8995e-16 4.04301e-192
5.409e-08 1.54408e-175 6.35045e-16 1.54408e-175
6.21407e-08 9.35617e-160 7.45831e-16 9.35617e-160
7.13897e-08 8.9948e-145 8.22947e-16 8.9948e-145
8.20153e-08 1.37198e-130 8.38138e-16 1.37198e-130
9.42224e-08 3.32025e-117 6.65189e-16 3.32025e-117
1.08246e-07 1.27485e-104 4.35476e-16 1.27485e-104
1.24358e-07 7.7662e-93 2.6946e-16 7.7662e-93
1.42867e-07 7.50627e-82 9.03529e-17 7.50627e-82
1.64131e-07 1.15108e-71 1.4753e-17 1.15108e-71
1.88561e-07 2.80058e-62 9.67954e-19 2.80058e-62
2.16626e-07 1.08108e-53 1.43476e-20 1.08108e-53
2.48868e-07 6.62109e-46 3.73001e-23 6.62109e-46
2.8591e-07 6.43379e-39 1.59985e-26 6.43379e-39
3.28465e-07 9.91902e-33 1.11543e-30 9.91902e-33
3.77353e-07 2.42625e-27 1.25792e-35 2.42625e-27
4.33518e-07 9.41598e-23 2.28793e-41 9.41598e-23
4.98043e-07 5.79777e-19 6.69508e-48 5.79777e-19
5.72172e-07 5.66396e-16 3.1449e-55 5.66396e-16
6.57333e-07 8.77899e-14 2.3665e-63 8.77899e-14
7.55171e-07 2.15901e-12 2.84753e-72 2.15901e-12
8.6757e-07 8.46389e-12 5.47047e-82 8.46389e-12
9.96699e-07 7.73384e-12 1.67578e-92 7.73384e-12
1.14505e-06 2.61042e-11 8.17691e-104 2.61042e-11
1.31548e-06 4.2511e-11 6.35001e-116 4.2511e-11
1.51127e-06 1.16391e-11 7.84295e-129 1.16391e-11
1.73621e-06 6.94508e-12 1.53983e-142 6.94508e-12
1.99462e-06 6.08141e-11 4.80367e-157 6.08141e-11
2.2915e-06 1.75669e-10 2.38033e-172 1.75669e-10
2.63257e-06 5.49702e-10 1.87307e-188 5.49702e-10
3.0244e-06 1.37031e-09 2.34012e-205 1.37031e-09
3.47455e-06 2.89134e-09 4.64109e-223 2.89134e-09
3.9917e-06 3.65003e-09 1.461e-241 3.65003e-09
4.58582e-06 5.31664e-09 7.29934e-261 5.31664e-09
5.26837e-06 9.4559e-09 5.78752e-281 9.4559e-09
6.05252e-06 1.45766e-08 7.28201e-302 1.45766e-08
6.95337e-06 2.63203e-08 1.4822e-323 2.63203e-08
7.98831e-06 4.38896e-08 0 4.38896e-08
9.17728e-06 6.64539e-08 0 6.64539e-08
1.05432e-05 9.9668e-08 0 9.9668e-08
1.21125e-05 1.20875e-07 0 1.20875e-07
1.39153e-05 1.54817e-07 0 1.54817e-07
1.59864e-05 2.26341e-07 0 2.26341e-07
1.83659e-05 3.26008e-07 0 3.26008e-07
2.10994e-05 4.76706e-07 0 4.76706e-07
2.42398e-05 7.39304e-07 0 7.39304e-07
2.78477e-05 1.08019e-06 0 1.08019e-06
3.19925e-05 1.39383e-06 0 1.39383e-06
3.67543e-05 1.45774e-06 0 1.45774e-06
4.22248e-05 1.3881e-06 0 1.3881e-06
4.85095e-05 1.44565e-06 0 1.44565e-06
5.57296e-05 1.6296e-06 0 1.6296e-06
6.40244e-05 1.91858e-06 0 1.91858e-06
7.35538e-05 2.29441e-06 0 2.29441e-06
8.45015e-05 2.74104e-06 0 2.74104e-06
9.70787e-05 3.79451e-06 0 3.79451e-06
0.000111528 5.78963e-06 0 5.78963e-06
0.000128128 7.89283e-06 0 7.89283e-06
0.000147198 1.06717e-05 0 1.06717e-05
0.000169107 1.48853e-05 0 1.48853e-05
0.000194277 2.1242e-05 0 2.1242e-05
0.000223193 2.66504e-05 0 2.66504e-05
0.000256413 3.92658e-05 0 3.92658e-05
0.000294577 5.91603e-05 0 5.91603e-05
0.000338422 7.74549e-05 0 7.74549e-05
0.000388792 0.000122132 0 0.000122132
0.00044666 0.000199621 0 0.000199621
0.000513141 0.000307768 0 0.000307768
0.000589516 0.000467485 0 0.000467485
0.00067726 0.000639351 0 0.000639351
0.000778063 0.000802995 0 0.000802995
0.00089387 0.000915882 0 0.000915882
0.00102691 0.000995079 0 0.000995079
0.00117976 0.000943165 0 0.000943165
0.00135535 0.000677799 0 0.000677799
0.00155708 0.000444888 0 0.000444888
0.00178884 0.000236168 0 0.000236168
0.00205509 6.00389e-05 0 6.00389e-05
