2.22408e-09 0 9.14709e-18 0
2.56536e-09 0 3.53131e-18 0
2.95901e-09 0 3.41009e-19 0
3.41307e-09 0 1.36065e-19 0
3.9368e-09 0 1.14429e-19 0
4.5409e-09 0 1.14369e-19 0
5.23769e-09 0 1.21011e-19 0
6.04141e-09 0 1.25247e-19 0
6.96845e-09 0 1.5561e-19 0
8.03775e-09 0 2.25755e-19 0
9.27113e-09 0 3.28671e-19 0
1.06938e-08 0 4.73544e-19 0
1.23347e-08 0 6.4185e-19 0
1.42275e-08 0 8.54232e-19 0
1.64106e-08 0 1.16627e-18 0
1.89288e-08 6.63036e-321 1.87956e-18 6.63036e-321
2.18334e-08 1.87168e-298 2.97632e-18 1.87168e-298
2.51837e-08 7.52769e-277 4.48779e-18 7.52769e-277
2.90482e-08 4.3127e-256 8.85665e-18 4.3127e-256
3.35056e-08 3.51959e-236 1.82908e-17 3.51959e-236
3.86469e-08 4.09159e-217 3.46399e-17 4.09159e-217
4.45773e-08 6.7756e-199 6.22589e-17 6.7756e-199
5.14176e-08 1.59831e-181 1.14355e-16 1.59831e-181
5.93075e-08 5.37067e-165 1.96438e-16 5.37067e-165
6.84082e-08 2.57071e-149 2.91011e-16 2.57071e-149
7.89053e-08 1.75281e-134 4.34911e-16 1.75281e-134
9.10132e-08 1.70244e-120 6.45803e-16 1.70244e-120
1.04979e-07 2.3554e-107 8.46107e-16 2.3554e-107
1.21088e-07 4.64209e-95 9.32001e-16 4.64209e-95
1.39669e-07 1.30322e-83 9.15388e-16 1.30322e-83
1.61101e-07 5.21172e-73 7.26234e-16 5.21172e-73
1.85821e-07 2.96893e-63 4.45581e-16 2.96893e-63
2.14335e-07 2.40921e-54 1.51847e-16 2.40921e-54
2.47225e-07 2.78487e-46 2.10786e-17 2.78487e-46
2.85161e-07 4.58555e-39 9.07202e-19 4.58555e-39
3.28919e-07 1.07556e-32 8.2805e-21 1.07556e-32
3.79391e-07 3.59363e-27 1.28081e-23 3.59363e-27
4.37608e-07 1.71037e-22 3.07314e-27 1.71037e-22
5.04758e-07 1.15958e-18 1.1023e-31 1.15958e-18
5.82212e-07 1.11987e-15 5.80011e-37 1.11987e-15
6.71552e-07 1.54061e-13 4.42785e-43 1.54061e-13
7.74601e-07 3.01941e-12 4.87083e-50 3.01941e-12
8.93462e-07 8.53305e-12 7.68793e-58 8.53305e-12
1.03056e-06 8.18305e-12 1.73638e-66 8.18305e-12
1.1887e-06 3.27791e-11 5.6025e-76 3.27791e-11
1.3711e-06 3.23199e-11 2.57964e-86 3.23199e-11
1.5815e-06 5.16497e-12 1.6939e-97 5.16497e-12
1.82418e-06 1.55447e-11 1.58557e-109 1.55447e-11
2.1041e-06 8.53431e-11 2.11515e-122 8.53431e-11
2.42697e-06 2.44162e-10 4.02051e-136 2.44162e-10
2.79938e-06 7.02041e-10 1.08882e-150 7.02041e-10
3.22894e-06 1.72502e-09 4.2009e-166 1.72502e-09
3.72442e-06 2.69786e-09 2.30896e-182 2.69786e-09
4.29592e-06 3.35291e-09 1.80787e-199 3.35291e-09
4.95513e-06 5.47894e-09 2.01646e-217 5.47894e-09
5.71548e-06 8.87544e-09 3.20388e-236 8.87544e-09
6.59252e-06 1.39226e-08 7.25146e-256 1.39226e-08
7.60413e-06 2.42846e-08 2.33794e-276 2.42846e-08
8.77097e-06 3.50077e-08 1.07374e-297 3.50077e-08
1.01169e-05 5.07413e-08 7.02463e-320 5.07413e-08
1.16693e-05 6.07099e-08 0 6.07099e-08
1.34599e-05 6.68019e-08 0 6.68019e-08
1.55253e-05 8.62803e-08 0 8.62803e-08
1.79077e-05 1.1021e-07 0 1.1021e-07
2.06556e-05 1.39159e-07 0 1.39159e-07
2.38251e-05 1.836e-07 0 1.836e-07
2.74811e-05 2.25787e-07 0 2.25787e-07
3.1698e-05 2.49611e-07 0 2.49611e-07
3.6562e-05 2.21116e-07 0 2.21116e-07
4.21724e-05 1.72985e-07 0 1.72985e-07
4.86437e-05 1.4607e-07 0 1.4607e-07
5.6108e-05 1.35122e-07 0 1.35122e-07
6.47177e-05 1.38208e-07 0 1.38208e-07
7.46485e-05 1.4613e-07 0 1.4613e-07
8.61032e-05 1.53727e-07 0 1.53727e-07
9.93156e-05 2.00498e-07 0 2.00498e-07
0.000114555 2.94021e-07 0 2.94021e-07
0.000132134 4.41979e-07 0 4.41979e-07
0.00015241 6.02213e-07 0 6.02213e-07
0.000175797 8.3035e-07 0 8.3035e-07
0.000202772 1.06766e-06 0 1.06766e-06
0.000233887 1.57097e-06 0 1.57097e-06
0.000269777 2.5686e-06 0 2.5686e-06
0.000311174 3.87755e-06 0 3.87755e-06
0.000358923 6.23294e-06 0 6.23294e-06
0.000413999 1.31089e-05 0 1.31089e-05
0.000477527 2.59496e-05 0 2.59496e-05
0.000550803 4.84778e-05 0 4.84778e-05
0.000635323 8.7174e-05 0 8.7174e-05
0.000732812 0.000159759 0 0.000159759
0.000845261 0.000262235 0 0.000262235
0.000974965 0.00038124 0 0.00038124
0.00112457 0.000580074 0 0.000580074
0.00129714 0.00083477 0 0.00083477
0.00149618 0.00104321 0 0.00104321
0.00172577 0.0011053 0 0.0011053
0.00199058 0.00103521 0 0.00103521
0.00229603 0.000767987 0 0.000767987
0.00264836 0.000417108 0 0.000417108
0.00305474 0.000111915 0 0.000111915
