2.22408e-09 0 1.63963e-16 0
2.52565e-09 0 2.50826e-17 0
2.86812e-09 0 4.61141e-17 0
3.25702e-09 0 4.02817e-17 0
3.69865e-09 0 4.75629e-17 0
4.20017e-09 0 6.39175e-17 0
4.76969e-09 0 8.74175e-17 0
5.41644e-09 0 1.13889e-16 0
6.15088e-09 0 1.42006e-16 0
6.9849e-09 0 1.80997e-16 0
7.93201e-09 0 2.25606e-16 0
9.00755e-09 0 2.7405e-16 0
1.02289e-08 0 3.49142e-16 0
1.16159e-08 0 4.2011e-16 0
1.3191e-08 0 4.80313e-16 0
1.49796e-08 0 5.65116e-16 0
1.70107e-08 0 6.33323e-16 0
1.93173e-08 0 6.37953e-16 0
2.19366e-08 0 5.7559e-16 0
2.49111e-08 0 5.36722e-16 0
2.82889e-08 0 4.21212e-16 0
3.21247e-08 0 2.8985e-16 0
3.64807e-08 0 1.83333e-16 0
4.14273e-08 0 6.7815e-17 0
4.70446e-08 0 1.73207e-17 0
5.34236e-08 0 7.41835e-19 0
6.06675e-08 0 5.39395e-22 0
6.88937e-08 0 4.29995e-27 0
7.82353e-08 0 3.39443e-34 0
8.88436e-08 3.09791e-312 2.5557e-43 3.09791e-312
1.0089e-07 2.20663e-278 1.80625e-54 2.20663e-278
1.1457e-07 1.44825e-246 1.18951e-67 1.44825e-246
1.30106e-07 8.75811e-217 7.27217e-83 8.75811e-217
1.47747e-07 4.88014e-189 4.11878e-100 4.88014e-189
1.67781e-07 2.50558e-163 2.15848e-119 2.50558e-163
1.90531e-07 1.18533e-139 1.04582e-140 1.18533e-139
2.16366e-07 5.16683e-118 4.68228e-164 5.16683e-118
2.45704e-07 2.07521e-98 1.93632e-189 2.07521e-98
2.7902e-07 7.67989e-81 7.39403e-217 7.67989e-81
3.16854e-07 2.6188e-65 2.60653e-246 2.6188e-65
3.59818e-07 8.22817e-52 8.48071e-278 8.22817e-52
4.08607e-07 2.38209e-40 2.54632e-311 2.38209e-40
4.64012e-07 6.35429e-31 0 6.35429e-31
5.26929e-07 1.56182e-23 0 1.56182e-23
5.98378e-07 3.53711e-18 0 3.53711e-18
6.79515e-07 7.38108e-15 0 7.38108e-15
7.71653e-07 1.41921e-13 0 1.41921e-13
8.76285e-07 2.51461e-14 0 2.51461e-14
9.95104e-07 1.04567e-14 0 1.04567e-14
1.13004e-06 6.59824e-13 0 6.59824e-13
1.28326e-06 1.87713e-12 0 1.87713e-12
1.45727e-06 5.30661e-12 0 5.30661e-12
1.65486e-06 6.26832e-12 0 6.26832e-12
1.87925e-06 7.27103e-12 0 7.27103e-12
2.13407e-06 2.09846e-11 0 2.09846e-11
2.42344e-06 4.40059e-11 0 4.40059e-11
2.75204e-06 1.19497e-10 0 1.19497e-10
3.1252e-06 2.58541e-10 0 2.58541e-10
3.54896e-06 5.71278e-10 0 5.71278e-10
4.03018e-06 9.91805e-10 0 9.91805e-10
4.57666e-06 2.48413e-09 0 2.48413e-09
5.19722e-06 4.57706e-09 0 4.57706e-09
5.90194e-06 9.72319e-09 0 9.72319e-09
6.70221e-06 2.06244e-08 0 2.06244e-08
7.61099e-06 3.90928e-08 0 3.90928e-08
8.643e-06 7.33999e-08 0 7.33999e-08
9.81495e-06 1.45556e-07 0 1.45556e-07
1.11458e-05 3.0555e-07 0 3.0555e-07
1.26571e-05 6.26953e-07 0 6.26953e-07
1.43733e-05 1.19514e-06 0 1.19514e-06
1.63223e-05 2.18891e-06 0 2.18891e-06
1.85355e-05 4.2022e-06 0 4.2022e-06
2.10488e-05 7.85883e-06 0 7.85883e-06
2.39029e-05 1.41542e-05 0 1.41542e-05
2.7144e-05 2.36728e-05 0 2.36728e-05
3.08246e-05 3.76369e-05 0 3.76369e-05
3.50043e-05 5.11473e-05 0 5.11473e-05
3.97506e-05 5.72723e-05 0 5.72723e-05
4.51406e-05 5.72925e-05 0 5.72925e-05
5.12614e-05 6.27359e-05 0 6.27359e-05
5.82122e-05 8.09883e-05 0 8.09883e-05
6.61055e-05 0.000107034 0 0.000107034
7.5069e-05 0.000140159 0 0.000140159
8.5248e-05 0.000173495 0 0.000173495
9.68071e-05 0.000220534 0 0.000220534
0.000109934 0.000273563 0 0.000273563
0.00012484 0.000334113 0 0.000334113
0.000141768 0.00042401 0 0.00042401
0.000160991 0.000511036 0 0.000511036
0.00018282 0.000579925 0 0.000579925
0.000207609 0.000683825 0 0.000683825
0.00023576 0.000764918 0 0.000764918
0.000267728 0.000762224 0 0.000762224
0.00030403 0.000687423 0 0.000687423
0.000345255 0.000642298 0 0.000642298
0.00039207 0.000497885 0 0.000497885
0.000445232 0.000340904 0 0.000340904
0.000505603 0.00021293 0 0.00021293
0.000574161 7.51809e-05 0 7.51809e-05
0.000652014 1.90909e-05 0 1.90909e-05
