2.22408e-09 0 5.69784e-15 0
2.47153e-09 0 1.13541e-15 0
2.74652e-09 0 8.98436e-18 0
3.0521e-09 0 2.82298e-21 0
3.39168e-09 0 3.52222e-26 0
3.76904e-09 0 1.74508e-32 0
4.18839e-09 0 3.43321e-40 0
4.6544e-09 0 2.6821e-49 0
5.17225e-09 0 8.32026e-60 0
5.74772e-09 0 1.02491e-71 0
6.38722e-09 0 5.01333e-85 0
7.09787e-09 0 9.73765e-100 0
7.88758e-09 0 7.51051e-116 0
8.76516e-09 0 2.30024e-133 0
9.74039e-09 0 2.79747e-152 0
1.08241e-08 0 1.35097e-172 0
1.20284e-08 0 2.59069e-194 0
1.33667e-08 0 1.97276e-217 0
1.48539e-08 0 5.96512e-242 0
1.65066e-08 0 7.16231e-268 0
1.83431e-08 0 3.41488e-295 0
2.0384e-08 0 0 0
2.26519e-08 0 0 0
2.51722e-08 0 0 0
2.79729e-08 0 0 0
3.10852e-08 0 0 0
3.45437e-08 0 0 0
3.83871e-08 0 0 0
4.26581e-08 0 0 0
4.74043e-08 0 0 0
5.26786e-08 0 0 0
5.85396e-08 0 0 0
6.50528e-08 0 0 0
7.22907e-08 0 0 0
8.03338e-08 0 0 0
8.92718e-08 3.82912e-310 0 3.82912e-310
9.92043e-08 5.61047e-282 0 5.61047e-282
1.10242e-07 3.26428e-255 0 3.26428e-255
1.22508e-07 7.54161e-230 0 7.54161e-230
1.36138e-07 6.91877e-206 0 6.91877e-206
1.51285e-07 2.52047e-183 0 2.52047e-183
1.68117e-07 3.64606e-162 0 3.64606e-162
1.86822e-07 2.09437e-142 0 2.09437e-142
2.07608e-07 4.77718e-124 0 4.77718e-124
2.30706e-07 4.32691e-107 0 4.32691e-107
2.56375e-07 1.55623e-91 0 1.55623e-91
2.849e-07 2.22257e-77 0 2.22257e-77
3.16598e-07 1.26046e-64 0 1.26046e-64
3.51823e-07 2.83849e-53 0 2.83849e-53
3.90967e-07 2.53826e-43 0 2.53826e-43
4.34466e-07 9.01305e-35 0 9.01305e-35
4.82806e-07 1.27086e-27 0 1.27086e-27
5.36523e-07 7.11557e-22 0 7.11557e-22
5.96217e-07 1.58202e-17 0 1.58202e-17
6.62553e-07 1.3967e-14 0 1.3967e-14
7.36269e-07 4.90156e-13 0 4.90156e-13
8.18188e-07 8.14014e-13 0 8.14014e-13
9.0922e-07 1.4037e-12 0 1.4037e-12
1.01038e-06 1.5717e-12 0 1.5717e-12
1.1228e-06 7.77235e-12 0 7.77235e-12
1.24772e-06 1.91193e-11 0 1.91193e-11
1.38654e-06 2.86568e-11 0 2.86568e-11
1.54081e-06 4.82185e-11 0 4.82185e-11
1.71224e-06 7.89526e-11 0 7.89526e-11
1.90275e-06 1.27395e-10 0 1.27395e-10
2.11445e-06 3.452e-10 0 3.452e-10
2.34971e-06 7.0044e-10 0 7.0044e-10
2.61114e-06 1.2922e-09 0 1.2922e-09
2.90166e-06 2.51976e-09 0 2.51976e-09
3.2245e-06 4.33429e-09 0 4.33429e-09
3.58326e-06 7.95144e-09 0 7.95144e-09
3.98194e-06 1.6305e-08 0 1.6305e-08
4.42497e-06 3.12991e-08 0 3.12991e-08
4.9173e-06 5.56571e-08 0 5.56571e-08
5.4644e-06 9.63563e-08 0 9.63563e-08
6.07238e-06 1.93146e-07 0 1.93146e-07
6.748e-06 3.7089e-07 0 3.7089e-07
7.49879e-06 7.07269e-07 0 7.07269e-07
8.33311e-06 1.30029e-06 0 1.30029e-06
9.26027e-06 2.37908e-06 0 2.37908e-06
1.02906e-05 4.44511e-06 0 4.44511e-06
1.14355e-05 8.38584e-06 0 8.38584e-06
1.27078e-05 1.56315e-05 0 1.56315e-05
1.41217e-05 2.86907e-05 0 2.86907e-05
1.56929e-05 5.04292e-05 0 5.04292e-05
1.74389e-05 8.94431e-05 0 8.94431e-05
1.93792e-05 0.000158999 0 0.000158999
2.15354e-05 0.000272025 0 0.000272025
2.39314e-05 0.000442978 0 0.000442978
2.65941e-05 0.000686521 0 0.000686521
2.95529e-05 0.00100175 0 0.00100175
3.2841e-05 0.00132553 0 0.00132553
3.6495e-05 0.00152994 0 0.00152994
4.05554e-05 0.00152711 0 0.00152711
4.50677e-05 0.00121969 0 0.00121969
5.0082e-05 0.000710691 0 0.000710691
5.56541e-05 0.000296022 0 0.000296022
6.18463e-05 7.67852e-05 0 7.67852e-05
6.87273e-05 1.04454e-05 0 1.04454e-05
7.6374e-05 1.11111e-06 0 1.11111e-06
