2.22408e-09 0 2.59176e-15 0
2.47493e-09 0 1.70794e-15 0
2.75407e-09 0 7.94949e-16 0
3.06469e-09 0 4.90399e-16 0
3.41034e-09 0 2.71154e-16 0
3.79498e-09 0 1.32998e-16 0
4.22301e-09 0 5.24159e-17 0
4.69931e-09 0 1.51605e-17 0
5.22933e-09 0 3.2875e-18 0
5.81912e-09 0 4.60445e-19 0
6.47544e-09 0 2.99621e-20 0
7.20579e-09 0 7.3952e-22 0
8.0185e-09 0 6.41063e-24 0
8.92288e-09 0 1.89894e-26 0
9.92927e-09 0 1.90202e-29 0
1.10492e-08 0 6.41382e-33 0
1.22954e-08 0 7.26779e-37 0
1.36821e-08 0 2.76505e-41 0
1.52253e-08 0 3.53064e-46 0
1.69425e-08 0 1.51278e-51 0
1.88533e-08 0 2.17488e-57 0
2.09798e-08 0 1.0491e-63 0
2.3346e-08 0 1.6979e-70 0
2.59791e-08 0 9.2197e-78 0
2.89092e-08 0 1.67969e-85 0
3.21698e-08 0 1.02672e-93 0
3.57981e-08 0 2.10561e-102 0
3.98356e-08 0 1.44881e-111 0
4.43286e-08 4.0469e-311 3.34467e-121 4.0469e-311
4.93282e-08 1.79379e-294 2.5906e-131 1.79379e-294
5.48918e-08 2.66765e-278 6.73217e-142 2.66765e-278
6.10829e-08 1.33104e-262 5.86971e-153 1.33104e-262
6.79722e-08 2.22824e-247 1.71706e-164 2.22824e-247
7.56385e-08 1.25152e-232 1.68523e-176 1.25152e-232
8.41696e-08 2.35842e-218 5.54934e-189 2.35842e-218
9.36628e-08 1.49112e-204 6.13098e-202 1.49112e-204
1.04227e-07 3.16306e-191 2.27261e-215 3.16306e-191
1.15982e-07 2.25119e-178 2.82635e-229 2.25119e-178
1.29063e-07 5.37554e-166 1.17933e-243 5.37554e-166
1.4362e-07 4.30665e-154 1.65101e-258 4.30665e-154
1.59818e-07 1.15761e-142 7.75484e-274 1.15761e-142
1.77844e-07 1.04398e-131 1.22209e-289 1.04398e-131
1.97902e-07 3.15886e-121 6.46156e-306 3.15886e-121
2.20223e-07 3.20682e-111 1.18576e-322 3.20682e-111
2.45061e-07 1.09226e-101 0 1.09226e-101
2.72701e-07 1.2482e-92 0 1.2482e-92
3.03457e-07 4.78574e-84 0 4.78574e-84
3.37683e-07 6.15632e-76 0 6.15632e-76
3.7577e-07 2.65707e-68 0 2.65707e-68
4.18151e-07 3.84763e-61 0 3.84763e-61
4.65313e-07 1.86938e-54 0 1.86938e-54
5.17794e-07 3.04735e-48 0 3.04735e-48
5.76195e-07 1.66679e-42 0 1.66679e-42
6.41182e-07 3.05918e-37 0 3.05918e-37
7.13498e-07 1.8843e-32 0 1.8843e-32
7.93972e-07 3.89618e-28 0 3.89618e-28
8.83521e-07 2.70593e-24 0 2.70593e-24
9.8317e-07 6.31951e-21 0 6.31951e-21
1.09406e-06 4.9744e-18 0 4.9744e-18
1.21745e-06 1.32581e-15 0 1.32581e-15
1.35477e-06 1.20708e-13 0 1.20708e-13
1.50757e-06 3.81516e-12 0 3.81516e-12
1.6776e-06 4.30396e-11 0 4.30396e-11
1.86681e-06 1.82613e-10 0 1.82613e-10
2.07736e-06 3.44713e-10 0 3.44713e-10
2.31166e-06 4.84732e-10 0 4.84732e-10
2.57238e-06 6.26741e-10 0 6.26741e-10
2.86251e-06 8.81962e-10 0 8.81962e-10
3.18537e-06 3.25194e-09 0 3.25194e-09
3.54464e-06 9.33038e-09 0 9.33038e-09
3.94442e-06 1.78026e-08 0 1.78026e-08
4.3893e-06 3.32075e-08 0 3.32075e-08
4.88435e-06 6.22426e-08 0 6.22426e-08
5.43524e-06 1.16271e-07 0 1.16271e-07
6.04827e-06 2.13422e-07 0 2.13422e-07
6.73043e-06 3.84001e-07 0 3.84001e-07
7.48953e-06 7.16826e-07 0 7.16826e-07
8.33425e-06 1.31597e-06 0 1.31597e-06
9.27425e-06 2.35248e-06 0 2.35248e-06
1.03203e-05 4.40961e-06 0 4.40961e-06
1.14842e-05 8.80074e-06 0 8.80074e-06
1.27795e-05 1.67208e-05 0 1.67208e-05
1.42209e-05 2.9048e-05 0 2.9048e-05
1.58248e-05 4.86126e-05 0 4.86126e-05
1.76096e-05 8.34625e-05 0 8.34625e-05
1.95958e-05 0.000144071 0 0.000144071
2.18059e-05 0.000243337 0 0.000243337
2.42653e-05 0.000400218 0 0.000400218
2.70021e-05 0.000623422 0 0.000623422
3.00476e-05 0.000893421 0 0.000893421
3.34365e-05 0.0011595 0 0.0011595
3.72077e-05 0.00132385 0 0.00132385
4.14043e-05 0.00131236 0 0.00131236
4.60741e-05 0.00114228 0 0.00114228
5.12707e-05 0.000892545 0 0.000892545
5.70533e-05 0.000604597 0 0.000604597
6.34882e-05 0.000340088 0 0.000340088
7.06488e-05 0.000169917 0 0.000169917
7.8617e-05 7.77603e-05 0 7.77603e-05
8.7484e-05 2.86736e-05 0 2.86736e-05
