2.22408e-09 0 3.27255e-15 0
2.46778e-09 0 1.95166e-15 0
2.73818e-09 0 4.13957e-16 0
3.03821e-09 0 3.12278e-17 0
3.37111e-09 0 8.37842e-19 0
3.74049e-09 0 7.99498e-21 0
4.15035e-09 0 2.71336e-23 0
4.60511e-09 0 3.27515e-26 0
5.10971e-09 0 1.40602e-29 0
5.66959e-09 0 2.14676e-33 0
6.29082e-09 0 1.16577e-37 0
6.98012e-09 0 2.25151e-42 0
7.74495e-09 0 1.54658e-47 0
8.59358e-09 0 3.77835e-53 0
9.5352e-09 0 3.28298e-59 0
1.058e-08 0 1.01454e-65 0
1.17393e-08 0 1.11507e-72 0
1.30256e-08 0 4.35886e-80 0
1.44528e-08 0 6.06006e-88 0
1.60365e-08 0 2.99651e-96 0
1.77936e-08 0 5.26973e-105 0
1.97433e-08 0 3.29607e-114 0
2.19066e-08 0 7.33226e-124 0
2.4307e-08 0 5.80115e-134 0
2.69704e-08 0 1.6324e-144 0
2.99256e-08 0 1.63369e-155 0
3.32046e-08 0 5.81502e-167 0
3.68429e-08 0 7.36149e-179 0
4.08799e-08 4.94066e-324 3.31447e-191 4.94066e-324
4.53592e-08 1.68737e-307 5.3076e-204 1.68737e-307
5.03293e-08 2.1394e-291 3.02285e-217 2.1394e-291
5.5844e-08 9.64734e-276 6.12306e-231 9.64734e-276
6.1963e-08 1.54724e-260 4.41119e-245 1.54724e-260
6.87524e-08 8.82556e-246 1.13026e-259 8.82556e-246
7.62858e-08 1.79045e-231 1.02999e-274 1.79045e-231
8.46446e-08 1.29186e-217 3.33829e-290 1.29186e-217
9.39193e-08 3.31515e-204 3.84813e-306 3.31515e-204
1.0421e-07 3.0257e-191 0 3.0257e-191
1.15629e-07 9.82162e-179 0 9.82162e-179
1.28299e-07 1.1339e-166 0 1.1339e-166
1.42357e-07 4.65587e-155 0 4.65587e-155
1.57955e-07 6.79926e-144 0 6.79926e-144
1.75262e-07 3.53148e-133 0 3.53148e-133
1.94466e-07 6.52359e-123 0 6.52359e-123
2.15775e-07 4.28599e-113 0 4.28599e-113
2.39418e-07 1.0015e-103 0 1.0015e-103
2.65651e-07 8.32307e-95 0 8.32307e-95
2.94759e-07 2.4601e-86 0 2.4601e-86
3.27057e-07 2.58616e-78 0 2.58616e-78
3.62893e-07 9.66929e-71 0 9.66929e-71
4.02656e-07 1.28579e-63 0 1.28579e-63
4.46776e-07 6.08116e-57 0 6.08116e-57
4.9573e-07 1.02293e-50 0 1.02293e-50
5.50049e-07 6.12012e-45 0 6.12012e-45
6.10319e-07 1.30241e-39 0 1.30241e-39
6.77193e-07 9.85937e-35 0 9.85937e-35
7.51395e-07 2.65548e-30 0 2.65548e-30
8.33727e-07 2.54558e-26 0 2.54558e-26
9.25081e-07 8.69151e-23 0 8.69151e-23
1.02644e-06 1.05851e-19 0 1.05851e-19
1.13891e-06 4.61119e-17 0 4.61119e-17
1.26371e-06 7.22472e-15 0 7.22472e-15
1.40218e-06 4.11277e-13 0 4.11277e-13
1.55582e-06 8.66017e-12 0 8.66017e-12
1.72629e-06 6.95168e-11 0 6.95168e-11
1.91544e-06 2.26334e-10 0 2.26334e-10
2.12532e-06 3.71449e-10 0 3.71449e-10
2.3582e-06 5.17704e-10 0 5.17704e-10
2.61659e-06 6.36837e-10 0 6.36837e-10
2.9033e-06 1.0099e-09 0 1.0099e-09
3.22142e-06 3.72777e-09 0 3.72777e-09
3.5744e-06 9.91837e-09 0 9.91837e-09
3.96606e-06 1.8453e-08 0 1.8453e-08
4.40063e-06 3.46149e-08 0 3.46149e-08
4.88282e-06 6.53667e-08 0 6.53667e-08
5.41784e-06 1.21679e-07 0 1.21679e-07
6.01149e-06 2.22589e-07 0 2.22589e-07
6.67018e-06 3.95055e-07 0 3.95055e-07
7.40105e-06 7.18971e-07 0 7.18971e-07
8.212e-06 1.31118e-06 0 1.31118e-06
9.11181e-06 2.30501e-06 0 2.30501e-06
1.01102e-05 4.17361e-06 0 4.17361e-06
1.1218e-05 8.2344e-06 0 8.2344e-06
1.24472e-05 1.59963e-05 0 1.59963e-05
1.38111e-05 2.85536e-05 0 2.85536e-05
1.53244e-05 4.82362e-05 0 4.82362e-05
1.70035e-05 8.20661e-05 0 8.20661e-05
1.88666e-05 0.000141278 0 0.000141278
2.09339e-05 0.000240175 0 0.000240175
2.32277e-05 0.000397666 0 0.000397666
2.57728e-05 0.000628403 0 0.000628403
2.85968e-05 0.000927041 0 0.000927041
3.17302e-05 0.00124931 0 0.00124931
3.52069e-05 0.0014881 0 0.0014881
3.90647e-05 0.00151671 0 0.00151671
4.33451e-05 0.00130378 0 0.00130378
4.80945e-05 0.000924661 0 0.000924661
5.33643e-05 0.000526414 0 0.000526414
5.92116e-05 0.000218792 0 0.000218792
6.56995e-05 5.93913e-05 0 5.93913e-05
