2.22408e-09 0 2.06213e-15 0
2.47794e-09 0 1.44489e-15 0
2.76078e-09 0 8.86436e-16 0
3.0759e-09 0 7.10293e-16 0
3.42699e-09 0 5.11219e-16 0
3.81815e-09 0 3.48372e-16 0
4.25397e-09 0 2.23348e-16 0
4.73952e-09 0 1.21757e-16 0
5.2805e-09 0 4.96897e-17 0
5.88323e-09 0 1.40527e-17 0
6.55475e-09 0 2.93081e-18 0
7.30292e-09 0 4.82228e-19 0
8.13649e-09 0 4.23534e-20 0
9.06521e-09 0 1.42039e-21 0
1.00999e-08 0 1.63387e-23 0
1.12528e-08 0 6.26013e-26 0
1.25372e-08 0 7.91102e-29 0
1.39682e-08 0 3.28381e-32 0
1.55625e-08 0 4.46873e-36 0
1.73389e-08 0 1.99177e-40 0
1.9318e-08 0 2.9063e-45 0
2.1523e-08 0 1.38798e-50 0
2.39797e-08 0 2.1693e-56 0
2.67167e-08 0 1.10948e-62 0
2.97662e-08 0 1.85683e-69 0
3.31638e-08 0 1.01689e-76 0
3.69492e-08 0 1.82229e-84 0
4.11667e-08 6.42285e-323 1.06857e-92 6.42285e-323
4.58655e-08 9.28808e-306 2.05036e-101 9.28808e-306
5.11007e-08 4.45109e-289 1.28735e-110 4.45109e-289
5.69334e-08 6.97988e-273 2.64486e-120 6.97988e-273
6.34319e-08 3.58153e-257 1.77808e-130 3.58153e-257
7.06722e-08 6.01353e-242 3.91145e-141 6.01353e-242
7.87389e-08 3.30393e-227 2.81557e-152 3.30393e-227
8.77263e-08 5.9398e-213 6.63184e-164 5.9398e-213
9.77395e-08 3.49424e-199 5.11142e-176 3.49424e-199
1.08896e-07 6.72628e-186 1.28911e-188 6.72628e-186
1.21325e-07 4.23678e-173 1.06384e-201 4.23678e-173
1.35174e-07 8.73249e-161 2.87281e-215 8.73249e-161
1.50603e-07 5.88952e-149 2.53849e-229 5.88952e-149
1.67793e-07 1.29976e-137 7.33978e-244 1.29976e-137
1.86945e-07 9.38607e-127 6.94435e-259 9.38607e-127
2.08283e-07 2.21792e-116 2.14991e-274 2.21792e-116
2.32057e-07 1.71494e-106 2.17796e-290 1.71494e-106
2.58545e-07 4.33901e-97 7.21969e-307 4.33901e-97
2.88055e-07 3.59231e-88 9.88131e-324 3.59231e-88
3.20935e-07 9.7319e-80 0 9.7319e-80
3.57567e-07 8.62705e-72 0 8.62705e-72
3.9838e-07 2.50248e-64 0 2.50248e-64
4.43852e-07 2.37532e-57 0 2.37532e-57
4.94514e-07 7.37777e-51 0 7.37777e-51
5.50959e-07 7.49875e-45 0 7.49875e-45
6.13847e-07 2.49423e-39 0 2.49423e-39
6.83912e-07 2.71526e-34 0 2.71526e-34
7.61975e-07 9.67633e-30 0 9.67633e-30
8.48949e-07 1.12934e-25 0 1.12934e-25
9.4585e-07 4.32067e-22 0 4.32067e-22
1.05381e-06 5.42865e-19 0 5.42865e-19
1.1741e-06 2.24838e-16 0 2.24838e-16
1.30811e-06 3.09216e-14 0 3.09216e-14
1.45742e-06 1.43168e-12 0 1.43168e-12
1.62377e-06 2.28637e-11 0 2.28637e-11
1.80911e-06 1.31469e-10 0 1.31469e-10
2.01561e-06 3.05763e-10 0 3.05763e-10
2.24567e-06 4.40375e-10 0 4.40375e-10
2.502e-06 6.03425e-10 0 6.03425e-10
2.78758e-06 7.35208e-10 0 7.35208e-10
3.10576e-06 2.35128e-09 0 2.35128e-09
3.46026e-06 7.67362e-09 0 7.67362e-09
3.85522e-06 1.53156e-08 0 1.53156e-08
4.29527e-06 2.77554e-08 0 2.77554e-08
4.78554e-06 5.31109e-08 0 5.31109e-08
5.33177e-06 9.91331e-08 0 9.91331e-08
5.94035e-06 1.83954e-07 0 1.83954e-07
6.61839e-06 3.30966e-07 0 3.30966e-07
7.37383e-06 6.05585e-07 0 6.05585e-07
8.21549e-06 1.11622e-06 0 1.11622e-06
9.15322e-06 1.99674e-06 0 1.99674e-06
1.0198e-05 3.70314e-06 0 3.70314e-06
1.1362e-05 7.48461e-06 0 7.48461e-06
1.26589e-05 1.45345e-05 0 1.45345e-05
1.41038e-05 2.5143e-05 0 2.5143e-05
1.57136e-05 4.10901e-05 0 4.10901e-05
1.75072e-05 6.91768e-05 0 6.91768e-05
1.95055e-05 0.000118135 0 0.000118135
2.17319e-05 0.000197363 0 0.000197363
2.42125e-05 0.000322924 0 0.000322924
2.69761e-05 0.00050306 0 0.00050306
3.00552e-05 0.000720332 0 0.000720332
3.34858e-05 0.000945431 0 0.000945431
3.73079e-05 0.00110952 0 0.00110952
4.15663e-05 0.00115241 0 0.00115241
4.63108e-05 0.00109166 0 0.00109166
5.15968e-05 0.000967292 0 0.000967292
5.74862e-05 0.000792332 0 0.000792332
6.40478e-05 0.000591019 0 0.000591019
7.13583e-05 0.000391657 0 0.000391657
7.95033e-05 0.000222119 0 0.000222119
8.8578e-05 0.000108442 0 0.000108442
9.86885e-05 4.19107e-05 0 4.19107e-05
