2.22408e-09 0 5.69784e-15 0
2.47127e-09 0 1.13911e-15 0
2.74594e-09 0 9.10192e-18 0
3.05113e-09 0 2.90677e-21 0
3.39024e-09 0 3.71023e-26 0
3.76704e-09 0 1.89278e-32 0
4.18572e-09 0 3.85934e-40 0
4.65093e-09 0 3.14511e-49 0
5.16785e-09 0 1.0244e-59 0
5.74222e-09 0 1.33357e-71 0
6.38043e-09 0 6.93863e-85 0
7.08957e-09 0 1.44292e-99 0
7.87752e-09 0 1.19928e-115 0
8.75306e-09 0 3.98394e-133 0
9.7259e-09 0 5.28951e-152 0
1.08069e-08 0 2.80691e-172 0
1.2008e-08 0 5.95324e-194 0
1.33426e-08 0 5.04649e-217 0
1.48255e-08 0 1.70977e-241 0
1.64733e-08 0 2.31524e-267 0
1.83041e-08 0 1.25304e-294 0
2.03385e-08 0 0 0
2.2599e-08 0 0 0
2.51107e-08 0 0 0
2.79016e-08 0 0 0
3.10027e-08 0 0 0
3.44484e-08 0 0 0
3.82771e-08 0 0 0
4.25313e-08 0 0 0
4.72584e-08 0 0 0
5.25108e-08 1.15045e-299 0 1.15045e-299
5.8347e-08 4.46328e-272 0 4.46328e-272
6.48319e-08 6.92074e-246 0 6.92074e-246
7.20375e-08 4.28906e-221 0 4.28906e-221
8.00439e-08 1.06239e-197 0 1.06239e-197
8.89402e-08 1.05176e-175 0 1.05176e-175
9.88253e-08 4.16159e-155 0 4.16159e-155
1.09809e-07 6.58134e-136 0 6.58134e-136
1.22014e-07 4.15988e-118 0 4.15988e-118
1.35574e-07 1.05089e-101 0 1.05089e-101
1.50643e-07 1.06108e-86 0 1.06108e-86
1.67386e-07 4.282e-73 0 4.282e-73
1.85989e-07 6.90651e-61 0 6.90651e-61
2.06661e-07 4.45226e-50 0 4.45226e-50
2.29629e-07 1.14714e-40 0 1.14714e-40
2.55151e-07 1.1813e-32 0 1.1813e-32
2.83509e-07 4.86201e-26 0 4.86201e-26
3.1502e-07 7.99805e-21 0 7.99805e-21
3.50032e-07 5.25851e-17 0 5.25851e-17
3.88935e-07 1.38185e-14 0 1.38185e-14
4.32163e-07 1.45751e-13 0 1.45751e-13
4.80195e-07 1.25791e-13 0 1.25791e-13
5.33565e-07 2.71294e-13 0 2.71294e-13
5.92867e-07 4.50068e-14 0 4.50068e-14
6.5876e-07 3.9814e-16 0 3.9814e-16
7.31976e-07 4.76532e-14 0 4.76532e-14
8.1333e-07 1.10821e-12 0 1.10821e-12
9.03726e-07 1.99746e-12 0 1.99746e-12
1.00417e-06 1.43334e-12 0 1.43334e-12
1.11578e-06 8.70427e-12 0 8.70427e-12
1.23979e-06 1.57697e-11 0 1.57697e-11
1.37758e-06 5.18666e-11 0 5.18666e-11
1.53069e-06 5.66022e-11 0 5.66022e-11
1.70081e-06 3.39121e-11 0 3.39121e-11
1.88985e-06 9.7353e-11 0 9.7353e-11
2.09989e-06 2.91231e-10 0 2.91231e-10
2.33328e-06 4.36719e-10 0 4.36719e-10
2.5926e-06 1.28913e-09 0 1.28913e-09
2.88075e-06 2.41546e-09 0 2.41546e-09
3.20093e-06 4.26433e-09 0 4.26433e-09
3.55669e-06 7.09613e-09 0 7.09613e-09
3.95199e-06 1.50346e-08 0 1.50346e-08
4.39123e-06 3.15324e-08 0 3.15324e-08
4.87928e-06 5.788e-08 0 5.788e-08
5.42158e-06 1.04131e-07 0 1.04131e-07
6.02415e-06 1.86555e-07 0 1.86555e-07
6.69369e-06 3.49206e-07 0 3.49206e-07
7.43765e-06 6.22894e-07 0 6.22894e-07
8.26429e-06 1.14539e-06 0 1.14539e-06
9.1828e-06 2.29095e-06 0 2.29095e-06
1.02034e-05 4.30502e-06 0 4.30502e-06
1.13374e-05 7.99034e-06 0 7.99034e-06
1.25975e-05 1.45509e-05 0 1.45509e-05
1.39976e-05 2.62386e-05 0 2.62386e-05
1.55534e-05 4.88366e-05 0 4.88366e-05
1.7282e-05 8.59282e-05 0 8.59282e-05
1.92028e-05 0.000150303 0 0.000150303
2.13371e-05 0.000259914 0 0.000259914
2.37085e-05 0.000423422 0 0.000423422
2.63436e-05 0.000665492 0 0.000665492
2.92715e-05 0.000972588 0 0.000972588
3.25248e-05 0.00129601 0 0.00129601
3.61397e-05 0.0015291 0 0.0015291
4.01564e-05 0.0015366 0 0.0015366
4.46195e-05 0.00126019 0 0.00126019
4.95786e-05 0.000782478 0 0.000782478
5.50889e-05 0.000325722 0 0.000325722
6.12117e-05 8.78919e-05 0 8.78919e-05
6.80149e-05 1.53284e-05 0 1.53284e-05
7.55743e-05 1.72049e-06 0 1.72049e-06
