2.22408e-09 0 3.59602e-15 0
2.48026e-09 0 7.54286e-16 0
2.76595e-09 0 9.70722e-16 0
3.08454e-09 0 6.59082e-16 0
3.43983e-09 0 5.05141e-16 0
3.83604e-09 0 3.20992e-16 0
4.2779e-09 0 1.75231e-16 0
4.77064e-09 0 7.61028e-17 0
5.32015e-09 0 2.30852e-17 0
5.93294e-09 0 3.72164e-18 0
6.61632e-09 0 3.38454e-19 0
7.37842e-09 0 1.06838e-20 0
8.2283e-09 0 1.85747e-23 0
9.17607e-09 0 1.18017e-27 0
1.0233e-08 0 2.50815e-33 0
1.14117e-08 0 1.73014e-40 0
1.27261e-08 0 3.8316e-49 0
1.4192e-08 0 2.71322e-59 0
1.58267e-08 0 6.13376e-71 0
1.76497e-08 0 4.42435e-84 0
1.96826e-08 0 1.01801e-98 0
2.19498e-08 0 7.47132e-115 0
2.4478e-08 0 1.74891e-132 0
2.72975e-08 0 1.30574e-151 0
3.04417e-08 0 3.10929e-172 0
3.39482e-08 0 2.36147e-194 0
3.78584e-08 0 5.72029e-218 0
4.22191e-08 0 4.41946e-243 0
4.70821e-08 0 1.08902e-269 0
5.25052e-08 1.0777e-299 8.55888e-298 1.0777e-299
5.8553e-08 3.53349e-271 0 3.53349e-271
6.52974e-08 3.6951e-244 0 3.6951e-244
7.28186e-08 1.23243e-218 0 1.23243e-218
8.12062e-08 1.31104e-194 0 1.31104e-194
9.05599e-08 4.44819e-172 0 4.44819e-172
1.00991e-07 4.81355e-151 0 4.81355e-151
1.12624e-07 1.66136e-131 0 1.66136e-131
1.25596e-07 1.82884e-113 0 1.82884e-113
1.40063e-07 6.42099e-97 0 6.42099e-97
1.56196e-07 7.19025e-82 0 7.19025e-82
1.74187e-07 2.56804e-68 0 2.56804e-68
1.94251e-07 2.92532e-56 0 2.92532e-56
2.16625e-07 1.06282e-45 0 1.06282e-45
2.41577e-07 1.23158e-36 0 1.23158e-36
2.69403e-07 4.55176e-29 0 4.55176e-29
3.00434e-07 5.36551e-23 0 5.36551e-23
3.35039e-07 2.01724e-18 0 2.01724e-18
3.7363e-07 2.41891e-15 0 2.41891e-15
4.16666e-07 9.25703e-14 0 9.25703e-14
4.6466e-07 1.34345e-13 0 1.34345e-13
5.18181e-07 2.55558e-13 0 2.55558e-13
5.77868e-07 9.35945e-14 0 9.35945e-14
6.44429e-07 1.13043e-15 0 1.13043e-15
7.18657e-07 2.03486e-14 0 2.03486e-14
8.01435e-07 8.44065e-13 0 8.44065e-13
8.93748e-07 2.08766e-12 0 2.08766e-12
9.96693e-07 1.27727e-12 0 1.27727e-12
1.1115e-06 8.37785e-12 0 8.37785e-12
1.23952e-06 1.57405e-11 0 1.57405e-11
1.3823e-06 5.32082e-11 0 5.32082e-11
1.54152e-06 5.45369e-11 0 5.45369e-11
1.71907e-06 3.43657e-11 0 3.43657e-11
1.91708e-06 1.18367e-10 0 1.18367e-10
2.1379e-06 3.17613e-10 0 3.17613e-10
2.38416e-06 5.37387e-10 0 5.37387e-10
2.65877e-06 1.53429e-09 0 1.53429e-09
2.96502e-06 2.83076e-09 0 2.83076e-09
3.30654e-06 4.85506e-09 0 4.85506e-09
3.68741e-06 8.59448e-09 0 8.59448e-09
4.11214e-06 2.05157e-08 0 2.05157e-08
4.58579e-06 3.86525e-08 0 3.86525e-08
5.114e-06 7.3401e-08 0 7.3401e-08
5.70305e-06 1.27132e-07 0 1.27132e-07
6.35996e-06 2.43292e-07 0 2.43292e-07
7.09252e-06 4.61247e-07 0 4.61247e-07
7.90947e-06 7.98312e-07 0 7.98312e-07
8.82052e-06 1.57505e-06 0 1.57505e-06
9.8365e-06 3.07034e-06 0 3.07034e-06
1.09695e-05 5.65925e-06 0 5.65925e-06
1.2233e-05 1.02226e-05 0 1.02226e-05
1.36421e-05 1.81312e-05 0 1.81312e-05
1.52134e-05 3.28357e-05 0 3.28357e-05
1.69658e-05 5.78632e-05 0 5.78632e-05
1.892e-05 9.9244e-05 0 9.9244e-05
2.10993e-05 0.000171015 0 0.000171015
2.35296e-05 0.000280729 0 0.000280729
2.62398e-05 0.000440132 0 0.000440132
2.92622e-05 0.000653425 0 0.000653425
3.26327e-05 0.000888648 0 0.000888648
3.63915e-05 0.0011054 0 0.0011054
4.05832e-05 0.00121439 0 0.00121439
4.52578e-05 0.00118278 0 0.00118278
5.04708e-05 0.00105336 0 0.00105336
5.62842e-05 0.000825628 0 0.000825628
6.27673e-05 0.000565202 0 0.000565202
6.99971e-05 0.000336127 0 0.000336127
7.80596e-05 0.000164543 0 0.000164543
8.70509e-05 5.85601e-05 0 5.85601e-05
9.70778e-05 1.16657e-05 0 1.16657e-05
0.00010826 1.36221e-06 0 1.36221e-06
