2.22408e-09 0 5.10922e-16 0
2.5071e-09 0 1.06181e-16 0
2.82614e-09 0 2.70396e-16 0
3.18578e-09 0 2.44237e-16 0
3.59118e-09 0 2.80276e-16 0
4.04817e-09 0 3.13941e-16 0
4.56332e-09 0 3.62875e-16 0
5.14402e-09 0 4.26844e-16 0
5.79862e-09 0 4.74466e-16 0
6.53651e-09 0 5.21891e-16 0
7.36831e-09 0 5.82646e-16 0
8.30596e-09 0 6.13094e-16 0
9.36292e-09 0 6.14104e-16 0
1.05544e-08 0 5.74979e-16 0
1.18975e-08 0 4.59005e-16 0
1.34115e-08 0 3.14538e-16 0
1.51181e-08 0 1.80362e-16 0
1.7042e-08 0 8.06131e-17 0
1.92106e-08 0 2.15773e-17 0
2.16553e-08 0 6.46247e-18 0
2.4411e-08 0 5.25847e-19 0
2.75174e-08 0 1.83311e-21 0
3.10191e-08 0 1.28826e-25 0
3.49664e-08 0 1.52217e-31 0
3.9416e-08 0 2.89983e-39 0
4.44318e-08 0 8.79364e-49 0
5.00859e-08 0 4.22001e-60 0
5.64596e-08 0 3.19325e-73 0
6.36442e-08 0 3.80023e-88 0
7.17432e-08 0 7.09935e-105 0
8.08728e-08 0 2.07896e-123 0
9.11642e-08 0 9.53335e-144 0
1.02765e-07 4.53086e-310 6.84053e-166 4.53086e-310
1.15842e-07 3.00919e-278 7.67617e-190 3.00919e-278
1.30584e-07 3.12141e-248 1.34661e-215 3.12141e-248
1.47201e-07 5.05692e-220 3.69201e-243 5.05692e-220
1.65933e-07 1.27954e-193 1.58169e-272 1.27954e-193
1.87049e-07 5.05656e-169 1.05867e-303 5.05656e-169
2.10851e-07 3.12097e-146 0 3.12097e-146
2.37683e-07 3.00854e-125 0 3.00854e-125
2.67929e-07 4.52957e-106 0 4.52957e-106
3.02024e-07 1.0651e-88 0 1.0651e-88
3.40458e-07 3.91162e-73 0 3.91162e-73
3.83783e-07 2.24366e-59 0 2.24366e-59
4.3262e-07 2.00997e-47 0 2.00997e-47
4.87673e-07 2.81226e-37 0 2.81226e-37
5.49731e-07 6.14547e-29 0 6.14547e-29
6.19687e-07 2.09743e-22 0 2.09743e-22
6.98544e-07 1.11803e-17 0 1.11803e-17
7.87437e-07 9.3079e-15 0 9.3079e-15
8.87641e-07 1.21028e-13 0 1.21028e-13
1.0006e-06 2.81469e-14 0 2.81469e-14
1.12793e-06 6.40716e-13 0 6.40716e-13
1.27146e-06 3.93907e-12 0 3.93907e-12
1.43326e-06 8.1958e-12 0 8.1958e-12
1.61565e-06 8.14969e-12 0 8.14969e-12
1.82124e-06 2.18666e-11 0 2.18666e-11
2.053e-06 4.41484e-11 0 4.41484e-11
2.31426e-06 9.11585e-11 0 9.11585e-11
2.60875e-06 2.09095e-10 0 2.09095e-10
2.94073e-06 3.55483e-10 0 3.55483e-10
3.31495e-06 9.04968e-10 0 9.04968e-10
3.73679e-06 1.55586e-09 0 1.55586e-09
4.21231e-06 3.25391e-09 0 3.25391e-09
4.74834e-06 7.05252e-09 0 7.05252e-09
5.35258e-06 1.39129e-08 0 1.39129e-08
6.03372e-06 2.91943e-08 0 2.91943e-08
6.80153e-06 5.93236e-08 0 5.93236e-08
7.66706e-06 1.24117e-07 0 1.24117e-07
8.64272e-06 2.61731e-07 0 2.61731e-07
9.74254e-06 4.95827e-07 0 4.95827e-07
1.09823e-05 1.026e-06 0 1.026e-06
1.23799e-05 2.00173e-06 0 2.00173e-06
1.39552e-05 3.94337e-06 0 3.94337e-06
1.57311e-05 7.82383e-06 0 7.82383e-06
1.77329e-05 1.39012e-05 0 1.39012e-05
1.99895e-05 2.42645e-05 0 2.42645e-05
2.25333e-05 4.19784e-05 0 4.19784e-05
2.54007e-05 6.6974e-05 0 6.6974e-05
2.86331e-05 9.83658e-05 0 9.83658e-05
3.22767e-05 0.000134461 0 0.000134461
3.63841e-05 0.000177897 0 0.000177897
4.10141e-05 0.000223298 0 0.000223298
4.62333e-05 0.000270449 0 0.000270449
5.21166e-05 0.000324254 0 0.000324254
5.87487e-05 0.000383802 0 0.000383802
6.62247e-05 0.000459939 0 0.000459939
7.4652e-05 0.000541864 0 0.000541864
8.41518e-05 0.000613007 0 0.000613007
9.48604e-05 0.000681288 0 0.000681288
0.000106932 0.000764869 0 0.000764869
0.000120539 0.000785888 0 0.000785888
0.000135878 0.000794336 0 0.000794336
0.000153169 0.000717432 0 0.000717432
0.000172661 0.000557601 0 0.000557601
0.000194633 0.000367631 0 0.000367631
0.0002194 0.000204819 0 0.000204819
0.00024732 8.10459e-05 0 8.10459e-05
0.000278792 2.20109e-05 0 2.20109e-05
0.00031427 5.89325e-06 0 5.89325e-06
