2.22408e-09 0 6.35879e-14 0
2.44174e-09 0 5.12418e-14 0
2.6807e-09 0 2.68148e-14 0
2.94305e-09 0 9.11225e-15 0
3.23108e-09 0 2.01084e-15 0
3.54729e-09 0 2.88156e-16 0
3.89444e-09 0 2.68151e-17 0
4.27558e-09 0 1.62043e-18 0
4.69401e-09 1.97626e-322 6.35891e-20 1.97626e-322
5.15339e-09 1.00265e-311 1.62045e-21 1.00265e-311
5.65773e-09 3.39861e-301 2.68156e-23 3.39861e-301
6.21142e-09 7.48348e-291 2.88164e-25 7.48348e-291
6.81931e-09 1.07044e-280 2.01091e-27 1.07044e-280
7.48668e-09 9.94672e-271 9.11269e-30 9.94672e-271
8.21937e-09 6.00435e-261 2.68164e-32 6.00435e-261
9.02377e-09 2.35465e-251 5.12453e-35 2.35465e-251
9.90688e-09 5.99884e-242 6.35928e-38 5.99884e-242
1.08764e-08 9.92878e-233 5.12463e-41 9.92878e-233
1.19409e-08 1.06763e-223 2.68174e-44 1.06763e-223
1.31094e-08 7.45844e-215 9.11321e-48 7.45844e-215
1.43924e-08 3.38523e-206 2.01107e-51 3.38523e-206
1.58009e-08 9.98276e-198 2.88192e-55 9.98276e-198
1.73473e-08 1.91269e-189 2.68187e-59 1.91269e-189
1.9045e-08 2.38113e-181 1.62067e-63 2.38113e-181
2.09089e-08 1.92608e-173 6.35989e-68 1.92608e-173
2.29551e-08 1.01236e-165 1.62071e-72 1.01236e-165
2.52016e-08 3.45759e-158 2.68202e-77 3.45759e-158
2.7668e-08 7.67379e-151 2.88217e-82 7.67379e-151
3.03757e-08 1.10677e-143 2.0113e-87 1.10677e-143
3.33485e-08 1.03738e-136 9.11453e-93 1.03738e-136
3.66121e-08 6.31925e-130 2.6822e-98 6.31925e-130
4.01952e-08 2.50187e-123 5.12566e-104 2.50187e-123
4.41289e-08 6.43813e-117 6.36075e-110 6.43813e-117
4.84476e-08 1.0769e-110 5.12586e-116 1.0769e-110
5.3189e-08 1.17095e-104 2.68241e-122 1.17095e-104
5.83944e-08 8.27726e-99 9.11558e-129 8.27726e-99
6.41091e-08 3.80408e-93 2.01161e-135 3.80408e-93
7.03832e-08 1.13676e-87 2.88272e-142 1.13676e-87
7.72713e-08 2.20897e-82 2.68264e-149 2.20897e-82
8.48335e-08 2.79165e-77 1.62115e-156 2.79165e-77
9.31358e-08 2.29476e-72 6.36185e-164 2.29476e-72
1.02251e-07 1.2271e-67 1.62123e-171 1.2271e-67
1.12257e-07 4.26938e-63 2.6829e-179 4.26938e-63
1.23244e-07 9.66648e-59 2.88314e-187 9.66648e-59
1.35305e-07 1.42457e-54 2.012e-195 1.42457e-54
1.48546e-07 1.36682e-50 9.11777e-204 1.36682e-50
1.63084e-07 8.54035e-47 2.68318e-212 8.54035e-47
1.79044e-07 3.47626e-43 5.12758e-221 3.47626e-43
1.96567e-07 9.22108e-40 6.36319e-230 9.22108e-40
2.15804e-07 1.59467e-36 5.12788e-239 1.59467e-36
2.36923e-07 1.79885e-33 2.68349e-248 1.79885e-33
2.6011e-07 1.32438e-30 9.11935e-258 1.32438e-30
2.85566e-07 6.36842e-28 2.01246e-267 6.36842e-28
3.13513e-07 2.0018e-25 2.88397e-277 2.0018e-25
3.44195e-07 4.11745e-23 2.68383e-287 4.11745e-23
3.7788e-07 5.54891e-21 1.62188e-297 5.54891e-21
4.14861e-07 4.90741e-19 6.36478e-308 4.90741e-19
4.55462e-07 2.85395e-17 1.94275e-318 2.85395e-17
5.00036e-07 1.09432e-15 0 1.09432e-15
5.48972e-07 2.7765e-14 0 2.7765e-14
6.02698e-07 4.68423e-13 0 4.68423e-13
6.61681e-07 5.29218e-12 0 5.29218e-12
7.26437e-07 4.04632e-11 0 4.04632e-11
7.9753e-07 2.12827e-10 0 2.12827e-10
8.75581e-07 7.90701e-10 0 7.90701e-10
9.6127e-07 2.16724e-09 0 2.16724e-09
1.05535e-06 4.69792e-09 0 4.69792e-09
1.15863e-06 8.86872e-09 0 8.86872e-09
1.27202e-06 1.60127e-08 0 1.60127e-08
1.3965e-06 2.88766e-08 0 2.88766e-08
1.53317e-06 5.18092e-08 0 5.18092e-08
1.68322e-06 9.1787e-08 0 9.1787e-08
1.84795e-06 1.60882e-07 0 1.60882e-07
2.0288e-06 2.79584e-07 0 2.79584e-07
2.22735e-06 4.8255e-07 0 4.8255e-07
2.44533e-06 8.3049e-07 0 8.3049e-07
2.68464e-06 1.43165e-06 0 1.43165e-06
2.94737e-06 2.47444e-06 0 2.47444e-06
3.23582e-06 4.26953e-06 0 4.26953e-06
3.55249e-06 7.31571e-06 0 7.31571e-06
3.90016e-06 1.24509e-05 0 1.24509e-05
4.28185e-06 2.11408e-05 0 2.11408e-05
4.7009e-06 3.58096e-05 0 3.58096e-05
5.16095e-06 6.00952e-05 0 6.00952e-05
5.66603e-06 9.91503e-05 0 9.91503e-05
6.22054e-06 0.000159985 0 0.000159985
6.82932e-06 0.000251264 0 0.000251264
7.49768e-06 0.000381852 0 0.000381852
8.23144e-06 0.000557332 0 0.000557332
9.03701e-06 0.000773975 0 0.000773975
9.92143e-06 0.00101194 0 0.00101194
1.08924e-05 0.00123064 0 0.00123064
1.19584e-05 0.00137086 0 0.00137086
1.31287e-05 0.00137397 0 0.00137397
1.44135e-05 0.00121684 0 0.00121684
1.58241e-05 0.000935861 0 0.000935861
1.73728e-05 0.000614647 0 0.000614647
1.9073e-05 0.00033947 0 0.00033947
2.09395e-05 0.000155527 0 0.000155527
2.29888e-05 5.82845e-05 0 5.82845e-05
