2.22408e-09 0 5.15315e-14 0
2.48313e-09 0 4.13388e-14 0
2.77234e-09 0 2.2151e-14 0
3.09524e-09 0 1.08624e-14 0
3.45576e-09 0 6.27109e-15 0
3.85826e-09 0 4.03667e-15 0
4.30764e-09 0 2.69342e-15 0
4.80936e-09 1.18605e-319 1.83355e-15 1.18605e-319
5.36952e-09 4.39558e-307 1.28015e-15 4.39558e-307
5.99493e-09 8.93404e-295 9.53e-16 8.93404e-295
6.69317e-09 9.95882e-283 7.7723e-16 9.95882e-283
7.47274e-09 6.08841e-271 6.7609e-16 6.08841e-271
8.34312e-09 2.04149e-259 6.0921e-16 2.04149e-259
9.31486e-09 3.75444e-248 5.50516e-16 3.75444e-248
1.03998e-08 3.78715e-237 4.9564e-16 3.78715e-237
1.16111e-08 2.09537e-226 4.75336e-16 2.09537e-226
1.29635e-08 6.35917e-216 4.92451e-16 6.35917e-216
1.44733e-08 1.05864e-205 5.01207e-16 1.05864e-205
1.61591e-08 9.66758e-196 4.68721e-16 9.66758e-196
1.80412e-08 4.84314e-186 4.04648e-16 4.84314e-186
2.01425e-08 1.33105e-176 3.29196e-16 1.33105e-176
2.24886e-08 2.00696e-167 2.64937e-16 2.00696e-167
2.51079e-08 1.66028e-158 2.12744e-16 1.66028e-158
2.80322e-08 7.53614e-150 1.39477e-16 7.53614e-150
3.12972e-08 1.87701e-141 6.00836e-17 1.87701e-141
3.49425e-08 2.56547e-133 1.5351e-17 2.56547e-133
3.90124e-08 1.92433e-125 2.23812e-18 1.92433e-125
4.35563e-08 7.92215e-118 1.83127e-19 7.92215e-118
4.86294e-08 1.7902e-110 8.3341e-21 1.7902e-110
5.42934e-08 2.22074e-103 2.09815e-22 2.22074e-103
6.06171e-08 1.51248e-96 2.91207e-24 1.51248e-96
6.76773e-08 5.65631e-90 2.2234e-26 5.65631e-90
7.55599e-08 1.16172e-83 9.32604e-29 1.16172e-83
8.43605e-08 1.31059e-77 2.14723e-31 1.31059e-77
9.41863e-08 8.12316e-72 2.71229e-34 8.12316e-72
1.05156e-07 2.76679e-66 1.87903e-37 2.76679e-66
1.17404e-07 5.18011e-61 7.13819e-41 5.18011e-61
1.31079e-07 5.33276e-56 1.48678e-44 5.33276e-56
1.46346e-07 3.01978e-51 1.69777e-48 3.01978e-51
1.63391e-07 9.41018e-47 1.06283e-52 9.41018e-47
1.82422e-07 1.61451e-42 3.64745e-57 1.61451e-42
2.03669e-07 1.52604e-38 6.86201e-62 1.52604e-38
2.27391e-07 7.95218e-35 7.07691e-67 7.95218e-35
2.53876e-07 2.28656e-31 4.00096e-72 2.28656e-31
2.83445e-07 3.63176e-28 1.23997e-77 3.63176e-28
3.16459e-07 3.19054e-25 2.1066e-83 3.19054e-25
3.53318e-07 1.5529e-22 1.96191e-89 1.5529e-22
3.94469e-07 4.19652e-20 1.00161e-95 4.19652e-20
4.40414e-07 6.3143e-18 2.80314e-102 6.3143e-18
4.91711e-07 5.31032e-16 4.30045e-109 5.31032e-16
5.48982e-07 2.50971e-14 3.61665e-116 2.50971e-14
6.12923e-07 6.71862e-13 1.66734e-123 6.71862e-13
6.84312e-07 1.03131e-11 4.2137e-131 1.03131e-11
7.64016e-07 9.25857e-11 5.83752e-139 9.25857e-11
8.53003e-07 5.02771e-10 4.43319e-147 5.02771e-10
9.52354e-07 1.75264e-09 1.84556e-155 1.75264e-09
1.06328e-06 4.35045e-09 4.21176e-164 4.35045e-09
1.18712e-06 8.98052e-09 5.26893e-173 8.98052e-09
1.32539e-06 1.78459e-08 3.61331e-182 1.78459e-08
1.47976e-06 3.56499e-08 1.35835e-191 3.56499e-08
1.65211e-06 7.02903e-08 2.79926e-201 7.02903e-08
1.84454e-06 1.36284e-07 3.16226e-211 1.36284e-07
2.05938e-06 2.60736e-07 1.95828e-221 2.60736e-07
2.29924e-06 4.94251e-07 6.64778e-232 4.94251e-07
2.56704e-06 9.36162e-07 1.23709e-242 9.36162e-07
2.86603e-06 1.78023e-06 1.26198e-253 1.78023e-06
3.19984e-06 3.37899e-06 7.05707e-265 3.37899e-06
3.57253e-06 6.34812e-06 2.16332e-276 6.34812e-06
3.98864e-06 1.18263e-05 3.63531e-288 1.18263e-05
4.4532e-06 2.19817e-05 3.34877e-300 2.19817e-05
4.97188e-06 4.05785e-05 1.69104e-312 4.05785e-05
5.55097e-06 7.35331e-05 0 7.35331e-05
6.19751e-06 0.000129673 0 0.000129673
6.91935e-06 0.000220759 0 0.000220759
7.72526e-06 0.000358905 0 0.000358905
8.62505e-06 0.000549729 0 0.000549729
9.62963e-06 0.00078048 0 0.00078048
1.07512e-05 0.00100832 0 0.00100832
1.20034e-05 0.00116095 0 0.00116095
1.34015e-05 0.00116992 0 0.00116992
1.49624e-05 0.00102656 0 0.00102656
1.67052e-05 0.000792735 0 0.000792735
1.86508e-05 0.000550386 0 0.000550386
2.08232e-05 0.000353738 0 0.000353738
2.32485e-05 0.000218322 0 0.000218322
2.59563e-05 0.000134687 0 0.000134687
2.89795e-05 8.68393e-05 0 8.68393e-05
3.23548e-05 6.0702e-05 0 6.0702e-05
3.61233e-05 4.62486e-05 0 4.62486e-05
4.03307e-05 3.80208e-05 0 3.80208e-05
4.50281e-05 3.23521e-05 0 3.23521e-05
5.02727e-05 2.76506e-05 0 2.76506e-05
5.61281e-05 2.53076e-05 0 2.53076e-05
6.26654e-05 2.52639e-05 0 2.52639e-05
6.99643e-05 2.49117e-05 0 2.49117e-05
7.81132e-05 2.28457e-05 0 2.28457e-05
8.72113e-05 1.92397e-05 0 1.92397e-05
9.7369e-05 1.50268e-05 0 1.50268e-05
0.00010871 1.17834e-05 0 1.17834e-05
0.000121372 8.85233e-06 0 8.85233e-06
