2.22408e-09 0 3.45165e-18 0
2.57186e-09 0 2.35867e-18 0
2.97401e-09 0 9.62627e-19 0
3.43905e-09 0 4.71684e-19 0
3.97681e-09 0 2.86509e-19 0
4.59866e-09 0 1.86852e-19 0
5.31774e-09 2.19008e-312 1.32425e-19 2.19008e-312
6.14926e-09 3.50428e-296 1.00798e-19 3.50428e-296
7.11081e-09 1.97275e-280 8.21776e-20 1.97275e-280
8.22272e-09 3.90756e-265 7.02474e-20 3.90756e-265
9.50849e-09 2.72346e-250 6.19701e-20 2.72346e-250
1.09953e-08 6.67956e-236 6.10958e-20 6.67956e-236
1.27146e-08 5.76522e-222 7.44731e-20 5.76522e-222
1.47028e-08 1.7513e-208 1.09704e-19 1.7513e-208
1.70018e-08 1.8725e-195 1.62357e-19 1.8725e-195
1.96604e-08 7.0476e-183 2.18383e-19 7.0476e-183
2.27346e-08 9.33837e-171 2.55025e-19 9.33837e-171
2.62896e-08 4.35682e-159 2.88839e-19 4.35682e-159
3.04005e-08 7.15818e-148 5.22728e-19 7.15818e-148
3.51541e-08 4.14238e-137 1.00859e-18 4.14238e-137
4.06511e-08 8.44511e-127 1.38634e-18 8.44511e-127
4.70076e-08 6.06705e-117 1.91958e-18 6.06705e-117
5.43581e-08 1.53638e-107 4.09131e-18 1.53638e-107
6.2858e-08 1.37192e-98 9.41741e-18 1.37192e-98
7.2687e-08 4.32178e-90 1.9786e-17 4.32178e-90
8.40529e-08 4.80544e-82 3.73725e-17 4.80544e-82
9.71961e-08 1.88726e-74 6.49855e-17 1.88726e-74
1.12394e-07 2.62007e-67 1.16637e-16 2.62007e-67
1.29969e-07 1.28711e-60 2.41125e-16 1.28711e-60
1.50292e-07 2.24019e-54 5.58178e-16 2.24019e-54
1.73793e-07 1.38353e-48 1.21522e-15 1.38353e-48
2.00969e-07 3.03774e-43 2.37753e-15 3.03774e-43
2.32394e-07 2.37675e-38 4.38972e-15 2.37675e-38
2.68733e-07 6.64549e-34 7.5177e-15 6.64549e-34
3.10754e-07 6.66344e-30 1.20113e-14 6.66344e-30
3.59346e-07 2.40642e-26 1.85219e-14 2.40642e-26
4.15537e-07 3.14709e-23 2.59078e-14 3.14709e-23
4.80513e-07 1.50126e-20 2.98482e-14 1.50126e-20
5.5565e-07 2.63981e-18 2.64862e-14 2.63981e-18
6.42536e-07 1.74074e-16 1.69921e-14 1.74074e-16
7.43009e-07 4.44515e-15 7.29017e-15 4.44515e-15
8.59191e-07 4.69188e-14 1.9372e-15 4.69188e-14
9.93541e-07 2.33506e-13 3.05633e-16 2.33506e-13
1.1489e-06 6.91189e-13 2.61724e-17 6.91189e-13
1.32855e-06 1.64245e-12 1.0277e-18 1.64245e-12
1.53629e-06 3.84424e-12 1.61033e-20 3.84424e-12
1.77652e-06 9.21443e-12 9.38196e-23 9.21443e-12
2.05431e-06 2.20369e-11 1.97331e-25 2.20369e-11
2.37554e-06 5.09275e-11 1.4808e-28 5.09275e-11
2.747e-06 1.15323e-10 3.94569e-32 1.15323e-10
3.17654e-06 2.61291e-10 3.7263e-36 2.61291e-10
3.67325e-06 5.84785e-10 1.24666e-40 5.84785e-10
4.24763e-06 1.29869e-09 1.47793e-45 1.29869e-09
4.91182e-06 2.85561e-09 6.21379e-51 2.85561e-09
5.67988e-06 6.05747e-09 9.27743e-57 6.05747e-09
6.56803e-06 1.21748e-08 4.92776e-63 1.21748e-08
7.59506e-06 2.27537e-08 9.3327e-70 2.27537e-08
8.78268e-06 3.8461e-08 6.31916e-77 3.8461e-08
1.0156e-05 5.65779e-08 1.53419e-84 5.65779e-08
1.17441e-05 6.94186e-08 1.33948e-92 6.94186e-08
1.35805e-05 6.8564e-08 4.21637e-101 6.8564e-08
1.5704e-05 5.42802e-08 4.79363e-110 5.42802e-08
1.81597e-05 3.59209e-08 1.96973e-119 3.59209e-08
2.09992e-05 2.15407e-08 2.92353e-129 2.15407e-08
2.42829e-05 1.27057e-08 1.56459e-139 1.27057e-08
2.80799e-05 7.8483e-09 3.01119e-150 7.8483e-09
3.24707e-05 5.54271e-09 2.07756e-161 5.54271e-09
3.75481e-05 4.37381e-09 5.12202e-173 4.37381e-09
4.34194e-05 3.45394e-09 4.49857e-185 3.45394e-09
5.02088e-05 3.10078e-09 1.40372e-197 3.10078e-09
5.80599e-05 3.56881e-09 1.55266e-210 3.56881e-09
6.71386e-05 5.04672e-09 6.07656e-224 5.04672e-09
7.76369e-05 7.41983e-09 8.40212e-238 7.41983e-09
8.97769e-05 9.83642e-09 4.09992e-252 9.83642e-09
0.000103815 1.1367e-08 7.05396e-267 1.1367e-08
0.000120048 1.2844e-08 4.27632e-282 1.2844e-08
0.00013882 2.27268e-08 9.12988e-298 2.27268e-08
0.000160527 4.42196e-08 6.86192e-314 4.42196e-08
0.000185629 6.17549e-08 0 6.17549e-08
0.000214655 8.48227e-08 0 8.48227e-08
0.00024822 1.78659e-07 0 1.78659e-07
0.000287034 4.11669e-07 0 4.11669e-07
0.000331917 8.66231e-07 0 8.66231e-07
0.000383818 1.63797e-06 0 1.63797e-06
0.000443835 2.84962e-06 0 2.84962e-06
0.000513236 5.10781e-06 0 5.10781e-06
0.00059349 1.0535e-05 0 1.0535e-05
0.000686293 2.43805e-05 0 2.43805e-05
0.000793607 5.31372e-05 0 5.31372e-05
0.000917702 0.000104052 0 0.000104052
0.0010612 0.00019227 0 0.00019227
0.00122714 0.000329657 0 0.000329657
0.00141903 0.000526929 0 0.000526929
0.00164092 0.000812996 0 0.000812996
0.0018975 0.00113936 0 0.00113936
0.00219421 0.0013164 0 0.0013164
0.00253731 0.00117225 0 0.00117225
0.00293407 0.000755344 0 0.000755344
0.00339286 0.000325861 0 0.000325861
0.0039234 8.71475e-05 0 8.71475e-05
