2.22408e-09 0 5.82391e-16 0
2.55475e-09 0 4.13647e-16 0
2.93458e-09 0 1.80474e-16 0
3.37088e-09 0 9.09154e-17 0
3.87205e-09 0 5.69781e-17 0
4.44772e-09 0 3.83344e-17 0
5.10899e-09 1.19026e-314 2.75222e-17 1.19026e-314
5.86858e-09 4.63474e-299 2.09234e-17 4.63474e-299
6.74109e-09 6.97422e-284 1.63999e-17 6.97422e-284
7.74333e-09 4.05576e-269 1.357e-17 4.05576e-269
8.89457e-09 9.11539e-255 1.2038e-17 9.11539e-255
1.0217e-08 7.91821e-241 1.17796e-17 7.91821e-241
1.1736e-08 2.65859e-227 1.43597e-17 2.65859e-227
1.34809e-08 3.45043e-214 1.98304e-17 3.45043e-214
1.54851e-08 1.7311e-201 2.63587e-17 1.7311e-201
1.77874e-08 3.35758e-189 3.2702e-17 3.35758e-189
2.0432e-08 2.51782e-177 4.1733e-17 2.51782e-177
2.34697e-08 7.30047e-166 5.58826e-17 7.30047e-166
2.69591e-08 8.18559e-155 8.45144e-17 8.18559e-155
3.09672e-08 3.54952e-144 1.37432e-16 3.54952e-144
3.55713e-08 5.95339e-134 1.92119e-16 5.95339e-134
4.08599e-08 3.86276e-124 2.45105e-16 3.86276e-124
4.69348e-08 9.69712e-115 3.79066e-16 9.69712e-115
5.39128e-08 9.42075e-106 6.9129e-16 9.42075e-106
6.19284e-08 3.54265e-97 1.27193e-15 3.54265e-97
7.11356e-08 5.15812e-89 2.13207e-15 5.15812e-89
8.17118e-08 2.90885e-81 3.25222e-15 2.90885e-81
9.38603e-08 6.35615e-74 4.61637e-15 6.35615e-74
1.07815e-07 5.38427e-67 6.24026e-15 5.38427e-67
1.23845e-07 1.76922e-60 8.52853e-15 1.76922e-60
1.42257e-07 2.25679e-54 1.189e-14 2.25679e-54
1.63407e-07 1.11856e-48 1.63053e-14 1.11856e-48
1.87702e-07 2.1567e-43 2.02362e-14 2.1567e-43
2.15609e-07 1.62001e-38 2.17222e-14 1.62001e-38
2.47665e-07 4.74947e-34 2.04217e-14 4.74947e-34
2.84487e-07 5.4473e-30 1.68597e-14 5.4473e-30
3.26783e-07 2.45149e-26 1.22729e-14 2.45149e-26
3.75368e-07 4.34616e-23 7.99078e-15 4.34616e-23
4.31176e-07 3.05172e-20 4.18712e-15 3.05172e-20
4.95281e-07 8.55252e-18 1.38672e-15 8.55252e-18
5.68917e-07 9.67994e-16 2.3897e-16 9.67994e-16
6.53501e-07 4.51116e-14 1.91863e-17 4.51116e-14
7.50661e-07 8.95515e-13 6.71231e-19 8.95515e-13
8.62266e-07 8.05494e-12 9.79165e-21 8.05494e-12
9.90465e-07 3.67439e-11 5.78703e-23 3.67439e-11
1.13772e-06 1.03451e-10 1.36076e-25 1.03451e-10
1.30687e-06 2.37732e-10 1.25877e-28 2.37732e-10
1.50118e-06 5.4396e-10 4.54918e-32 5.4396e-10
1.72436e-06 1.25423e-09 6.39557e-36 1.25423e-09
1.98073e-06 2.86345e-09 3.48839e-40 2.86345e-09
2.27522e-06 6.41249e-09 7.36959e-45 6.41249e-09
2.61349e-06 1.41154e-08 6.02381e-50 1.41154e-08
3.00206e-06 3.10363e-08 1.90377e-55 3.10363e-08
3.44839e-06 6.75792e-08 2.32534e-61 6.75792e-08
3.96108e-06 1.45403e-07 1.09739e-67 1.45403e-07
4.55e-06 3.1186e-07 2.00061e-74 3.1186e-07
5.22647e-06 6.55524e-07 1.40875e-81 6.55524e-07
6.00352e-06 1.32319e-06 3.83127e-89 1.32319e-06
6.8961e-06 2.53399e-06 4.02409e-97 2.53399e-06
7.92138e-06 4.51602e-06 1.63227e-105 4.51602e-06
9.0991e-06 7.2843e-06 2.55684e-114 7.2843e-06
1.04519e-05 1.02825e-05 1.54668e-123 1.02825e-05
1.20059e-05 1.22116e-05 3.61304e-133 1.22116e-05
1.37908e-05 1.18291e-05 3.25927e-143 1.18291e-05
1.58412e-05 9.39095e-06 1.13538e-153 9.39095e-06
1.81964e-05 6.39485e-06 1.52734e-164 6.39485e-06
2.09018e-05 4.01018e-06 7.93409e-176 4.01018e-06
2.40094e-05 2.47884e-06 1.59159e-187 2.47884e-06
2.7579e-05 1.5902e-06 1.23291e-199 1.5902e-06
3.16793e-05 1.09806e-06 3.6881e-212 1.09806e-06
3.63892e-05 8.26451e-07 4.26033e-225 8.26451e-07
4.17994e-05 6.67435e-07 1.90043e-238 6.67435e-07
4.8014e-05 6.10128e-07 3.27363e-252 6.10128e-07
5.51525e-05 7.23212e-07 2.17758e-266 7.23212e-07
6.33524e-05 9.75531e-07 5.59357e-281 9.75531e-07
7.27713e-05 1.27178e-06 5.54845e-296 1.27178e-06
8.35907e-05 1.56937e-06 2.12531e-311 1.56937e-06
9.60186e-05 1.99331e-06 0 1.99331e-06
0.000110294 2.67783e-06 0 2.67783e-06
0.000126692 4.12462e-06 0 4.12462e-06
0.000145528 6.60762e-06 0 6.60762e-06
0.000167165 8.97313e-06 0 8.97313e-06
0.000192018 1.16691e-05 0 1.16691e-05
0.000220567 1.87259e-05 0 1.87259e-05
0.00025336 3.44561e-05 0 3.44561e-05
0.000291028 6.26009e-05 0 6.26009e-05
0.000334297 0.000102998 0 0.000102998
0.000383999 0.000154759 0 0.000154759
0.00044109 0.000216743 0 0.000216743
0.00050667 0.000292152 0 0.000292152
0.000581999 0.000400942 0 0.000400942
0.000668528 0.000559397 0 0.000559397
0.000767922 0.000758137 0 0.000758137
0.000882094 0.000915448 0 0.000915448
0.00101324 0.000957121 0 0.000957121
0.00116388 0.000877938 0 0.000877938
0.00133693 0.000706542 0 0.000706542
0.00153569 0.00050317 0 0.00050317
0.00176401 0.000318799 0 0.000318799
0.00202628 0.000155982 0 0.000155982
