2.22408e-09 0 3.09061e-18 0
2.55893e-09 0 3.94803e-19 0
2.94418e-09 0 6.67212e-19 0
3.38744e-09 0 6.55813e-19 0
3.89744e-09 0 8.01036e-19 0
4.48421e-09 0 1.14858e-18 0
5.15933e-09 0 1.54973e-18 0
5.93609e-09 0 2.13957e-18 0
6.82979e-09 0 2.73545e-18 0
7.85805e-09 0 3.78671e-18 0
9.04111e-09 0 5.26445e-18 0
1.04023e-08 0 7.56171e-18 0
1.19684e-08 0 1.01943e-17 0
1.37703e-08 0 1.34914e-17 0
1.58435e-08 0 2.00845e-17 0
1.82288e-08 0 2.76395e-17 0
2.09732e-08 0 4.06923e-17 0
2.41308e-08 0 6.00678e-17 0
2.77638e-08 0 9.02136e-17 0
3.19437e-08 0 1.38609e-16 0
3.6753e-08 0 2.18137e-16 0
4.22863e-08 0 3.23924e-16 0
4.86527e-08 0 4.65751e-16 0
5.59776e-08 0 6.13445e-16 0
6.44052e-08 0 7.53305e-16 0
7.41017e-08 0 8.30002e-16 0
8.5258e-08 2.7271e-290 8.04478e-16 2.7271e-290
9.8094e-08 1.23155e-254 7.10102e-16 1.23155e-254
1.12862e-07 1.85813e-221 5.03225e-16 1.85813e-221
1.29854e-07 9.36654e-191 2.51279e-16 9.36654e-191
1.49405e-07 1.57746e-162 7.14717e-17 1.57746e-162
1.71898e-07 8.87595e-137 4.76788e-18 8.87595e-137
1.97778e-07 1.66858e-113 1.01359e-19 1.66858e-113
2.27554e-07 1.04799e-92 2.52375e-23 1.04799e-92
2.61814e-07 2.1991e-74 2.19167e-29 2.1991e-74
3.01231e-07 1.54173e-58 6.36783e-38 1.54173e-58
3.46582e-07 3.61118e-45 6.1817e-49 3.61118e-45
3.98762e-07 2.82596e-34 2.00495e-62 2.82596e-34
4.58797e-07 7.38858e-26 2.17257e-78 7.38858e-26
5.27871e-07 6.45428e-20 7.86543e-97 6.45428e-20
6.07344e-07 1.89151e-16 9.51366e-118 1.89151e-16
6.98782e-07 2.71255e-15 3.84459e-141 2.71255e-15
8.03987e-07 4.74359e-15 5.19073e-167 4.74359e-15
9.25031e-07 2.21136e-14 2.34144e-195 2.21136e-14
1.0643e-06 9.08641e-15 3.52871e-226 9.08641e-15
1.22453e-06 1.90851e-14 1.77675e-259 1.90851e-14
1.40889e-06 5.71231e-14 2.9889e-295 5.71231e-14
1.62101e-06 8.54622e-14 0 8.54622e-14
1.86506e-06 4.46701e-13 0 4.46701e-13
2.14585e-06 7.81899e-13 0 7.81899e-13
2.46891e-06 1.85451e-12 0 1.85451e-12
2.84062e-06 5.36935e-12 0 5.36935e-12
3.26829e-06 7.51685e-12 0 7.51685e-12
3.76034e-06 1.30867e-11 0 1.30867e-11
4.32648e-06 4.11908e-11 0 4.11908e-11
4.97785e-06 9.07572e-11 0 9.07572e-11
5.72728e-06 2.0763e-10 0 2.0763e-10
6.58955e-06 4.06736e-10 0 4.06736e-10
7.58163e-06 9.06387e-10 0 9.06387e-10
8.72308e-06 1.89655e-09 0 1.89655e-09
1.00364e-05 3.87519e-09 0 3.87519e-09
1.15474e-05 7.8944e-09 0 7.8944e-09
1.32859e-05 1.65004e-08 0 1.65004e-08
1.52862e-05 3.27911e-08 0 3.27911e-08
1.75876e-05 6.59107e-08 0 6.59107e-08
2.02354e-05 1.24074e-07 0 1.24074e-07
2.3282e-05 2.32631e-07 0 2.32631e-07
2.67872e-05 4.08626e-07 0 4.08626e-07
3.08201e-05 6.47865e-07 0 6.47865e-07
3.54602e-05 8.43343e-07 0 8.43343e-07
4.07989e-05 9.14278e-07 0 9.14278e-07
4.69413e-05 8.92119e-07 0 8.92119e-07
5.40085e-05 1.0541e-06 0 1.0541e-06
6.21397e-05 1.43964e-06 0 1.43964e-06
7.14952e-05 1.89753e-06 0 1.89753e-06
8.22591e-05 2.57849e-06 0 2.57849e-06
9.46435e-05 3.29726e-06 0 3.29726e-06
0.000108892 4.63154e-06 0 4.63154e-06
0.000125287 6.37845e-06 0 6.37845e-06
0.000144149 9.2742e-06 0 9.2742e-06
0.000165851 1.2351e-05 0 1.2351e-05
0.000190821 1.66102e-05 0 1.66102e-05
0.00021955 2.45168e-05 0 2.45168e-05
0.000252604 3.36558e-05 0 3.36558e-05
0.000290635 4.99074e-05 0 4.99074e-05
0.000334391 7.35924e-05 0 7.35924e-05
0.000384735 0.000110496 0 0.000110496
0.000442659 0.000170272 0 0.000170272
0.000509303 0.00026746 0 0.00026746
0.000585981 0.000396575 0 0.000396575
0.000674202 0.000568199 0 0.000568199
0.000775707 0.000745864 0 0.000745864
0.000892492 0.000909124 0 0.000909124
0.00102686 0.000997995 0 0.000997995
0.00118146 0.000961538 0 0.000961538
0.00135933 0.000841384 0 0.000841384
0.00156399 0.000590539 0 0.000590539
0.00179945 0.000286823 0 0.000286823
0.00207037 7.81834e-05 0 7.81834e-05
0.00238207 4.84201e-06 0 4.84201e-06
