2.22408e-09 0 5.69784e-15 0
2.46959e-09 0 1.16294e-15 0
2.74221e-09 0 9.88769e-18 0
3.04491e-09 0 3.50207e-21 0
3.38103e-09 0 5.16711e-26 0
3.75426e-09 0 3.17587e-32 0
4.16868e-09 0 8.13149e-40 0
4.62885e-09 0 8.673e-49 0
5.13982e-09 0 3.85355e-59 0
5.7072e-09 0 7.13255e-71 0
6.3372e-09 0 5.49947e-84 0
7.03675e-09 0 1.7664e-98 0
7.81352e-09 0 2.36347e-114 0
8.67604e-09 0 1.31735e-131 0
9.63377e-09 0 3.05877e-150 0
1.06972e-08 0 2.95859e-170 0
1.18781e-08 0 1.1921e-191 0
1.31893e-08 0 2.00094e-214 0
1.46452e-08 0 1.3991e-238 0
1.62618e-08 0 4.07525e-264 0
1.8057e-08 0 4.94484e-291 0
2.00502e-08 0 0 0
2.22635e-08 0 0 0
2.47211e-08 0 0 0
2.74501e-08 0 0 0
3.04802e-08 0 0 0
3.38449e-08 0 0 0
3.75809e-08 0 0 0
4.17294e-08 0 0 0
4.63358e-08 0 0 0
5.14507e-08 0 0 0
5.71303e-08 0 0 0
6.34367e-08 2.03932e-316 0 2.03932e-316
7.04394e-08 3.55987e-288 0 3.55987e-288
7.8215e-08 2.58866e-261 0 2.58866e-261
8.6849e-08 7.84167e-236 0 7.84167e-236
9.64361e-08 9.89541e-212 0 9.89541e-212
1.07081e-07 5.20177e-189 0 5.20177e-189
1.18902e-07 1.1391e-167 0 1.1391e-167
1.32027e-07 1.03911e-147 0 1.03911e-147
1.46602e-07 3.94873e-129 0 3.94873e-129
1.62785e-07 6.25092e-112 0 6.25092e-112
1.80754e-07 4.12214e-96 0 4.12214e-96
2.00707e-07 1.13238e-81 0 1.13238e-81
2.22863e-07 1.29586e-68 0 1.29586e-68
2.47464e-07 6.17749e-57 0 6.17749e-57
2.74781e-07 1.22676e-46 0 1.22676e-46
3.05113e-07 1.01484e-37 0 1.01484e-37
3.38794e-07 3.49729e-30 0 3.49729e-30
3.76193e-07 5.0206e-24 0 5.0206e-24
4.1772e-07 3.00242e-19 0 3.00242e-19
4.63831e-07 7.47976e-16 0 7.47976e-16
5.15033e-07 7.77184e-14 0 7.77184e-14
5.71886e-07 3.70846e-13 0 3.70846e-13
6.35015e-07 7.26046e-13 0 7.26046e-13
7.05113e-07 1.0462e-12 0 1.0462e-12
7.82949e-07 1.21499e-12 0 1.21499e-12
8.69377e-07 3.48025e-12 0 3.48025e-12
9.65346e-07 5.35788e-12 0 5.35788e-12
1.07191e-06 3.74071e-12 0 3.74071e-12
1.19023e-06 9.15402e-12 0 9.15402e-12
1.32162e-06 2.18235e-11 0 2.18235e-11
1.46751e-06 5.41709e-11 0 5.41709e-11
1.62951e-06 8.10064e-11 0 8.10064e-11
1.80939e-06 1.27569e-10 0 1.27569e-10
2.00912e-06 3.11277e-10 0 3.11277e-10
2.2309e-06 4.22963e-10 0 4.22963e-10
2.47717e-06 1.0115e-09 0 1.0115e-09
2.75062e-06 2.05267e-09 0 2.05267e-09
3.05425e-06 3.42258e-09 0 3.42258e-09
3.3914e-06 5.2206e-09 0 5.2206e-09
3.76577e-06 9.46384e-09 0 9.46384e-09
4.18147e-06 2.07136e-08 0 2.07136e-08
4.64305e-06 3.98911e-08 0 3.98911e-08
5.15559e-06 7.19359e-08 0 7.19359e-08
5.7247e-06 1.38007e-07 0 1.38007e-07
6.35664e-06 2.66091e-07 0 2.66091e-07
7.05834e-06 4.95541e-07 0 4.95541e-07
7.83749e-06 9.25637e-07 0 9.25637e-07
8.70265e-06 1.68742e-06 0 1.68742e-06
9.66332e-06 3.02436e-06 0 3.02436e-06
1.073e-05 5.5061e-06 0 5.5061e-06
1.19145e-05 1.04403e-05 0 1.04403e-05
1.32297e-05 1.91921e-05 0 1.91921e-05
1.46901e-05 3.50967e-05 0 3.50967e-05
1.63117e-05 6.31451e-05 0 6.31451e-05
1.81123e-05 0.000110821 0 0.000110821
2.01117e-05 0.000191518 0 0.000191518
2.23318e-05 0.000319208 0 0.000319208
2.4797e-05 0.000515123 0 0.000515123
2.75343e-05 0.00078655 0 0.00078655
3.05737e-05 0.00111471 0 0.00111471
3.39487e-05 0.00140552 0 0.00140552
3.76962e-05 0.0015644 0 0.0015644
4.18574e-05 0.0014758 0 0.0014758
4.64779e-05 0.00109504 0 0.00109504
5.16085e-05 0.000597205 0 0.000597205
5.73055e-05 0.000229925 0 0.000229925
6.36313e-05 5.73351e-05 0 5.73351e-05
7.06555e-05 7.11546e-06 0 7.11546e-06
