2.22408e-09 0 1.57076e-16 0
2.52918e-09 0 2.32962e-17 0
2.87613e-09 0 4.24374e-17 0
3.27068e-09 0 3.90604e-17 0
3.71935e-09 0 4.53913e-17 0
4.22957e-09 0 6.12758e-17 0
4.80978e-09 0 8.3387e-17 0
5.46958e-09 0 1.09637e-16 0
6.2199e-09 0 1.40762e-16 0
7.07314e-09 0 1.75922e-16 0
8.04343e-09 0 2.30109e-16 0
9.14682e-09 0 2.88755e-16 0
1.04016e-08 0 3.49502e-16 0
1.18285e-08 0 4.10546e-16 0
1.34511e-08 0 4.75797e-16 0
1.52963e-08 0 5.39355e-16 0
1.73946e-08 0 5.71249e-16 0
1.97808e-08 0 5.77681e-16 0
2.24944e-08 0 5.58517e-16 0
2.55801e-08 0 5.3616e-16 0
2.90892e-08 0 4.35616e-16 0
3.30796e-08 0 3.25022e-16 0
3.76175e-08 0 2.13652e-16 0
4.27779e-08 0 1.0064e-16 0
4.86461e-08 0 2.15138e-17 0
5.53194e-08 0 4.96348e-18 0
6.2908e-08 0 1.04207e-19 0
7.15378e-08 0 2.72153e-23 0
8.13513e-08 2.62573e-301 6.85386e-29 2.62573e-301
9.2511e-08 9.01713e-268 1.56204e-36 9.01713e-268
1.05202e-07 2.57299e-236 3.1006e-46 2.57299e-236
1.19633e-07 6.10043e-207 5.24135e-58 6.10043e-207
1.36044e-07 1.20181e-179 7.45504e-72 1.20181e-179
1.54707e-07 1.96725e-154 8.86708e-88 1.96725e-154
1.7593e-07 2.67569e-131 8.79174e-106 2.67569e-131
2.00063e-07 3.02387e-110 7.25511e-126 3.02387e-110
2.27508e-07 2.8395e-91 4.97895e-148 2.8395e-91
2.58718e-07 2.21551e-74 2.84038e-172 2.21551e-74
2.94208e-07 1.43633e-59 1.34669e-198 1.43633e-59
3.34568e-07 7.73729e-47 5.30594e-227 7.73729e-47
3.80464e-07 3.46317e-36 1.73715e-257 3.46317e-36
4.32655e-07 1.28799e-27 4.72583e-290 1.28799e-27
4.92007e-07 3.98016e-21 0 3.98016e-21
5.595e-07 1.02228e-16 0 1.02228e-16
6.36252e-07 2.22977e-14 0 2.22977e-14
7.23533e-07 1.05956e-13 0 1.05956e-13
8.22787e-07 2.07455e-13 0 2.07455e-13
9.35657e-07 8.85907e-13 0 8.85907e-13
1.06401e-06 2.90737e-13 0 2.90737e-13
1.20997e-06 6.4711e-13 0 6.4711e-13
1.37595e-06 2.92999e-12 0 2.92999e-12
1.56471e-06 3.93823e-12 0 3.93823e-12
1.77935e-06 9.71586e-12 0 9.71586e-12
2.02344e-06 2.10075e-11 0 2.10075e-11
2.30102e-06 2.96626e-11 0 2.96626e-11
2.61667e-06 1.07099e-10 0 1.07099e-10
2.97562e-06 2.45249e-10 0 2.45249e-10
3.38382e-06 3.08628e-10 0 3.08628e-10
3.84801e-06 6.7717e-10 0 6.7717e-10
4.37588e-06 1.64606e-09 0 1.64606e-09
4.97616e-06 3.52132e-09 0 3.52132e-09
5.65879e-06 7.60224e-09 0 7.60224e-09
6.43506e-06 1.51664e-08 0 1.51664e-08
7.31782e-06 3.00892e-08 0 3.00892e-08
8.32167e-06 5.99927e-08 0 5.99927e-08
9.46324e-06 1.22348e-07 0 1.22348e-07
1.07614e-05 2.36321e-07 0 2.36321e-07
1.22376e-05 4.79757e-07 0 4.79757e-07
1.39164e-05 9.62069e-07 0 9.62069e-07
1.58254e-05 1.84921e-06 0 1.84921e-06
1.79964e-05 3.53e-06 0 3.53e-06
2.04651e-05 6.40334e-06 0 6.40334e-06
2.32725e-05 1.18844e-05 0 1.18844e-05
2.6465e-05 2.07956e-05 0 2.07956e-05
3.00955e-05 3.35057e-05 0 3.35057e-05
3.4224e-05 4.59769e-05 0 4.59769e-05
3.89188e-05 5.32235e-05 0 5.32235e-05
4.42577e-05 5.48911e-05 0 5.48911e-05
5.03289e-05 5.8099e-05 0 5.8099e-05
5.7233e-05 7.36863e-05 0 7.36863e-05
6.50842e-05 9.93259e-05 0 9.93259e-05
7.40124e-05 0.000127477 0 0.000127477
8.41654e-05 0.000164815 0 0.000164815
9.57112e-05 0.000204297 0 0.000204297
0.000108841 0.000267521 0 0.000267521
0.000123772 0.000335769 0 0.000335769
0.000140751 0.000414302 0 0.000414302
0.000160059 0.000485054 0 0.000485054
0.000182015 0.000565092 0 0.000565092
0.000206984 0.000641187 0 0.000641187
0.000235378 0.00068763 0 0.00068763
0.000267667 0.000700997 0 0.000700997
0.000304386 0.00068125 0 0.00068125
0.000346141 0.000660916 0 0.000660916
0.000393625 0.000550478 0 0.000550478
0.000447622 0.000410386 0 0.000410386
0.000509027 0.000281922 0 0.000281922
0.000578855 0.000144958 0 0.000144958
0.000658262 3.33948e-05 0 3.33948e-05
0.000748562 8.05872e-06 0 8.05872e-06
