2.22408e-09 0 1.17768e-16 0
2.52389e-09 0 7.15229e-17 0
2.86411e-09 0 4.63694e-17 0
3.25019e-09 0 5.15406e-17 0
3.68831e-09 0 6.07683e-17 0
4.18549e-09 0 7.04574e-17 0
4.7497e-09 0 8.20448e-17 0
5.38995e-09 0 1.01375e-16 0
6.11652e-09 0 1.33609e-16 0
6.94102e-09 0 1.68849e-16 0
7.87667e-09 0 2.01424e-16 0
8.93844e-09 0 2.55845e-16 0
1.01433e-08 0 3.35459e-16 0
1.15107e-08 0 4.3352e-16 0
1.30623e-08 0 5.50761e-16 0
1.48231e-08 0 6.57734e-16 0
1.68212e-08 0 6.33222e-16 0
1.90887e-08 0 5.42018e-16 0
2.16619e-08 1.32322e-316 4.76742e-16 1.32322e-316
2.45819e-08 8.30331e-297 4.32523e-16 8.30331e-297
2.78955e-08 1.12919e-277 3.72202e-16 1.12919e-277
3.16558e-08 3.32794e-259 3.12742e-16 3.32794e-259
3.5923e-08 2.1256e-241 2.46082e-16 2.1256e-241
4.07655e-08 2.94225e-224 1.60294e-16 2.94225e-224
4.62606e-08 8.82621e-208 5.28714e-17 8.82621e-208
5.24966e-08 5.73804e-192 6.23173e-18 5.73804e-192
5.95731e-08 8.0844e-177 2.13195e-19 8.0844e-177
6.76035e-08 2.46846e-162 1.85131e-21 2.46846e-162
7.67164e-08 1.63343e-148 3.79533e-24 1.63343e-148
8.70578e-08 2.34244e-135 1.77118e-27 2.34244e-135
9.87931e-08 7.28002e-123 1.84594e-31 7.28002e-123
1.1211e-07 4.90333e-111 4.24999e-36 4.90333e-111
1.27223e-07 7.15722e-100 2.1473e-41 7.15722e-100
1.44372e-07 2.26408e-89 2.37077e-47 2.26408e-89
1.63834e-07 1.55216e-79 5.70389e-54 1.55216e-79
1.85919e-07 2.30607e-70 2.98495e-61 2.30607e-70
2.1098e-07 7.42516e-62 3.39355e-69 7.42516e-62
2.3942e-07 5.18124e-54 8.37469e-78 5.18124e-54
2.71694e-07 7.83531e-47 4.4838e-87 7.83531e-47
3.08319e-07 2.56787e-40 5.20629e-97 2.56787e-40
3.4988e-07 1.82384e-34 1.31073e-107 1.82384e-34
3.97044e-07 2.80733e-29 7.15364e-119 2.80733e-29
4.50565e-07 9.36472e-25 8.4631e-131 9.36472e-25
5.11301e-07 6.77004e-21 2.17014e-143 6.77004e-21
5.80224e-07 1.06068e-17 1.20609e-156 1.06068e-17
6.58438e-07 3.60139e-15 1.45276e-170 3.60139e-15
7.47195e-07 2.65003e-13 3.79247e-185 2.65003e-13
8.47917e-07 4.22598e-12 2.14564e-200 4.22598e-12
9.62216e-07 1.46049e-11 2.63084e-216 1.46049e-11
1.09192e-06 1.09513e-11 6.99088e-233 1.09513e-11
1.23911e-06 2.77057e-12 4.02595e-250 2.77057e-12
1.40615e-06 1.78303e-11 5.0246e-268 1.78303e-11
1.59569e-06 8.17384e-11 1.35904e-286 8.17384e-11
1.81079e-06 1.34547e-10 7.96632e-306 1.34547e-10
2.05489e-06 1.56287e-10 0 1.56287e-10
2.33188e-06 3.39756e-10 0 3.39756e-10
2.64622e-06 9.80602e-10 0 9.80602e-10
3.00293e-06 2.18895e-09 0 2.18895e-09
3.40773e-06 4.11527e-09 0 4.11527e-09
3.86709e-06 7.53179e-09 0 7.53179e-09
4.38837e-06 1.38681e-08 0 1.38681e-08
4.97992e-06 2.4159e-08 0 2.4159e-08
5.65121e-06 3.84884e-08 0 3.84884e-08
6.41299e-06 5.5049e-08 0 5.5049e-08
7.27746e-06 7.98714e-08 0 7.98714e-08
8.25846e-06 1.43218e-07 0 1.43218e-07
9.3717e-06 2.71854e-07 0 2.71854e-07
1.0635e-05 4.6891e-07 0 4.6891e-07
1.20686e-05 7.69656e-07 0 7.69656e-07
1.36954e-05 1.27266e-06 0 1.27266e-06
1.55416e-05 2.08966e-06 0 2.08966e-06
1.76366e-05 3.59468e-06 0 3.59468e-06
2.0014e-05 6.43547e-06 0 6.43547e-06
2.27119e-05 1.15363e-05 0 1.15363e-05
2.57734e-05 2.02426e-05 0 2.02426e-05
2.92477e-05 3.30328e-05 0 3.30328e-05
3.31902e-05 4.65745e-05 0 4.65745e-05
3.76643e-05 5.65827e-05 0 5.65827e-05
4.27414e-05 6.42041e-05 0 6.42041e-05
4.85029e-05 7.25776e-05 0 7.25776e-05
5.50411e-05 8.19966e-05 0 8.19966e-05
6.24607e-05 9.68814e-05 0 9.68814e-05
7.08803e-05 0.000118225 0 0.000118225
8.0435e-05 0.000148587 0 0.000148587
9.12776e-05 0.00018833 0 0.00018833
0.000103582 0.000231018 0 0.000231018
0.000117545 0.000285924 0 0.000285924
0.00013339 0.000366208 0 0.000366208
0.00015137 0.000479135 0 0.000479135
0.000171775 0.000613084 0 0.000613084
0.00019493 0.000766569 0 0.000766569
0.000221207 0.000820596 0 0.000820596
0.000251025 0.000717573 0 0.000717573
0.000284864 0.000623025 0 0.000623025
0.000323263 0.000560027 0 0.000560027
0.000366839 0.000495841 0 0.000495841
0.000416289 0.000422618 0 0.000422618
0.000472404 0.000339276 0 0.000339276
0.000536084 0.000251846 0 0.000251846
0.000608348 0.000119935 0 0.000119935
