2.22408e-09 0 3.27255e-15 0
2.46704e-09 0 1.95746e-15 0
2.73654e-09 0 4.18904e-16 0
3.03548e-09 0 3.20738e-17 0
3.36708e-09 0 8.78616e-19 0
3.7349e-09 0 8.61118e-21 0
4.14291e-09 0 3.01954e-23 0
4.59548e-09 0 3.78819e-26 0
5.09749e-09 0 1.70035e-29 0
5.65435e-09 0 2.7306e-33 0
6.27203e-09 0 1.56889e-37 0
6.95719e-09 0 3.22507e-42 0
7.7172e-09 0 2.37193e-47 0
8.56023e-09 0 6.24135e-53 0
9.49536e-09 0 5.87582e-59 0
1.05326e-08 0 1.97913e-65 0
1.16832e-08 0 2.38502e-72 0
1.29595e-08 0 1.02831e-79 0
1.43752e-08 0 1.58625e-87 0
1.59456e-08 0 8.75452e-96 0
1.76875e-08 0 1.72865e-104 0
1.96197e-08 0 1.22123e-113 0
2.17629e-08 7.7622e-316 3.08674e-123 7.7622e-316
2.41403e-08 1.41306e-299 2.79137e-133 1.41306e-299
2.67774e-08 9.20338e-284 9.03127e-144 9.20338e-284
2.97026e-08 2.14462e-268 1.04543e-154 2.14462e-268
3.29473e-08 1.788e-253 4.32966e-166 1.788e-253
3.65465e-08 5.33331e-239 6.41546e-178 5.33331e-239
4.05389e-08 5.6917e-225 3.40107e-190 5.6917e-225
4.49674e-08 2.1732e-211 6.45087e-203 2.1732e-211
4.98797e-08 2.96875e-198 4.37758e-216 2.96875e-198
5.53285e-08 1.45098e-185 1.06283e-229 1.45098e-185
6.13727e-08 2.53724e-173 9.23228e-244 2.53724e-173
6.80771e-08 1.58737e-161 2.86924e-258 1.58737e-161
7.55138e-08 3.55309e-150 3.19036e-273 3.55309e-150
8.3763e-08 2.84544e-139 1.26919e-288 2.84544e-139
9.29133e-08 8.15281e-129 1.80646e-304 8.15281e-129
1.03063e-07 8.35755e-119 0 8.35755e-119
1.14322e-07 3.06524e-109 0 3.06524e-109
1.26811e-07 4.02221e-100 0 4.02221e-100
1.40663e-07 1.88833e-91 0 1.88833e-91
1.5603e-07 3.17181e-83 0 3.17181e-83
1.73074e-07 1.90611e-75 0 1.90611e-75
1.91981e-07 4.09831e-68 0 4.09831e-68
2.12953e-07 3.15265e-61 0 3.15265e-61
2.36216e-07 8.67681e-55 0 8.67681e-55
2.62021e-07 8.54395e-49 0 8.54395e-49
2.90644e-07 3.01003e-43 0 3.01003e-43
3.22394e-07 3.79401e-38 0 3.79401e-38
3.57613e-07 1.71096e-33 0 1.71096e-33
3.96679e-07 2.76054e-29 0 2.76054e-29
4.40012e-07 1.59354e-25 0 1.59354e-25
4.88079e-07 3.29114e-22 0 3.29114e-22
5.41397e-07 2.43189e-19 0 2.43189e-19
6.0054e-07 6.42918e-17 0 6.42918e-17
6.66143e-07 6.08109e-15 0 6.08109e-15
7.38913e-07 2.05788e-13 0 2.05788e-13
8.19632e-07 2.49158e-12 0 2.49158e-12
9.09169e-07 1.0793e-11 0 1.0793e-11
1.00849e-06 1.67277e-11 0 1.67277e-11
1.11866e-06 9.31319e-12 0 9.31319e-12
1.24086e-06 3.04747e-12 0 3.04747e-12
1.37641e-06 1.42667e-11 0 1.42667e-11
1.52677e-06 6.53337e-11 0 6.53337e-11
1.69356e-06 1.39475e-10 0 1.39475e-10
1.87856e-06 1.73838e-10 0 1.73838e-10
2.08378e-06 2.0892e-10 0 2.0892e-10
2.31141e-06 4.35049e-10 0 4.35049e-10
2.56391e-06 1.19193e-09 0 1.19193e-09
2.84399e-06 2.8751e-09 0 2.8751e-09
3.15467e-06 5.90516e-09 0 5.90516e-09
3.49929e-06 1.11759e-08 0 1.11759e-08
3.88155e-06 1.98608e-08 0 1.98608e-08
4.30558e-06 3.58638e-08 0 3.58638e-08
4.77592e-06 6.55018e-08 0 6.55018e-08
5.29764e-06 1.14502e-07 0 1.14502e-07
5.87636e-06 1.89967e-07 0 1.89967e-07
6.5183e-06 3.00006e-07 0 3.00006e-07
7.23036e-06 5.31011e-07 0 5.31011e-07
8.02021e-06 1.06564e-06 0 1.06564e-06
8.89635e-06 2.14225e-06 0 2.14225e-06
9.86819e-06 4.01956e-06 0 4.01956e-06
1.09462e-05 7.01161e-06 0 7.01161e-06
1.2142e-05 1.27476e-05 0 1.27476e-05
1.34684e-05 2.38035e-05 0 2.38035e-05
1.49397e-05 4.22536e-05 0 4.22536e-05
1.65717e-05 7.34883e-05 0 7.34883e-05
1.8382e-05 0.000127908 0 0.000127908
2.039e-05 0.000216993 0 0.000216993
2.26174e-05 0.000354028 0 0.000354028
2.50882e-05 0.000557673 0 0.000557673
2.78288e-05 0.00083545 0 0.00083545
3.08689e-05 0.00114717 0 0.00114717
3.4241e-05 0.00141516 0 0.00141516
3.79815e-05 0.00152103 0 0.00152103
4.21306e-05 0.00139056 0 0.00139056
4.6733e-05 0.00106969 0 0.00106969
5.18382e-05 0.000652714 0 0.000652714
5.7501e-05 0.000286183 0 0.000286183
6.37824e-05 8.44929e-05 0 8.44929e-05
