2.22408e-09 0 8.67775e-18 0
2.56854e-09 0 3.28827e-18 0
2.96634e-09 0 2.89507e-19 0
3.42576e-09 0 1.09662e-19 0
3.95633e-09 0 1.05431e-19 0
4.56907e-09 0 9.66324e-20 0
5.27671e-09 0 8.69772e-20 0
6.09395e-09 0 1.07369e-19 0
7.03776e-09 0 1.29833e-19 0
8.12774e-09 0 1.53108e-19 0
9.38654e-09 0 2.01395e-19 0
1.08403e-08 0 3.41776e-19 0
1.25192e-08 0 5.83872e-19 0
1.44581e-08 0 9.4288e-19 0
1.66973e-08 0 1.47012e-18 0
1.92834e-08 0 2.11733e-18 0
2.22699e-08 2.62252e-312 3.18119e-18 2.62252e-312
2.5719e-08 5.54539e-290 4.73228e-18 5.54539e-290
2.97023e-08 1.61461e-268 8.64765e-18 1.61461e-268
3.43024e-08 6.47336e-248 1.75772e-17 6.47336e-248
3.96151e-08 3.57367e-228 3.13446e-17 3.57367e-228
4.57505e-08 2.71659e-209 5.55781e-17 2.71659e-209
5.28362e-08 2.84352e-191 1.09772e-16 2.84352e-191
6.10193e-08 4.09839e-174 2.19778e-16 4.09839e-174
7.04697e-08 8.13381e-158 3.51663e-16 8.13381e-158
8.13838e-08 2.22279e-142 4.63575e-16 2.22279e-142
9.39882e-08 8.36426e-128 5.94238e-16 8.36426e-128
1.08545e-07 4.33391e-114 7.60983e-16 4.33391e-114
1.25356e-07 3.09213e-101 9.1256e-16 3.09213e-101
1.4477e-07 3.03779e-89 9.50435e-16 3.03779e-89
1.67192e-07 4.10944e-78 7.8715e-16 4.10944e-78
1.93086e-07 7.65476e-68 4.27385e-16 7.65476e-68
2.22991e-07 1.96338e-58 9.39569e-17 1.96338e-58
2.57527e-07 6.93428e-50 9.94191e-18 6.93428e-50
2.97411e-07 3.37227e-42 1.08328e-18 3.37227e-42
3.43473e-07 2.25822e-35 3.30829e-20 2.25822e-35
3.96669e-07 2.08226e-29 1.49838e-22 2.08226e-29
4.58104e-07 2.6438e-24 9.41125e-26 2.6438e-24
5.29053e-07 4.62216e-20 8.14563e-30 4.62216e-20
6.10991e-07 1.11272e-16 9.70875e-35 1.11272e-16
7.05619e-07 3.6885e-14 1.59342e-40 3.6885e-14
8.14903e-07 1.6836e-12 3.60099e-47 1.6836e-12
9.41112e-07 1.05816e-11 1.12057e-54 1.05816e-11
1.08687e-06 9.16541e-12 4.80151e-63 9.16541e-12
1.2552e-06 2.13752e-12 2.83297e-72 2.13752e-12
1.4496e-06 2.08256e-11 2.3016e-82 2.08256e-11
1.67411e-06 7.45127e-11 2.57479e-93 7.45127e-11
1.93339e-06 8.67992e-11 3.96622e-105 8.67992e-11
2.23282e-06 1.36893e-10 8.41272e-118 1.36893e-10
2.57863e-06 4.19681e-10 2.45709e-131 4.19681e-10
2.978e-06 1.05139e-09 9.88162e-146 1.05139e-09
3.43923e-06 1.96159e-09 5.47217e-161 1.96159e-09
3.97188e-06 3.43311e-09 4.17268e-177 3.43311e-09
4.58703e-06 5.83256e-09 4.38122e-194 5.83256e-09
5.29746e-06 9.08084e-09 6.3343e-212 9.08084e-09
6.11791e-06 1.23866e-08 1.26103e-230 1.23866e-08
7.06543e-06 1.46014e-08 3.45683e-250 1.46014e-08
8.15969e-06 2.02633e-08 1.30483e-270 2.02633e-08
9.42344e-06 3.14059e-08 6.78193e-292 3.14059e-08
1.08829e-05 4.32733e-08 4.85375e-314 4.32733e-08
1.25684e-05 5.45058e-08 0 5.45058e-08
1.4515e-05 6.48149e-08 0 6.48149e-08
1.6763e-05 8.11172e-08 0 8.11172e-08
1.93592e-05 1.0481e-07 0 1.0481e-07
2.23575e-05 1.34314e-07 0 1.34314e-07
2.58201e-05 1.77255e-07 0 1.77255e-07
2.9819e-05 2.09874e-07 0 2.09874e-07
3.44373e-05 1.99287e-07 0 1.99287e-07
3.97708e-05 1.61063e-07 0 1.61063e-07
4.59304e-05 1.32179e-07 0 1.32179e-07
5.30439e-05 1.21028e-07 0 1.21028e-07
6.12591e-05 1.17199e-07 0 1.17199e-07
7.07467e-05 1.10976e-07 0 1.10976e-07
8.17037e-05 1.26537e-07 0 1.26537e-07
9.43577e-05 1.52215e-07 0 1.52215e-07
0.000108971 1.82243e-07 0 1.82243e-07
0.000125849 2.24243e-07 0 2.24243e-07
0.00014534 3.63662e-07 0 3.63662e-07
0.000167849 6.461e-07 0 6.461e-07
0.000193845 1.03568e-06 0 1.03568e-06
0.000223867 1.6242e-06 0 1.6242e-06
0.000258539 2.38817e-06 0 2.38817e-06
0.00029858 3.52856e-06 0 3.52856e-06
0.000344823 5.2618e-06 0 5.2618e-06
0.000398228 8.98666e-06 0 8.98666e-06
0.000459905 1.85983e-05 0 1.85983e-05
0.000531133 3.38338e-05 0 3.38338e-05
0.000613393 5.94337e-05 0 5.94337e-05
0.000708393 0.000114484 0 0.000114484
0.000818106 0.000233188 0 0.000233188
0.000944812 0.000396755 0 0.000396755
0.00109114 0.000534392 0 0.000534392
0.00126013 0.000686755 0 0.000686755
0.0014553 0.000880457 0 0.000880457
0.00168069 0.00108108 0 0.00108108
0.00194099 0.00116775 0 0.00116775
0.0022416 0.00102546 0 0.00102546
0.00258877 0.000633094 0 0.000633094
0.00298971 0.000174712 0 0.000174712
0.00345275 1.97428e-05 0 1.97428e-05
