2.22408e-09 0 1.39788e-17 0
2.55482e-09 0 5.98465e-18 0
2.93475e-09 0 1.2287e-18 0
3.37117e-09 0 9.74726e-19 0
3.8725e-09 0 1.08113e-18 0
4.44838e-09 0 1.20218e-18 0
5.10989e-09 0 1.29396e-18 0
5.86978e-09 0 1.69482e-18 0
6.74268e-09 0 2.34231e-18 0
7.74538e-09 0 3.0837e-18 0
8.89719e-09 0 4.03882e-18 0
1.02203e-08 0 6.42172e-18 0
1.17401e-08 0 1.02913e-17 0
1.3486e-08 0 1.53676e-17 0
1.54915e-08 0 2.3355e-17 0
1.77952e-08 0 3.12016e-17 0
2.04416e-08 0 3.91273e-17 0
2.34814e-08 5.69287e-304 5.64415e-17 5.69287e-304
2.69733e-08 9.13768e-283 7.89083e-17 9.13768e-283
3.09845e-08 2.33405e-262 1.26846e-16 2.33405e-262
3.55922e-08 9.4875e-243 1.94161e-16 9.4875e-243
4.08851e-08 6.13709e-224 2.75554e-16 6.13709e-224
4.69651e-08 6.31745e-206 4.00962e-16 6.31745e-206
5.39493e-08 1.03488e-188 5.89075e-16 1.03488e-188
6.19721e-08 2.69778e-172 8.40201e-16 2.69778e-172
7.11879e-08 1.11916e-156 9.02002e-16 1.11916e-156
8.17742e-08 7.3883e-142 8.27043e-16 7.3883e-142
9.39348e-08 7.76188e-128 6.92026e-16 7.76188e-128
1.07904e-07 1.29765e-114 4.98131e-16 1.29765e-114
1.2395e-07 3.45237e-102 2.81128e-16 3.45237e-102
1.42383e-07 1.46166e-90 1.01655e-16 1.46166e-90
1.63556e-07 9.84787e-80 1.70858e-17 9.84787e-80
1.87879e-07 1.05586e-69 8.69581e-19 1.05586e-69
2.15818e-07 1.80153e-60 9.59428e-21 1.80153e-60
2.47912e-07 4.89152e-52 1.94243e-23 4.89152e-52
2.84779e-07 2.11356e-44 6.71504e-27 2.11356e-44
3.27129e-07 1.4533e-37 3.83739e-31 1.4533e-37
3.75776e-07 1.59024e-31 3.568e-36 1.59024e-31
4.31657e-07 2.76911e-26 5.35287e-42 2.76911e-26
4.95849e-07 7.67336e-22 1.28962e-48 7.67336e-22
5.69586e-07 3.38376e-18 4.9751e-56 3.38376e-18
6.54289e-07 2.37456e-15 3.06762e-64 2.37456e-15
7.51588e-07 2.65176e-13 3.0194e-73 2.65176e-13
8.63357e-07 4.71252e-12 4.74005e-83 4.71252e-12
9.91746e-07 1.33274e-11 1.1861e-93 1.33274e-11
1.13923e-06 6.04979e-12 4.7287e-105 6.04979e-12
1.30864e-06 3.7341e-12 3.00267e-117 3.7341e-12
1.50325e-06 3.64584e-11 3.0361e-130 3.64584e-11
1.7268e-06 9.06981e-11 4.88757e-144 9.06981e-11
1.98359e-06 9.75963e-11 1.25252e-158 9.75963e-11
2.27857e-06 1.79284e-10 5.10922e-174 1.79284e-10
2.61741e-06 5.50831e-10 3.31718e-190 5.50831e-10
3.00665e-06 1.30542e-09 3.42776e-207 1.30542e-09
3.45376e-06 2.42345e-09 5.63718e-225 2.42345e-09
3.96737e-06 4.28035e-09 1.47541e-243 4.28035e-09
4.55736e-06 7.35711e-09 6.14546e-263 7.35711e-09
5.23508e-06 1.17147e-08 4.07362e-283 1.17147e-08
6.01358e-06 1.67045e-08 4.29722e-304 1.67045e-08
6.90786e-06 2.0705e-08 0 2.0705e-08
7.93513e-06 2.90348e-08 0 2.90348e-08
9.11516e-06 4.72958e-08 0 4.72958e-08
1.04707e-05 7.15817e-08 0 7.15817e-08
1.20278e-05 9.87665e-08 0 9.87665e-08
1.38164e-05 1.31219e-07 0 1.31219e-07
1.5871e-05 1.78054e-07 0 1.78054e-07
1.82312e-05 2.59488e-07 0 2.59488e-07
2.09424e-05 3.75994e-07 0 3.75994e-07
2.40567e-05 5.76043e-07 0 5.76043e-07
2.76341e-05 8.60934e-07 0 8.60934e-07
3.17436e-05 1.10911e-06 0 1.10911e-06
3.64642e-05 1.17759e-06 0 1.17759e-06
4.18867e-05 1.17466e-06 0 1.17466e-06
4.81157e-05 1.23159e-06 0 1.23159e-06
5.5271e-05 1.344e-06 0 1.344e-06
6.34903e-05 1.48738e-06 0 1.48738e-06
7.29319e-05 1.7496e-06 0 1.7496e-06
8.37776e-05 2.2951e-06 0 2.2951e-06
9.62361e-05 3.05834e-06 0 3.05834e-06
0.000110547 3.98753e-06 0 3.98753e-06
0.000126987 5.3157e-06 0 5.3157e-06
0.000145871 8.59031e-06 0 8.59031e-06
0.000167563 1.38919e-05 0 1.38919e-05
0.000192482 2.06181e-05 0 2.06181e-05
0.000221105 3.06665e-05 0 3.06665e-05
0.000253986 3.96696e-05 0 3.96696e-05
0.000291756 5.14524e-05 0 5.14524e-05
0.000335143 7.41939e-05 0 7.41939e-05
0.000384982 0.00010499 0 0.00010499
0.000442232 0.000172694 0 0.000172694
0.000507996 0.000254652 0 0.000254652
0.00058354 0.000366427 0 0.000366427
0.000670318 0.000530675 0 0.000530675
0.000770001 0.000788725 0 0.000788725
0.000884508 0.00106929 0 0.00106929
0.00101604 0.00108712 0 0.00108712
0.00116714 0.000981465 0 0.000981465
0.0013407 0.000796719 0 0.000796719
0.00154008 0.000551728 0 0.000551728
0.0017691 0.000288123 0 0.000288123
0.00203218 9.11778e-05 0 9.11778e-05
