2.22408e-09 0 1.73428e-15 0
2.47948e-09 0 1.23702e-15 0
2.76422e-09 0 8.20642e-16 0
3.08165e-09 0 7.2686e-16 0
3.43553e-09 0 6.28057e-16 0
3.83006e-09 0 5.33662e-16 0
4.26988e-09 0 4.03649e-16 0
4.76022e-09 0 2.56838e-16 0
5.30686e-09 0 1.38932e-16 0
5.91628e-09 0 6.23684e-17 0
6.59568e-09 0 1.93962e-17 0
7.3531e-09 0 3.61001e-18 0
8.1975e-09 0 3.66255e-19 0
9.13886e-09 7.16395e-322 1.71165e-20 7.16395e-322
1.01883e-08 1.0793e-304 3.10776e-22 1.0793e-304
1.13583e-08 5.24982e-288 1.98702e-24 5.24982e-288
1.26627e-08 8.24869e-272 4.27643e-27 8.24869e-272
1.41168e-08 4.1866e-256 3.03567e-30 4.1866e-256
1.57379e-08 6.86394e-241 7.03869e-34 6.86394e-241
1.75452e-08 3.63514e-226 5.30428e-38 3.63514e-226
1.956e-08 6.21879e-212 1.29566e-42 6.21879e-212
2.18062e-08 3.43658e-198 1.02433e-47 3.43658e-198
2.43103e-08 6.13454e-185 2.61884e-53 6.13454e-185
2.7102e-08 3.53732e-172 2.16416e-59 3.53732e-172
3.02143e-08 6.58873e-160 5.77918e-66 6.58873e-160
3.36839e-08 3.96429e-148 4.98619e-73 3.96429e-148
3.75521e-08 7.70487e-137 1.38982e-80 7.70487e-137
4.18644e-08 4.83728e-126 1.25146e-88 4.83728e-126
4.66719e-08 9.81009e-116 3.64021e-97 9.81009e-116
5.20315e-08 6.42659e-106 3.42044e-106 6.42659e-106
5.80066e-08 1.35995e-96 1.0382e-115 1.35995e-96
6.46678e-08 9.29617e-88 1.01792e-125 9.29617e-88
7.2094e-08 2.05267e-79 3.22396e-136 2.05267e-79
8.0373e-08 1.4641e-71 3.29838e-147 1.4641e-71
8.96027e-08 3.37333e-64 1.09006e-158 3.37333e-64
9.98923e-08 2.51063e-57 1.16368e-170 2.51063e-57
1.11363e-07 6.03589e-51 4.01285e-183 6.03589e-51
1.24152e-07 4.68745e-45 4.47002e-196 4.68745e-45
1.38409e-07 1.17589e-39 1.60843e-209 1.17589e-39
1.54303e-07 9.52873e-35 1.86952e-223 9.52873e-35
1.72023e-07 2.49424e-30 7.01931e-238 2.49424e-30
1.91777e-07 2.109e-26 8.51323e-253 2.109e-26
2.138e-07 5.7604e-23 3.33527e-268 5.7604e-23
2.38352e-07 5.08234e-20 4.22088e-284 5.08234e-20
2.65723e-07 1.44847e-17 1.72548e-300 1.44847e-17
2.96238e-07 1.3335e-15 2.27853e-317 1.3335e-15
3.30257e-07 3.96563e-14 0 3.96563e-14
3.68182e-07 3.80949e-13 0 3.80949e-13
4.10462e-07 1.18211e-12 0 1.18211e-12
4.57598e-07 1.18491e-12 0 1.18491e-12
5.10147e-07 3.83661e-13 0 3.83661e-13
5.6873e-07 4.01279e-14 0 4.01279e-14
6.34041e-07 1.35575e-15 0 1.35575e-15
7.06851e-07 1.47962e-17 0 1.47962e-17
7.88023e-07 5.21624e-20 0 5.21624e-20
8.78516e-07 5.94162e-23 0 5.94162e-23
9.79401e-07 7.56732e-23 0 7.56732e-23
1.09187e-06 1.29353e-19 0 1.29353e-19
1.21726e-06 7.16627e-17 0 7.16627e-17
1.35704e-06 1.29376e-14 0 1.29376e-14
1.51288e-06 7.73462e-13 0 7.73462e-13
1.68661e-06 1.59707e-11 0 1.59707e-11
1.8803e-06 1.2506e-10 0 1.2506e-10
2.09622e-06 4.35069e-10 0 4.35069e-10
2.33694e-06 8.7478e-10 0 8.7478e-10
2.60531e-06 1.55329e-09 0 1.55329e-09
2.90449e-06 2.4725e-09 0 2.4725e-09
3.23803e-06 3.8659e-09 0 3.8659e-09
3.60987e-06 8.6851e-09 0 8.6851e-09
4.02441e-06 1.88027e-08 0 1.88027e-08
4.48656e-06 3.67787e-08 0 3.67787e-08
5.00177e-06 6.80215e-08 0 6.80215e-08
5.57616e-06 1.16042e-07 0 1.16042e-07
6.2165e-06 2.28082e-07 0 2.28082e-07
6.93037e-06 4.60069e-07 0 4.60069e-07
7.72623e-06 8.69848e-07 0 8.69848e-07
8.61348e-06 1.56864e-06 0 1.56864e-06
9.60261e-06 2.80694e-06 0 2.80694e-06
1.07053e-05 5.33092e-06 0 5.33092e-06
1.19347e-05 9.65363e-06 0 9.65363e-06
1.33052e-05 1.59808e-05 0 1.59808e-05
1.48331e-05 2.62346e-05 0 2.62346e-05
1.65365e-05 4.46939e-05 0 4.46939e-05
1.84355e-05 7.66621e-05 0 7.66621e-05
2.05525e-05 0.000133018 0 0.000133018
2.29127e-05 0.000221682 0 0.000221682
2.55439e-05 0.000349726 0 0.000349726
2.84773e-05 0.000517745 0 0.000517745
3.17475e-05 0.000687825 0 0.000687825
3.53932e-05 0.000835909 0 0.000835909
3.94576e-05 0.000959704 0 0.000959704
4.39888e-05 0.00103014 0 0.00103014
4.90403e-05 0.00102643 0 0.00102643
5.46718e-05 0.000944356 0 0.000944356
6.09501e-05 0.00081071 0 0.00081071
6.79494e-05 0.000629389 0 0.000629389
7.57524e-05 0.000428059 0 0.000428059
8.44515e-05 0.000262729 0 0.000262729
9.41495e-05 0.000144189 0 0.000144189
0.000104961 5.74107e-05 0 5.74107e-05
