2.22408e-09 0 2.09807e-15 0
2.47691e-09 0 1.45583e-15 0
2.75848e-09 0 8.61578e-16 0
3.07205e-09 0 6.92299e-16 0
3.42127e-09 0 5.1973e-16 0
3.81019e-09 0 3.59732e-16 0
4.24332e-09 0 2.14541e-16 0
4.72569e-09 0 1.1009e-16 0
5.26289e-09 0 4.48344e-17 0
5.86116e-09 0 1.17443e-17 0
6.52744e-09 0 1.60276e-18 0
7.26946e-09 0 9.571e-20 0
8.09584e-09 0 2.22453e-21 0
9.01615e-09 4.94066e-324 1.88442e-23 4.94066e-324
1.00411e-08 5.76777e-307 5.61382e-26 5.76777e-307
1.11825e-08 2.26883e-290 5.76006e-29 2.26883e-290
1.24537e-08 2.94563e-274 2.00879e-32 2.94563e-274
1.38694e-08 1.26222e-258 2.36008e-36 1.26222e-258
1.5446e-08 1.78513e-243 9.28448e-41 1.78513e-243
1.72019e-08 8.33273e-229 1.21785e-45 8.33273e-229
1.91574e-08 1.28376e-214 5.31089e-51 1.28376e-214
2.13351e-08 6.52775e-201 7.68408e-57 6.52775e-201
2.37604e-08 1.09553e-187 3.68339e-63 1.09553e-187
2.64614e-08 6.06824e-175 5.84385e-70 6.06824e-175
2.94695e-08 1.10939e-162 3.06642e-77 1.10939e-162
3.28195e-08 6.69398e-151 5.31891e-85 6.69398e-151
3.65503e-08 1.33311e-139 3.04864e-93 1.33311e-139
4.07053e-08 8.76251e-129 5.77246e-102 8.76251e-129
4.53325e-08 1.90095e-118 3.60991e-111 1.90095e-118
5.04858e-08 1.36112e-108 7.45494e-121 1.36112e-108
5.62249e-08 3.21662e-99 5.08338e-131 3.21662e-99
6.26163e-08 2.50891e-90 1.14441e-141 2.50891e-90
6.97344e-08 6.45878e-82 8.5055e-153 6.45878e-82
7.76616e-08 5.48778e-74 2.08682e-164 5.48778e-74
8.64899e-08 1.53895e-66 1.69012e-176 1.53895e-66
9.63218e-08 1.4244e-59 4.51838e-189 1.4244e-59
1.07271e-07 4.35131e-53 3.98722e-202 4.35131e-53
1.19466e-07 4.38722e-47 1.16137e-215 4.38722e-47
1.33046e-07 1.45995e-41 1.11655e-229 1.45995e-41
1.4817e-07 1.6035e-36 3.54313e-244 1.6035e-36
1.65014e-07 5.81273e-32 3.711e-259 5.81273e-32
1.83772e-07 6.9546e-28 1.28289e-274 6.9546e-28
2.04663e-07 2.74628e-24 1.46379e-290 2.74628e-24
2.27929e-07 3.57929e-21 5.51257e-307 3.57929e-21
2.53839e-07 1.53968e-18 4.94066e-324 1.53968e-18
2.82694e-07 2.18598e-16 0 2.18598e-16
3.1483e-07 1.02433e-14 0 1.02433e-14
3.50619e-07 1.58422e-13 0 1.58422e-13
3.90477e-07 8.08672e-13 0 8.08672e-13
4.34865e-07 1.36241e-12 0 1.36241e-12
4.84299e-07 7.57577e-13 0 7.57577e-13
5.39353e-07 1.39035e-13 0 1.39035e-13
6.00665e-07 8.42179e-15 0 8.42179e-15
6.68946e-07 1.6837e-16 0 1.6837e-16
7.4499e-07 1.11097e-18 0 1.11097e-18
8.29678e-07 2.4195e-21 0 2.4195e-21
9.23994e-07 2.62058e-24 0 2.62058e-24
1.02903e-06 2.56839e-21 0 2.56839e-21
1.14601e-06 2.47408e-18 0 2.47408e-18
1.27628e-06 7.90358e-16 0 7.90358e-16
1.42137e-06 8.44705e-14 0 8.44705e-14
1.58294e-06 3.09337e-12 0 3.09337e-12
1.76289e-06 4.11653e-11 0 4.11653e-11
1.96329e-06 2.23706e-10 0 2.23706e-10
2.18647e-06 5.95616e-10 0 5.95616e-10
2.43502e-06 1.08464e-09 0 1.08464e-09
2.71183e-06 1.89186e-09 0 1.89186e-09
3.0201e-06 2.81827e-09 0 2.81827e-09
3.36341e-06 4.97958e-09 0 4.97958e-09
3.74576e-06 1.15391e-08 0 1.15391e-08
4.17156e-06 2.35135e-08 0 2.35135e-08
4.64577e-06 4.56254e-08 0 4.56254e-08
5.17389e-06 8.18755e-08 0 8.18755e-08
5.76204e-06 1.44655e-07 0 1.44655e-07
6.41705e-06 2.9081e-07 0 2.9081e-07
7.14653e-06 5.67183e-07 0 5.67183e-07
7.95892e-06 1.05707e-06 0 1.05707e-06
8.86367e-06 1.89549e-06 0 1.89549e-06
9.87126e-06 3.50889e-06 0 3.50889e-06
1.09934e-05 6.75765e-06 0 6.75765e-06
1.22431e-05 1.20172e-05 0 1.20172e-05
1.36349e-05 1.97835e-05 0 1.97835e-05
1.51848e-05 3.30063e-05 0 3.30063e-05
1.6911e-05 5.7222e-05 0 5.7222e-05
1.88334e-05 0.000100384 0 0.000100384
2.09743e-05 0.000174473 0 0.000174473
2.33586e-05 0.000287752 0 0.000287752
2.60139e-05 0.000450894 0 0.000450894
2.89711e-05 0.000653976 0 0.000653976
3.22645e-05 0.000855974 0 0.000855974
3.59322e-05 0.00103178 0 0.00103178
4.00169e-05 0.00114629 0 0.00114629
4.45659e-05 0.00116161 0 0.00116161
4.9632e-05 0.00106333 0 0.00106333
5.5274e-05 0.000849502 0 0.000849502
6.15574e-05 0.000607031 0 0.000607031
6.8555e-05 0.000392858 0 0.000392858
7.63482e-05 0.000234893 0 0.000234893
8.50272e-05 0.000121607 0 0.000121607
9.46929e-05 4.5592e-05 0 4.5592e-05
