2.22408e-09 0 3.27255e-15 0
2.46977e-09 0 1.93604e-15 0
2.74259e-09 0 4.00869e-16 0
3.04555e-09 0 2.90501e-17 0
3.38198e-09 0 7.36801e-19 0
3.75557e-09 0 6.5405e-21 0
4.17044e-09 0 2.03203e-23 0
4.63113e-09 0 2.20956e-26 0
5.14271e-09 0 8.40894e-30 0
5.7108e-09 0 1.12004e-33 0
6.34165e-09 0 5.22138e-38 0
7.04218e-09 0 8.5191e-43 0
7.8201e-09 0 4.86475e-48 0
8.68396e-09 0 9.72266e-54 0
9.64324e-09 2.54453e-313 6.80092e-60 2.54453e-313
1.07085e-08 5.46418e-297 1.66498e-66 5.46418e-297
1.18914e-08 4.10677e-281 1.42662e-73 4.10677e-281
1.3205e-08 1.08027e-265 4.27822e-81 1.08027e-265
1.46637e-08 9.94544e-251 4.49033e-89 9.94544e-251
1.62835e-08 3.2046e-236 1.64949e-97 3.2046e-236
1.80823e-08 3.61393e-222 2.12071e-106 3.61393e-222
2.00798e-08 1.42641e-208 9.54266e-116 1.42641e-208
2.22979e-08 1.97046e-195 1.50285e-125 1.97046e-195
2.47611e-08 9.52685e-183 8.28362e-136 9.52685e-183
2.74963e-08 1.61209e-170 1.59802e-146 1.61209e-170
3.05337e-08 9.5474e-159 1.07895e-157 9.5474e-159
3.39066e-08 1.97897e-147 2.54966e-169 1.97897e-147
3.76522e-08 1.43566e-136 2.10871e-181 1.43566e-136
4.18114e-08 3.64522e-126 6.10397e-194 3.64522e-126
4.64302e-08 3.23931e-116 6.18393e-207 3.23931e-116
5.15591e-08 1.00749e-106 2.19268e-220 1.00749e-106
5.72546e-08 1.09669e-97 2.72109e-234 1.09669e-97
6.35793e-08 4.17818e-89 1.18187e-248 4.17818e-89
7.06026e-08 5.57119e-81 1.79661e-263 5.57119e-81
7.84018e-08 2.59996e-73 9.55862e-279 2.59996e-73
8.70625e-08 4.24662e-66 1.7799e-294 4.24662e-66
9.66799e-08 2.4276e-59 1.15999e-310 2.4276e-59
1.0736e-07 4.85703e-53 0 4.85703e-53
1.19219e-07 3.40111e-47 0 3.40111e-47
1.32389e-07 8.33546e-42 0 8.33546e-42
1.47013e-07 7.14984e-37 0 7.14984e-37
1.63253e-07 2.14645e-32 0 2.14645e-32
1.81287e-07 2.25529e-28 0 2.25529e-28
2.01313e-07 8.29361e-25 0 8.29361e-25
2.23552e-07 1.06744e-21 0 1.06744e-21
2.48246e-07 4.80838e-19 0 4.80838e-19
2.75669e-07 7.58076e-17 0 7.58076e-17
3.06121e-07 4.18297e-15 0 4.18297e-15
3.39937e-07 8.07822e-14 0 8.07822e-14
3.77488e-07 5.46014e-13 0 5.46014e-13
4.19188e-07 1.29167e-12 0 1.29167e-12
4.65494e-07 1.06944e-12 0 1.06944e-12
5.16915e-07 3.09896e-13 0 3.09896e-13
5.74016e-07 3.14295e-14 0 3.14295e-14
6.37425e-07 1.11562e-15 0 1.11562e-15
7.07839e-07 1.38596e-17 0 1.38596e-17
7.86031e-07 6.02622e-20 0 6.02622e-20
8.7286e-07 9.17142e-23 0 9.17142e-23
9.69282e-07 3.50657e-23 0 3.50657e-23
1.07635e-06 5.17717e-20 0 5.17717e-20
1.19525e-06 2.6855e-17 0 2.6855e-17
1.32729e-06 4.90863e-15 0 4.90863e-15
1.47391e-06 3.19913e-13 0 3.19913e-13
1.63673e-06 7.66477e-12 0 7.66477e-12
1.81753e-06 7.23747e-11 0 7.23747e-11
2.0183e-06 3.05368e-10 0 3.05368e-10
2.24126e-06 7.03594e-10 0 7.03594e-10
2.48884e-06 1.30953e-09 0 1.30953e-09
2.76377e-06 2.39082e-09 0 2.39082e-09
3.06907e-06 3.41839e-09 0 3.41839e-09
3.4081e-06 5.69386e-09 0 5.69386e-09
3.78457e-06 1.25324e-08 0 1.25324e-08
4.20264e-06 2.50297e-08 0 2.50297e-08
4.66689e-06 4.82342e-08 0 4.82342e-08
5.18242e-06 8.67903e-08 0 8.67903e-08
5.7549e-06 1.57045e-07 0 1.57045e-07
6.39062e-06 3.11671e-07 0 3.11671e-07
7.09656e-06 5.89324e-07 0 5.89324e-07
7.88049e-06 1.08667e-06 0 1.08667e-06
8.75101e-06 1.99067e-06 0 1.99067e-06
9.7177e-06 3.75561e-06 0 3.75561e-06
1.07912e-05 7.31374e-06 0 7.31374e-06
1.19832e-05 1.32962e-05 0 1.32962e-05
1.3307e-05 2.26183e-05 0 2.26183e-05
1.47769e-05 3.86669e-05 0 3.86669e-05
1.64093e-05 6.76762e-05 0 6.76762e-05
1.82219e-05 0.000119284 0 0.000119284
2.02348e-05 0.000211158 0 0.000211158
2.24701e-05 0.000354434 0 0.000354434
2.49523e-05 0.000560809 0 0.000560809
2.77086e-05 0.000835212 0 0.000835212
3.07695e-05 0.00112341 0 0.00112341
3.41685e-05 0.00135226 0 0.00135226
3.79429e-05 0.00146304 0 0.00146304
4.21343e-05 0.00137603 0 0.00137603
4.67887e-05 0.00105979 0 0.00105979
5.19572e-05 0.00061491 0 0.00061491
5.76967e-05 0.00024798 0 0.00024798
6.40703e-05 7.4505e-05 0 7.4505e-05
7.11478e-05 2.4386e-05 0 2.4386e-05
