2.22408e-09 0 3.06707e-16 0
2.50458e-09 0 2.32853e-16 0
2.82047e-09 0 2.15444e-16 0
3.17619e-09 0 2.45511e-16 0
3.57677e-09 0 2.81094e-16 0
4.02788e-09 0 3.17858e-16 0
4.53588e-09 0 3.61757e-16 0
5.10795e-09 0 4.24312e-16 0
5.75217e-09 0 4.79669e-16 0
6.47764e-09 0 5.28239e-16 0
7.29461e-09 0 5.68339e-16 0
8.21461e-09 0 5.91568e-16 0
9.25065e-09 0 6.04101e-16 0
1.04173e-08 0 5.5379e-16 0
1.17312e-08 0 4.69366e-16 0
1.32107e-08 0 3.5592e-16 0
1.48769e-08 0 2.0934e-16 0
1.67532e-08 0 9.53715e-17 0
1.88661e-08 0 3.62448e-17 0
2.12455e-08 0 1.13895e-17 0
2.39251e-08 8.98365e-310 1.78422e-18 8.98365e-310
2.69425e-08 2.22848e-291 9.25172e-20 2.22848e-291
3.03405e-08 1.43432e-273 1.38792e-21 1.43432e-273
3.41671e-08 2.39533e-256 5.74083e-24 2.39533e-256
3.84763e-08 1.03793e-239 6.38551e-27 1.03793e-239
4.3329e-08 1.16694e-223 1.88172e-30 1.16694e-223
4.87937e-08 3.40417e-208 1.4561e-34 3.40417e-208
5.49476e-08 2.57666e-193 2.94344e-39 2.57666e-193
6.18777e-08 5.06038e-179 1.54977e-44 5.06038e-179
6.96818e-08 2.57864e-165 2.12174e-50 2.57864e-165
7.84701e-08 3.40941e-152 7.54616e-57 3.40941e-152
8.83669e-08 1.16964e-139 6.96844e-64 1.16964e-139
9.95118e-08 1.04112e-127 1.67029e-71 1.04112e-127
1.12062e-07 2.40456e-116 1.03901e-79 2.40456e-116
1.26196e-07 1.44096e-105 1.6772e-88 1.44096e-105
1.42112e-07 2.24051e-95 7.02519e-98 2.24051e-95
1.60035e-07 9.0391e-86 7.63537e-108 9.0391e-86
1.80219e-07 9.46203e-77 2.15324e-118 9.46203e-77
2.02948e-07 2.56995e-68 1.57558e-129 2.56995e-68
2.28544e-07 1.81112e-60 2.9914e-141 1.81112e-60
2.57369e-07 3.3117e-53 1.47364e-153 3.3117e-53
2.89828e-07 1.57122e-46 1.8836e-166 1.57122e-46
3.26382e-07 1.9342e-40 6.24698e-180 1.9342e-40
3.67545e-07 6.17803e-35 5.37567e-194 6.17803e-35
4.13901e-07 5.12011e-30 1.20026e-208 5.12011e-30
4.66102e-07 1.10101e-25 6.95348e-224 1.10101e-25
5.24888e-07 6.14303e-22 1.04522e-239 6.14303e-22
5.91087e-07 8.89318e-19 4.0766e-256 8.89318e-19
6.65636e-07 3.34056e-16 4.12542e-273 3.34056e-16
7.49586e-07 3.25624e-14 1.08323e-290 3.25624e-14
8.44125e-07 8.24501e-13 7.37993e-309 8.24501e-13
9.50587e-07 5.47427e-12 0 5.47427e-12
1.07048e-06 1.03717e-11 0 1.03717e-11
1.20549e-06 9.87755e-12 0 9.87755e-12
1.35752e-06 1.29425e-11 0 1.29425e-11
1.52874e-06 1.35022e-11 0 1.35022e-11
1.72154e-06 5.84538e-12 0 5.84538e-12
1.93866e-06 1.01239e-11 0 1.01239e-11
2.18317e-06 4.50095e-11 0 4.50095e-11
2.45852e-06 1.40601e-10 0 1.40601e-10
2.76859e-06 3.80241e-10 0 3.80241e-10
3.11776e-06 8.89489e-10 0 8.89489e-10
3.51098e-06 1.72516e-09 0 1.72516e-09
3.95379e-06 2.48489e-09 0 2.48489e-09
4.45244e-06 5.01662e-09 0 5.01662e-09
5.01399e-06 1.16398e-08 0 1.16398e-08
5.64636e-06 1.90937e-08 0 1.90937e-08
6.35849e-06 3.11304e-08 0 3.11304e-08
7.16043e-06 7.9938e-08 0 7.9938e-08
8.06351e-06 2.07773e-07 0 2.07773e-07
9.08049e-06 4.22046e-07 0 4.22046e-07
1.02257e-05 8.12466e-07 0 8.12466e-07
1.15154e-05 1.53338e-06 0 1.53338e-06
1.29678e-05 2.86596e-06 0 2.86596e-06
1.46033e-05 5.51225e-06 0 5.51225e-06
1.6445e-05 1.04408e-05 0 1.04408e-05
1.85191e-05 1.82416e-05 0 1.82416e-05
2.08548e-05 3.10596e-05 0 3.10596e-05
2.3485e-05 5.12796e-05 0 5.12796e-05
2.64469e-05 7.88675e-05 0 7.88675e-05
2.97825e-05 0.000111333 0 0.000111333
3.35387e-05 0.000147138 0 0.000147138
3.77686e-05 0.000184871 0 0.000184871
4.2532e-05 0.000232055 0 0.000232055
4.78962e-05 0.000290856 0 0.000290856
5.39369e-05 0.000353391 0 0.000353391
6.07395e-05 0.000419289 0 0.000419289
6.84e-05 0.000490054 0 0.000490054
7.70267e-05 0.000554517 0 0.000554517
8.67414e-05 0.000631705 0 0.000631705
9.76814e-05 0.000707729 0 0.000707729
0.000110001 0.000742168 0 0.000742168
0.000123875 0.000772172 0 0.000772172
0.000139498 0.000758148 0 0.000758148
0.000157091 0.000668903 0 0.000668903
0.000176904 0.000526338 0 0.000526338
0.000199215 0.00034959 0 0.00034959
0.00022434 0.000185463 0 0.000185463
0.000252635 7.51721e-05 0 7.51721e-05
0.000284497 2.70639e-05 0 2.70639e-05
