2.22408e-09 0 3.27255e-15 0
2.4675e-09 0 1.95388e-15 0
2.73755e-09 0 4.15843e-16 0
3.03717e-09 0 3.15489e-17 0
3.36957e-09 0 8.53217e-19 0
3.73836e-09 0 8.22539e-21 0
4.1475e-09 0 2.82667e-23 0
4.60143e-09 0 3.46271e-26 0
5.10503e-09 0 1.51209e-29 0
5.66376e-09 0 2.35376e-33 0
6.28363e-09 0 1.30607e-37 0
6.97135e-09 0 2.58342e-42 0
7.73433e-09 0 1.82156e-47 0
8.58082e-09 0 4.5784e-53 0
9.51995e-09 0 4.1021e-59 0
1.05619e-08 0 1.31015e-65 0
1.17178e-08 0 1.49161e-72 0
1.30003e-08 0 6.05357e-80 0
1.44231e-08 0 8.7577e-88 0
1.60016e-08 0 4.51638e-96 0
1.7753e-08 0 8.30256e-105 0
1.96959e-08 0 5.4407e-114 0
2.18516e-08 4.94066e-324 1.27093e-123 4.94066e-324
2.42431e-08 2.27365e-307 1.0583e-133 2.27365e-307
2.68964e-08 2.60689e-291 3.14134e-144 2.60689e-291
2.98401e-08 1.06548e-275 3.32388e-155 1.06548e-275
3.3106e-08 1.55235e-260 1.25371e-166 1.55235e-260
3.67293e-08 8.0622e-246 1.68566e-178 8.0622e-246
4.07492e-08 1.49259e-231 8.07912e-191 1.49259e-231
4.5209e-08 9.85027e-218 1.38032e-203 9.85027e-218
5.01569e-08 2.31728e-204 8.40657e-217 2.31728e-204
5.56464e-08 1.94325e-191 1.82507e-230 1.94325e-191
6.17366e-08 5.80902e-179 1.41241e-244 5.80902e-179
6.84934e-08 6.1901e-167 3.89639e-259 6.1901e-167
7.59897e-08 2.35133e-155 3.83166e-274 2.35133e-155
8.43064e-08 3.18384e-144 1.34318e-289 3.18384e-144
9.35334e-08 1.53678e-133 1.67842e-305 1.53678e-133
1.0377e-07 2.64419e-123 0 2.64419e-123
1.15127e-07 1.62179e-113 0 1.62179e-113
1.27728e-07 3.54585e-104 0 3.54585e-104
1.41707e-07 2.76354e-95 0 2.76354e-95
1.57216e-07 7.67775e-87 0 7.67775e-87
1.74423e-07 7.60367e-79 0 7.60367e-79
1.93512e-07 2.68432e-71 0 2.68432e-71
2.14691e-07 3.37806e-64 0 3.37806e-64
2.38189e-07 1.51538e-57 0 1.51538e-57
2.64257e-07 2.42324e-51 0 2.42324e-51
2.93179e-07 1.38132e-45 0 1.38132e-45
3.25266e-07 2.80682e-40 0 2.80682e-40
3.60865e-07 2.03308e-35 0 2.03308e-35
4.0036e-07 5.24949e-31 0 5.24949e-31
4.44178e-07 4.83171e-27 0 4.83171e-27
4.92791e-07 1.58528e-23 0 1.58528e-23
5.46725e-07 1.85411e-20 0 1.85411e-20
6.06562e-07 7.73013e-18 0 7.73013e-18
6.72947e-07 1.1489e-15 0 1.1489e-15
7.46598e-07 6.08884e-14 0 6.08884e-14
8.2831e-07 1.15286e-12 0 1.15286e-12
9.18965e-07 7.90134e-12 0 7.90134e-12
1.01954e-06 2.13435e-11 0 2.13435e-11
1.13113e-06 3.34042e-11 0 3.34042e-11
1.25492e-06 5.17158e-11 0 5.17158e-11
1.39227e-06 6.99843e-11 0 6.99843e-11
1.54465e-06 6.19391e-11 0 6.19391e-11
1.7137e-06 3.92374e-11 0 3.92374e-11
1.90126e-06 1.39056e-10 0 1.39056e-10
2.10934e-06 5.61721e-10 0 5.61721e-10
2.3402e-06 1.22545e-09 0 1.22545e-09
2.59632e-06 1.92033e-09 0 1.92033e-09
2.88048e-06 3.60019e-09 0 3.60019e-09
3.19574e-06 6.9896e-09 0 6.9896e-09
3.5455e-06 1.11328e-08 0 1.11328e-08
3.93354e-06 1.89406e-08 0 1.89406e-08
4.36404e-06 3.97788e-08 0 3.97788e-08
4.84167e-06 7.43358e-08 0 7.43358e-08
5.37157e-06 1.1079e-07 0 1.1079e-07
5.95946e-06 1.75523e-07 0 1.75523e-07
6.6117e-06 3.2201e-07 0 3.2201e-07
7.33532e-06 6.75164e-07 0 6.75164e-07
8.13814e-06 1.38317e-06 0 1.38317e-06
9.02882e-06 2.50579e-06 0 2.50579e-06
1.0017e-05 4.46485e-06 0 4.46485e-06
1.11133e-05 8.00575e-06 0 8.00575e-06
1.23296e-05 1.40903e-05 0 1.40903e-05
1.3679e-05 2.55667e-05 0 2.55667e-05
1.51761e-05 4.65064e-05 0 4.65064e-05
1.68371e-05 8.15406e-05 0 8.15406e-05
1.86798e-05 0.00014077 0 0.00014077
2.07243e-05 0.000239395 0 0.000239395
2.29924e-05 0.000387212 0 0.000387212
2.55089e-05 0.000601905 0 0.000601905
2.83007e-05 0.000892512 0 0.000892512
3.13981e-05 0.00118756 0 0.00118756
3.48345e-05 0.00139798 0 0.00139798
3.86469e-05 0.00146989 0 0.00146989
4.28767e-05 0.0013171 0 0.0013171
4.75693e-05 0.00095216 0 0.00095216
5.27756e-05 0.000539091 0 0.000539091
5.85517e-05 0.000236208 0 0.000236208
6.49599e-05 8.00115e-05 0 8.00115e-05
