2.22408e-09 0 7.70425e-18 0
2.55959e-09 0 5.52546e-18 0
2.94571e-09 0 5.77795e-18 0
3.39007e-09 0 7.02526e-18 0
3.90147e-09 0 8.61414e-18 0
4.49001e-09 0 9.71162e-18 0
5.16734e-09 0 1.14108e-17 0
5.94685e-09 0 1.47454e-17 0
6.84394e-09 0 1.97887e-17 0
7.87636e-09 0 2.4266e-17 0
9.06452e-09 0 2.75985e-17 0
1.04319e-08 0 3.16291e-17 0
1.20056e-08 0 4.0342e-17 0
1.38167e-08 0 4.7482e-17 0
1.59009e-08 0 5.66914e-17 0
1.82996e-08 0 7.11975e-17 0
2.10602e-08 0 8.92304e-17 0
2.42371e-08 1.24356e-309 1.20257e-16 1.24356e-309
2.78933e-08 5.1806e-288 1.50672e-16 5.1806e-288
3.21011e-08 3.26784e-267 1.87271e-16 3.26784e-267
3.69436e-08 3.12111e-247 2.28773e-16 3.12111e-247
4.25166e-08 4.51363e-228 2.77852e-16 4.51363e-228
4.89303e-08 9.88351e-210 3.29636e-16 9.88351e-210
5.63116e-08 3.27691e-192 3.83038e-16 3.27691e-192
6.48063e-08 1.64508e-175 4.74337e-16 1.64508e-175
7.45824e-08 1.25048e-159 5.48678e-16 1.25048e-159
8.58333e-08 1.43924e-144 5.96839e-16 1.43924e-144
9.87815e-08 2.50819e-130 6.41647e-16 2.50819e-130
1.13683e-07 6.61844e-117 6.01836e-16 6.61844e-117
1.30832e-07 2.64435e-104 4.99161e-16 2.64435e-104
1.50568e-07 1.59974e-92 3.08448e-16 1.59974e-92
1.73282e-07 1.46537e-81 1.15254e-16 1.46537e-81
1.99422e-07 2.03243e-71 2.35141e-17 2.03243e-71
2.29505e-07 4.26827e-62 1.40103e-18 4.26827e-62
2.64126e-07 1.35724e-53 1.52078e-20 1.35724e-53
3.0397e-07 6.53474e-46 2.65701e-23 6.53474e-46
3.49825e-07 4.76396e-39 7.23632e-27 4.76396e-39
4.02596e-07 5.25868e-33 3.03298e-31 5.25868e-33
4.63329e-07 8.78929e-28 1.94311e-36 8.78929e-28
5.33223e-07 2.22433e-23 1.89543e-42 2.22433e-23
6.13661e-07 8.5235e-20 2.80876e-49 8.5235e-20
7.06232e-07 4.9462e-17 6.31466e-57 4.9462e-17
8.12769e-07 4.35529e-15 2.15221e-65 4.35529e-15
9.35377e-07 5.97672e-14 1.11156e-74 5.97672e-14
1.07648e-06 1.7139e-13 8.69734e-85 1.7139e-13
1.23887e-06 2.67222e-13 1.03082e-95 2.67222e-13
1.42575e-06 1.49487e-13 1.85048e-107 1.49487e-13
1.64083e-06 1.42967e-14 5.03124e-120 1.42967e-14
1.88836e-06 1.74559e-15 2.07176e-133 1.74559e-15
2.17322e-06 1.78425e-13 1.29203e-147 1.78425e-13
2.50105e-06 3.3634e-12 1.2203e-162 3.3634e-12
2.87834e-06 1.62502e-11 1.7455e-178 1.62502e-11
3.31254e-06 5.49282e-11 3.78122e-195 5.49282e-11
3.81225e-06 8.84745e-11 1.24051e-212 8.84745e-11
4.38733e-06 1.30668e-10 6.16346e-231 1.30668e-10
5.04917e-06 3.92858e-10 4.6377e-250 3.92858e-10
5.81084e-06 6.84716e-10 5.28487e-270 6.84716e-10
6.68742e-06 1.3382e-09 9.12048e-291 1.3382e-09
7.69623e-06 4.39862e-09 2.3837e-312 4.39862e-09
8.85722e-06 1.01703e-08 0 1.01703e-08
1.01934e-05 2.12242e-08 0 2.12242e-08
1.1731e-05 4.59385e-08 0 4.59385e-08
1.35007e-05 9.61685e-08 0 9.61685e-08
1.55373e-05 2.05616e-07 0 2.05616e-07
1.78811e-05 4.10125e-07 0 4.10125e-07
2.05785e-05 7.54058e-07 0 7.54058e-07
2.36828e-05 1.36337e-06 0 1.36337e-06
2.72554e-05 2.19502e-06 0 2.19502e-06
3.1367e-05 3.14953e-06 0 3.14953e-06
3.60987e-05 4.16054e-06 0 4.16054e-06
4.15443e-05 5.55904e-06 0 5.55904e-06
4.78113e-05 7.52321e-06 0 7.52321e-06
5.50238e-05 9.4093e-06 0 9.4093e-06
6.33242e-05 1.11599e-05 0 1.11599e-05
7.28768e-05 1.38506e-05 0 1.38506e-05
8.38704e-05 1.82372e-05 0 1.82372e-05
9.65224e-05 2.41226e-05 0 2.41226e-05
0.000111083 2.91556e-05 0 2.91556e-05
0.00012784 3.37409e-05 0 3.37409e-05
0.000147125 3.92961e-05 0 3.92961e-05
0.000169319 4.97623e-05 0 4.97623e-05
0.000194861 5.7808e-05 0 5.7808e-05
0.000224256 7.14365e-05 0 7.14365e-05
0.000258086 8.82357e-05 0 8.82357e-05
0.000297019 0.000112083 0 0.000112083
0.000341824 0.000150703 0 0.000150703
0.000393389 0.000188514 0 0.000188514
0.000452733 0.000232352 0 0.000232352
0.000521028 0.000284394 0 0.000284394
0.000599627 0.000342283 0 0.000342283
0.000690081 0.000405387 0 0.000405387
0.000794181 0.000474339 0 0.000474339
0.000913985 0.000588765 0 0.000588765
0.00105186 0.000669002 0 0.000669002
0.00121054 0.00072724 0 0.00072724
0.00139315 0.000768759 0 0.000768759
0.00160331 0.000702003 0 0.000702003
0.00184517 0.000564448 0 0.000564448
0.00212352 0.000321236 0 0.000321236
0.00244385 0.000109311 0 0.000109311
