2.22408e-09 0 2.95766e-15 0 0
2.48297e-09 0 6.22464e-16 0 0
2.772e-09 0 9.47122e-16 0 0
3.09468e-09 0 7.01117e-16 0 0
3.45491e-09 0 6.42848e-16 0 0
3.85708e-09 0 5.11322e-16 0 0
4.30606e-09 0 3.58886e-16 0 0
4.80731e-09 0 2.25635e-16 0 0
5.3669e-09 0 1.18691e-16 0 0
5.99163e-09 0 4.44815e-17 0 0
6.68909e-09 0 9.43234e-18 0 0
7.46773e-09 0 1.25129e-18 0 0
8.337e-09 0 1.81727e-19 0 0
9.30747e-09 0 5.31433e-21 0 0
1.03909e-08 0 5.09689e-24 0 0
1.16004e-08 0 1.45789e-28 0 0
1.29508e-08 0 1.24083e-34 0 0
1.44583e-08 0 3.14227e-42 0 0
1.61413e-08 0 2.36765e-51 0 0
1.80203e-08 0 5.30804e-62 0 0
2.01179e-08 0 3.54073e-74 0 0
2.24597e-08 0 7.02737e-88 0 0
2.50741e-08 0 4.14988e-103 0 0
2.79929e-08 0 7.29156e-120 0 0
3.12514e-08 0 3.81195e-138 0 0
3.48892e-08 0 5.92947e-158 0 0
3.89505e-08 0 2.74427e-179 0 0
4.34845e-08 0 3.77903e-202 0 0
4.85463e-08 1.97227e-309 1.54837e-226 1.97227e-309 0
5.41973e-08 3.84615e-280 1.88761e-252 3.84615e-280 0
6.05061e-08 2.23166e-252 6.84688e-280 2.23166e-252 0
6.75493e-08 3.85275e-226 7.38949e-309 3.85275e-226 0
7.54123e-08 1.97905e-201 0 1.97905e-201 0
8.41907e-08 3.02471e-178 0 3.02471e-178 0
9.39909e-08 1.37548e-156 0 1.37548e-156 0
1.04932e-07 1.86108e-136 0 1.86108e-136 0
1.17146e-07 7.49237e-118 0 7.49237e-118 0
1.30783e-07 8.9746e-101 0 8.9746e-101 0
1.46006e-07 3.19855e-85 0 3.19855e-85 0
1.63002e-07 3.39183e-71 0 3.39183e-71 0
1.81976e-07 1.07018e-58 0 1.07018e-58 0
2.03159e-07 1.00466e-47 0 1.00466e-47 0
2.26808e-07 2.80626e-38 0 2.80626e-38 0
2.5321e-07 2.33226e-30 0 2.33226e-30 0
2.82684e-07 5.76724e-24 0 5.76724e-24 0
3.1559e-07 4.24327e-19 0 4.24327e-19 0
3.52326e-07 9.28916e-16 0 9.28916e-16 0
3.93339e-07 6.05054e-14 0 6.05054e-14 0
4.39125e-07 1.1765e-13 0 1.1765e-13 0
4.90241e-07 6.84525e-14 0 6.84525e-14 0
5.47308e-07 2.91228e-13 0 2.91228e-13 0
6.11017e-07 1.00252e-13 0 1.00252e-13 0
6.82142e-07 6.04066e-13 0 6.04066e-13 0
7.61546e-07 8.07322e-13 0 8.07322e-13 0
8.50194e-07 1.18266e-12 0 1.18266e-12 0
9.4916e-07 2.48597e-12 0 2.48597e-12 0
1.05965e-06 1.49923e-12 0 1.49923e-12 0
1.18299e-06 7.43829e-12 0 7.43829e-12 0
1.3207e-06 3.56843e-11 0 3.56843e-11 0
1.47444e-06 6.69195e-11 0 6.69195e-11 0
1.64607e-06 1.00819e-10 0 1.00819e-10 0
1.83768e-06 1.2446e-10 0 1.2446e-10 0
2.05159e-06 2.2549e-10 0 2.2549e-10 0
2.29041e-06 5.05333e-10 0 5.05333e-10 0
2.55702e-06 1.05018e-09 0 1.05018e-09 0
2.85467e-06 2.12686e-09 0 2.12686e-09 0
3.18697e-06 4.16524e-09 0 4.16524e-09 0
3.55794e-06 8.08486e-09 0 8.08486e-09 0
3.9721e-06 1.55787e-08 0 1.55787e-08 0
4.43448e-06 2.80121e-08 0 2.80121e-08 0
4.95067e-06 5.34156e-08 0 5.34156e-08 0
5.52695e-06 1.05486e-07 0 1.05486e-07 0
6.17031e-06 1.99423e-07 0 1.99423e-07 0
6.88856e-06 3.7721e-07 0 3.7721e-07 0
7.69042e-06 7.17151e-07 0 7.17151e-07 0
8.58563e-06 1.30239e-06 0 1.30239e-06 0
9.58503e-06 2.47447e-06 0 2.47447e-06 0
1.07008e-05 4.58513e-06 0 4.58513e-06 0
1.19464e-05 8.31825e-06 0 8.31825e-06 0
1.3337e-05 1.47733e-05 0 1.47733e-05 0
1.48895e-05 2.59133e-05 0 2.59133e-05 0
1.66227e-05 4.58707e-05 0 4.58707e-05 0
1.85577e-05 7.98704e-05 0 7.98704e-05 0
2.07179e-05 0.000134753 0 0.000134753 0
2.31295e-05 0.000216339 0 0.000216339 0
2.58219e-05 0.000340884 0 0.000340884 0
2.88277e-05 0.00051056 0 0.00051056 0
3.21834e-05 0.00070913 0 0.00070913 0
3.59296e-05 0.000883228 0 0.000883228 0
4.0112e-05 0.00101682 0 0.00101682 0
4.47813e-05 0.00108314 0 0.00108314 0
4.9994e-05 0.00103026 0 0.00103026 0
5.58135e-05 0.000920743 0 0.000920743 0
6.23105e-05 0.000776538 0 0.000776538 0
6.95637e-05 0.00058441 0 0.00058441 0
7.76612e-05 0.000374899 0 0.000374899 0
8.67014e-05 0.000204148 0 0.000204148 0
9.67938e-05 8.12216e-05 0 8.12216e-05 0
0.000108061 1.79229e-05 0 1.79229e-05 0
0.00012064 2.16978e-06 0 2.16978e-06 0
