2.22408e-09 0 4.48394e-15 0 0
2.47713e-09 0 9.21596e-16 0 0
2.75897e-09 0 7.88225e-16 0 0
3.07287e-09 0 4.3741e-16 0 0
3.4225e-09 0 2.31744e-16 0 0
3.8119e-09 0 9.08608e-17 0 0
4.2456e-09 0 2.5119e-17 0 0
4.72865e-09 0 3.87901e-18 0 0
5.26666e-09 0 5.26941e-19 0 0
5.86588e-09 0 3.11765e-20 0 0
6.53328e-09 0 1.25529e-22 0 0
7.27662e-09 0 2.03902e-26 0 0
8.10453e-09 0 1.20508e-31 0 0
9.02664e-09 0 2.5119e-38 0 0
1.00537e-08 0 1.82432e-46 0 0
1.11975e-08 0 4.59287e-56 0 0
1.24715e-08 0 3.99933e-67 0 0
1.38905e-08 0 1.20336e-79 0 0
1.54709e-08 0 1.25062e-93 0 0
1.72312e-08 0 4.48849e-109 0 0
1.91917e-08 0 5.5627e-126 0 0
2.13752e-08 0 2.38049e-144 0 0
2.38072e-08 0 3.5175e-164 0 0
2.65159e-08 0 1.79469e-185 0 0
2.95328e-08 0 3.16176e-208 0 0
3.2893e-08 0 1.92332e-232 0 0
3.66354e-08 0 4.0398e-258 0 0
4.08037e-08 0 2.92989e-285 0 0
4.54462e-08 0 7.33713e-314 0 0
5.06169e-08 3.84547e-298 0 3.84547e-298 0
5.63759e-08 4.9829e-270 0 4.9829e-270 0
6.27902e-08 2.22946e-243 0 2.22946e-243 0
6.99342e-08 3.4443e-218 0 3.4443e-218 0
7.78911e-08 1.83732e-194 0 1.83732e-194 0
8.67533e-08 3.38418e-172 0 3.38418e-172 0
9.66238e-08 2.15232e-151 0 2.15232e-151 0
1.07617e-07 4.72652e-132 0 4.72652e-132 0
1.19862e-07 3.58395e-114 0 3.58395e-114 0
1.33499e-07 9.38351e-98 0 9.38351e-98 0
1.48688e-07 8.48306e-83 0 8.48306e-83 0
1.65605e-07 2.64803e-69 0 2.64803e-69 0
1.84448e-07 2.85416e-57 0 2.85416e-57 0
2.05433e-07 1.06223e-46 0 1.06223e-46 0
2.28807e-07 1.36502e-37 0 1.36502e-37 0
2.5484e-07 6.05683e-30 0 6.05683e-30 0
2.83835e-07 9.27973e-24 0 9.27973e-24 0
3.16128e-07 4.90918e-19 0 4.90918e-19 0
3.52096e-07 8.9674e-16 0 8.9674e-16 0
3.92157e-07 5.65598e-14 0 5.65598e-14 0
4.36775e-07 1.23456e-13 0 1.23456e-13 0
4.8647e-07 5.77558e-14 0 5.77558e-14 0
5.41818e-07 2.92356e-13 0 2.92356e-13 0
6.03465e-07 9.75988e-14 0 9.75988e-14 0
6.72125e-07 5.36937e-13 0 5.36937e-13 0
7.48597e-07 7.27034e-13 0 7.27034e-13 0
8.3377e-07 1.11944e-12 0 1.11944e-12 0
9.28633e-07 2.2662e-12 0 2.2662e-12 0
1.03429e-06 1.86122e-12 0 1.86122e-12 0
1.15197e-06 4.17372e-12 0 4.17372e-12 0
1.28304e-06 2.69092e-11 0 2.69092e-11 0
1.42901e-06 5.79523e-11 0 5.79523e-11 0
1.5916e-06 9.01893e-11 0 9.01893e-11 0
1.77269e-06 1.16199e-10 0 1.16199e-10 0
1.97438e-06 1.80061e-10 0 1.80061e-10 0
2.19902e-06 3.74499e-10 0 3.74499e-10 0
2.44922e-06 7.80921e-10 0 7.80921e-10 0
2.72788e-06 1.64904e-09 0 1.64904e-09 0
3.03825e-06 3.15761e-09 0 3.15761e-09 0
3.38393e-06 6.19567e-09 0 6.19567e-09 0
3.76894e-06 1.15343e-08 0 1.15343e-08 0
4.19776e-06 2.18619e-08 0 2.18619e-08 0
4.67537e-06 3.91018e-08 0 3.91018e-08 0
5.20732e-06 7.60181e-08 0 7.60181e-08 0
5.79979e-06 1.46488e-07 0 1.46488e-07 0
6.45967e-06 2.73266e-07 0 2.73266e-07 0
7.19463e-06 5.22943e-07 0 5.22943e-07 0
8.01321e-06 9.74909e-07 0 9.74909e-07 0
8.92492e-06 1.80907e-06 0 1.80907e-06 0
9.94037e-06 3.46511e-06 0 3.46511e-06 0
1.10714e-05 6.42781e-06 0 6.42781e-06 0
1.2331e-05 1.1692e-05 0 1.1692e-05 0
1.3734e-05 2.12075e-05 0 2.12075e-05 0
1.52966e-05 3.82859e-05 0 3.82859e-05 0
1.7037e-05 6.87696e-05 0 6.87696e-05 0
1.89754e-05 0.000121847 0 0.000121847 0
2.11344e-05 0.000207902 0 0.000207902 0
2.3539e-05 0.00033833 0 0.00033833 0
2.62172e-05 0.000533432 0 0.000533432 0
2.92001e-05 0.000791807 0 0.000791807 0
3.25223e-05 0.0010769 0 0.0010769 0
3.62226e-05 0.00128985 0 0.00128985 0
4.03439e-05 0.00139328 0 0.00139328 0
4.49341e-05 0.0012726 0 0.0012726 0
5.00465e-05 0.000953913 0 0.000953913 0
5.57407e-05 0.000627353 0 0.000627353 0
6.20827e-05 0.000333858 0 0.000333858 0
6.91462e-05 0.000132934 0 0.000132934 0
7.70134e-05 3.50743e-05 0 3.50743e-05 0
8.57758e-05 6.16323e-06 0 6.16323e-06 0
9.55351e-05 1.04796e-06 0 1.04796e-06 0
