2.22408e-09 0 3.61777e-15 0 0
2.47964e-09 0 7.61894e-16 0 0
2.76457e-09 0 9.64837e-16 0 0
3.08224e-09 0 6.5073e-16 0 0
3.43641e-09 0 5.05568e-16 0 0
3.83127e-09 0 3.19466e-16 0 0
4.27151e-09 0 1.68139e-16 0 0
4.76234e-09 0 7.6968e-17 0 0
5.30956e-09 0 2.26875e-17 0 0
5.91966e-09 0 3.73581e-18 0 0
6.59987e-09 0 3.92858e-19 0 0
7.35824e-09 0 1.01354e-20 0 0
8.20375e-09 0 1.40977e-23 0 0
9.14642e-09 0 6.85031e-28 0 0
1.01974e-08 0 1.09279e-33 0 0
1.13691e-08 0 5.66351e-41 0 0
1.26755e-08 0 9.51572e-50 0 0
1.4132e-08 0 5.18083e-60 0 0
1.57559e-08 0 9.13929e-72 0 0
1.75664e-08 0 5.22361e-85 0 0
1.95849e-08 0 9.67324e-100 0 0
2.18353e-08 0 5.80384e-116 0 0
2.43443e-08 0 1.12824e-133 0 0
2.71416e-08 0 7.10603e-153 0 0
3.02604e-08 0 1.45009e-173 0 0
3.37375e-08 0 9.58754e-196 0 0
3.76142e-08 0 2.05381e-219 0 0
4.19363e-08 0 1.42546e-244 0 0
4.6755e-08 8.80968e-320 3.20547e-271 8.80968e-320 0
5.21275e-08 2.52282e-290 2.33545e-299 2.52282e-290 0
5.81173e-08 2.34068e-262 0 2.34068e-262 0
6.47953e-08 7.03622e-236 0 7.03622e-236 0
7.22407e-08 6.85297e-211 0 6.85297e-211 0
8.05417e-08 2.16252e-187 0 2.16252e-187 0
8.97965e-08 2.21097e-165 0 2.21097e-165 0
1.00115e-07 7.32401e-145 0 7.32401e-145 0
1.11618e-07 7.8606e-126 0 7.8606e-126 0
1.24444e-07 2.73341e-108 0 2.73341e-108 0
1.38744e-07 3.07961e-92 0 3.07961e-92 0
1.54686e-07 1.12416e-77 0 1.12416e-77 0
1.72461e-07 1.32955e-64 0 1.32955e-64 0
1.92278e-07 5.09473e-53 0 5.09473e-53 0
2.14372e-07 6.32528e-43 0 6.32528e-43 0
2.39004e-07 2.54437e-34 0 2.54437e-34 0
2.66467e-07 3.31607e-27 0 3.31607e-27 0
2.97086e-07 1.40026e-21 0 1.40026e-21 0
3.31223e-07 1.91573e-17 0 1.91573e-17 0
3.69283e-07 8.49187e-15 0 8.49187e-15 0
4.11716e-07 1.21963e-13 0 1.21963e-13 0
4.59025e-07 6.13122e-14 0 6.13122e-14 0
5.1177e-07 1.7257e-13 0 1.7257e-13 0
5.70576e-07 2.11841e-13 0 2.11841e-13 0
6.36139e-07 2.14677e-13 0 2.14677e-13 0
7.09236e-07 6.66494e-13 0 6.66494e-13 0
7.90731e-07 1.00997e-12 0 1.00997e-12 0
8.81592e-07 1.51544e-12 0 1.51544e-12 0
9.82892e-07 2.52791e-12 0 2.52791e-12 0
1.09583e-06 1.54262e-12 0 1.54262e-12 0
1.22175e-06 1.35705e-11 0 1.35705e-11 0
1.36214e-06 4.46573e-11 0 4.46573e-11 0
1.51866e-06 7.56718e-11 0 7.56718e-11 0
1.69316e-06 1.08465e-10 0 1.08465e-10 0
1.88772e-06 1.38894e-10 0 1.38894e-10 0
2.10463e-06 2.66703e-10 0 2.66703e-10 0
2.34646e-06 5.919e-10 0 5.919e-10 0
2.61609e-06 1.2326e-09 0 1.2326e-09 0
2.91669e-06 2.41179e-09 0 2.41179e-09 0
3.25184e-06 4.8195e-09 0 4.8195e-09 0
3.6255e-06 9.11357e-09 0 9.11357e-09 0
4.04209e-06 1.76041e-08 0 1.76041e-08 0
4.50656e-06 3.12642e-08 0 3.12642e-08 0
5.02439e-06 5.98101e-08 0 5.98101e-08 0
5.60172e-06 1.17181e-07 0 1.17181e-07 0
6.2454e-06 2.17442e-07 0 2.17442e-07 0
6.96304e-06 4.13271e-07 0 4.13271e-07 0
7.76314e-06 7.84123e-07 0 7.84123e-07 0
8.65517e-06 1.42673e-06 0 1.42673e-06 0
9.64971e-06 2.72552e-06 0 2.72552e-06 0
1.07585e-05 5.07352e-06 0 5.07352e-06 0
1.19947e-05 9.2082e-06 0 9.2082e-06 0
1.3373e-05 1.6498e-05 0 1.6498e-05 0
1.49097e-05 2.93922e-05 0 2.93922e-05 0
1.66229e-05 5.25066e-05 0 5.25066e-05 0
1.8533e-05 9.22637e-05 0 9.22637e-05 0
2.06625e-05 0.000156832 0 0.000156832 0
2.30368e-05 0.000255359 0 0.000255359 0
2.56839e-05 0.000405277 0 0.000405277 0
2.86351e-05 0.00061046 0 0.00061046 0
3.19255e-05 0.000852634 0 0.000852634 0
3.55939e-05 0.00105164 0 0.00105164 0
3.96839e-05 0.00119833 0 0.00119833 0
4.42439e-05 0.00121512 0 0.00121512 0
4.93278e-05 0.00106435 0 0.00106435 0
5.49959e-05 0.000868363 0 0.000868363 0
6.13153e-05 0.000626027 0 0.000626027 0
6.83608e-05 0.000380595 0 0.000380595 0
7.62159e-05 0.000194157 0 0.000194157 0
8.49736e-05 7.39368e-05 0 7.39368e-05 0
9.47376e-05 1.72979e-05 0 1.72979e-05 0
0.000105624 2.49159e-06 0 2.49159e-06 0
