2.22408e-09 0 5.69784e-15 0 0
2.46893e-09 0 1.17238e-15 0 0
2.74074e-09 0 1.02129e-17 0 0
3.04247e-09 0 3.76657e-21 0 0
3.37743e-09 0 5.88116e-26 0 0
3.74925e-09 0 3.88775e-32 0 0
4.16201e-09 0 1.08806e-39 0 0
4.62021e-09 0 1.28922e-48 0 0
5.12886e-09 0 6.46727e-59 0 0
5.69351e-09 0 1.37351e-70 0 0
6.32031e-09 0 1.23499e-83 0 0
7.01613e-09 0 4.70127e-98 0 0
7.78854e-09 0 7.57678e-114 0 0
8.64599e-09 0 5.16979e-131 0 0
9.59785e-09 0 1.49342e-149 0 0
1.06545e-08 0 1.82645e-169 0 0
1.18275e-08 0 9.457e-191 0 0
1.31296e-08 0 2.07309e-213 0 0
1.4575e-08 0 1.92399e-237 0 0
1.61796e-08 0 7.55971e-263 0 0
1.79608e-08 0 1.25756e-289 0 0
1.99382e-08 0 9.06614e-318 0 0
2.21332e-08 0 0 0 0
2.45699e-08 0 0 0 0
2.72748e-08 0 0 0 0
3.02775e-08 0 0 0 0
3.36108e-08 0 0 0 0
3.73111e-08 0 0 0 0
4.14187e-08 0 0 0 0
4.59786e-08 0 0 0 0
5.10405e-08 6.47294e-296 0 6.47294e-296 0
5.66596e-08 9.35916e-269 0 9.35916e-269 0
6.28973e-08 5.72916e-243 0 5.72916e-243 0
6.98218e-08 1.48479e-218 0 1.48479e-218 0
7.75086e-08 1.62914e-195 0 1.62914e-195 0
8.60416e-08 7.56779e-174 0 7.56779e-174 0
9.55141e-08 1.48833e-153 0 1.48833e-153 0
1.06029e-07 1.23922e-134 0 1.23922e-134 0
1.17702e-07 4.36836e-117 0 4.36836e-117 0
1.3066e-07 6.51938e-101 0 6.51938e-101 0
1.45045e-07 4.1192e-86 0 4.1192e-86 0
1.61013e-07 1.10189e-72 0 1.10189e-72 0
1.78739e-07 1.24791e-60 0 1.24791e-60 0
1.98417e-07 5.98341e-50 0 5.98341e-50 0
2.20261e-07 1.2146e-40 0 1.2146e-40 0
2.4451e-07 1.04384e-32 0 1.04384e-32 0
2.71428e-07 3.79801e-26 0 3.79801e-26 0
3.0131e-07 5.85055e-21 0 5.85055e-21 0
3.34482e-07 3.81554e-17 0 3.81554e-17 0
3.71306e-07 1.0535e-14 0 1.0535e-14 0
4.12183e-07 1.23154e-13 0 1.23154e-13 0
4.57561e-07 6.48406e-14 0 6.48406e-14 0
5.07935e-07 1.50481e-13 0 1.50481e-13 0
5.63854e-07 2.43266e-13 0 2.43266e-13 0
6.2593e-07 1.49042e-13 0 1.49042e-13 0
6.9484e-07 6.52911e-13 0 6.52911e-13 0
7.71336e-07 8.79697e-13 0 8.79697e-13 0
8.56253e-07 1.22385e-12 0 1.22385e-12 0
9.50519e-07 2.49588e-12 0 2.49588e-12 0
1.05516e-06 1.54923e-12 0 1.54923e-12 0
1.17133e-06 6.04202e-12 0 6.04202e-12 0
1.30028e-06 3.09671e-11 0 3.09671e-11 0
1.44343e-06 6.07887e-11 0 6.07887e-11 0
1.60234e-06 9.234e-11 0 9.234e-11 0
1.77875e-06 1.16939e-10 0 1.16939e-10 0
1.97457e-06 1.89138e-10 0 1.89138e-10 0
2.19195e-06 3.79035e-10 0 3.79035e-10 0
2.43327e-06 7.48711e-10 0 7.48711e-10 0
2.70115e-06 1.54428e-09 0 1.54428e-09 0
2.99853e-06 2.91389e-09 0 2.91389e-09 0
3.32864e-06 5.61422e-09 0 5.61422e-09 0
3.69509e-06 1.02639e-08 0 1.02639e-08 0
4.10189e-06 1.92745e-08 0 1.92745e-08 0
4.55347e-06 3.38988e-08 0 3.38988e-08 0
5.05477e-06 6.39575e-08 0 6.39575e-08 0
5.61126e-06 1.23379e-07 0 1.23379e-07 0
6.22901e-06 2.26594e-07 0 2.26594e-07 0
6.91478e-06 4.26816e-07 0 4.26816e-07 0
7.67603e-06 8.03999e-07 0 8.03999e-07 0
8.5211e-06 1.45801e-06 0 1.45801e-06 0
9.4592e-06 2.757e-06 0 2.757e-06 0
1.05006e-05 5.10461e-06 0 5.10461e-06 0
1.16566e-05 9.32222e-06 0 9.32222e-06 0
1.29399e-05 1.69498e-05 0 1.69498e-05 0
1.43645e-05 3.06253e-05 0 3.06253e-05 0
1.59459e-05 5.53859e-05 0 5.53859e-05 0
1.77014e-05 9.88307e-05 0 9.88307e-05 0
1.96502e-05 0.000173048 0 0.000173048 0
2.18135e-05 0.00028832 0 0.00028832 0
2.4215e-05 0.000465075 0 0.000465075 0
2.68808e-05 0.000717147 0 0.000717147 0
2.98402e-05 0.00103114 0 0.00103114 0
3.31253e-05 0.00133893 0 0.00133893 0
3.67721e-05 0.00152768 0 0.00152768 0
4.08204e-05 0.00153397 0 0.00153397 0
4.53144e-05 0.00120268 0 0.00120268 0
5.03032e-05 0.000698982 0 0.000698982 0
5.58411e-05 0.000289765 0 0.000289765 0
6.19888e-05 6.628e-05 0 6.628e-05 0
6.88132e-05 8.95679e-06 0 8.95679e-06 0
