2.22408e-09 0 4.66018e-17 0
2.53316e-09 0 3.41741e-17 0
2.88519e-09 0 3.38186e-17 0
3.28614e-09 0 4.04068e-17 0
3.7428e-09 0 4.96529e-17 0
4.26294e-09 0 5.51144e-17 0
4.85535e-09 0 6.26361e-17 0
5.53009e-09 0 7.95194e-17 0
6.2986e-09 0 1.04091e-16 0
7.1739e-09 0 1.26768e-16 0
8.17085e-09 0 1.44417e-16 0
9.30633e-09 0 1.64736e-16 0
1.05996e-08 0 1.95283e-16 0
1.20726e-08 0 2.31083e-16 0
1.37503e-08 0 2.69304e-16 0
1.56612e-08 0 3.24092e-16 0
1.78376e-08 0 4.00341e-16 0
2.03165e-08 0 4.81247e-16 0
2.31398e-08 3.98911e-316 5.4152e-16 3.98911e-316
2.63555e-08 7.97716e-296 5.97757e-16 7.97716e-296
3.00181e-08 3.15968e-276 6.39513e-16 3.15968e-276
3.41897e-08 2.47892e-257 6.20609e-16 2.47892e-257
3.8941e-08 3.85217e-239 5.06663e-16 3.85217e-239
4.43525e-08 1.18569e-221 3.39193e-16 1.18569e-221
5.05161e-08 7.22874e-205 2.02699e-16 7.22874e-205
5.75363e-08 8.72924e-189 9.4902e-17 8.72924e-189
6.5532e-08 2.08792e-173 3.26686e-17 2.08792e-173
7.46389e-08 9.89182e-159 5.75442e-18 9.89182e-159
8.50113e-08 9.28243e-145 2.87042e-19 9.28243e-145
9.68252e-08 1.72532e-131 3.14334e-21 1.72532e-131
1.10281e-07 6.3519e-119 7.04027e-24 6.3519e-119
1.25606e-07 4.63191e-107 3.16414e-27 4.63191e-107
1.43062e-07 6.69023e-96 2.83796e-31 6.69023e-96
1.62943e-07 1.91401e-85 5.07043e-36 1.91401e-85
1.85587e-07 1.08461e-75 1.80308e-41 1.08461e-75
2.11377e-07 1.21738e-66 1.27551e-47 1.21738e-66
2.40752e-07 2.70645e-58 1.79412e-54 2.70645e-58
2.74209e-07 1.19179e-50 5.01585e-62 1.19179e-50
3.12315e-07 1.0395e-43 2.78609e-70 1.0395e-43
3.55717e-07 1.79585e-37 3.07359e-79 1.79585e-37
4.0515e-07 6.14525e-32 6.73218e-89 6.14525e-32
4.61454e-07 4.16518e-27 2.92682e-99 4.16518e-27
5.25581e-07 5.59181e-23 2.52493e-110 5.59181e-23
5.9862e-07 1.48695e-19 4.32126e-122 1.48695e-19
6.81809e-07 7.8322e-17 1.46686e-134 7.8322e-17
7.76559e-07 8.1757e-15 9.87422e-148 8.1757e-15
8.84476e-07 1.70056e-13 1.31789e-161 1.70056e-13
1.00739e-06 7.47899e-13 3.48707e-176 7.47899e-13
1.14739e-06 1.0849e-12 1.8289e-191 1.0849e-12
1.30684e-06 1.0488e-12 1.90117e-207 1.0488e-12
1.48845e-06 3.4994e-13 3.91662e-224 3.4994e-13
1.69529e-06 2.4998e-14 1.59894e-241 2.4998e-14
1.93088e-06 3.18573e-14 1.29344e-259 3.18573e-14
2.19922e-06 2.08679e-12 2.07317e-278 2.08679e-12
2.50484e-06 2.90001e-11 6.58373e-298 2.90001e-11
2.85293e-06 1.13295e-10 4.14229e-318 1.13295e-10
3.2494e-06 2.85379e-10 0 2.85379e-10
3.70096e-06 4.70826e-10 0 4.70826e-10
4.21528e-06 6.22498e-10 0 6.22498e-10
4.80107e-06 1.71161e-09 0 1.71161e-09
5.46826e-06 3.50422e-09 0 3.50422e-09
6.22818e-06 5.08408e-09 0 5.08408e-09
7.0937e-06 1.24548e-08 0 1.24548e-08
8.07949e-06 3.5152e-08 0 3.5152e-08
9.20229e-06 7.4534e-08 0 7.4534e-08
1.04811e-05 1.53278e-07 0 1.53278e-07
1.19377e-05 3.06421e-07 0 3.06421e-07
1.35966e-05 5.93942e-07 0 5.93942e-07
1.54861e-05 1.19604e-06 0 1.19604e-06
1.76382e-05 2.30568e-06 0 2.30568e-06
2.00893e-05 4.06595e-06 0 4.06595e-06
2.28811e-05 7.13816e-06 0 7.13816e-06
2.60609e-05 1.1604e-05 0 1.1604e-05
2.96825e-05 1.6757e-05 0 1.6757e-05
3.38074e-05 2.22451e-05 0 2.22451e-05
3.85056e-05 2.85425e-05 0 2.85425e-05
4.38567e-05 3.8149e-05 0 3.8149e-05
4.99514e-05 4.96848e-05 0 4.96848e-05
5.6893e-05 5.91531e-05 0 5.91531e-05
6.47993e-05 6.90225e-05 0 6.90225e-05
7.38044e-05 8.73851e-05 0 8.73851e-05
8.40609e-05 0.000114447 0 0.000114447
9.57427e-05 0.000143704 0 0.000143704
0.000109048 0.000166439 0 0.000166439
0.000124202 0.000189056 0 0.000189056
0.000141462 0.000224594 0 0.000224594
0.000161121 0.000269029 0 0.000269029
0.000183512 0.000313812 0 0.000313812
0.000209014 0.000371841 0 0.000371841
0.00023806 0.000457153 0 0.000457153
0.000271143 0.000557765 0 0.000557765
0.000308823 0.000638273 0 0.000638273
0.00035174 0.00070558 0 0.00070558
0.000400621 0.000764408 0 0.000764408
0.000456294 0.000766919 0 0.000766919
0.000519705 0.000660469 0 0.000660469
0.000591927 0.000462956 0 0.000462956
0.000674187 0.000284732 0 0.000284732
0.000767877 0.000144767 0 0.000144767
0.000874588 5.42403e-05 0 5.42403e-05
