2.22408e-09 0 1.27792e-17 0
2.56718e-09 0 2.76468e-18 0
2.96321e-09 0 6.04819e-18 0
3.42033e-09 0 6.80815e-18 0
3.94797e-09 0 8.00945e-18 0
4.55701e-09 0 9.59908e-18 0
5.26e-09 0 1.18205e-17 0
6.07143e-09 0 1.44045e-17 0
7.00805e-09 0 1.78948e-17 0
8.08915e-09 0 2.23005e-17 0
9.33703e-09 0 2.61477e-17 0
1.07774e-08 0 3.27804e-17 0
1.244e-08 0 4.23977e-17 0
1.43591e-08 0 5.19476e-17 0
1.65742e-08 0 6.42669e-17 0
1.9131e-08 0 8.0687e-17 0
2.20823e-08 0 9.85914e-17 0
2.54888e-08 0 1.20405e-16 0
2.94209e-08 0 1.45358e-16 0
3.39595e-08 0 1.8283e-16 0
3.91983e-08 0 2.22979e-16 0
4.52452e-08 0 2.802e-16 0
5.2225e-08 0 3.37018e-16 0
6.02816e-08 0 4.05796e-16 0
6.95809e-08 0 4.79953e-16 0
8.03149e-08 0 5.54415e-16 0
9.27047e-08 0 5.9821e-16 0
1.07006e-07 6.02412e-300 5.9015e-16 6.02412e-300
1.23513e-07 8.88908e-263 5.73522e-16 8.88908e-263
1.42567e-07 3.36252e-228 4.21997e-16 3.36252e-228
1.6456e-07 3.26074e-196 2.65217e-16 3.26074e-196
1.89946e-07 8.10609e-167 1.35019e-16 8.10609e-167
2.19249e-07 5.16597e-140 2.4988e-17 5.16597e-140
2.53071e-07 8.43987e-116 3.61214e-19 8.43987e-116
2.92111e-07 3.53479e-94 3.28427e-23 3.53479e-94
3.37174e-07 3.79521e-75 2.89121e-29 3.79521e-75
3.89189e-07 1.04461e-58 5.60823e-37 1.04461e-58
4.49227e-07 7.37078e-45 3.80282e-47 7.37078e-45
5.18527e-07 1.33327e-33 6.67753e-60 1.33327e-33
5.98519e-07 6.18254e-25 3.00673e-75 6.18254e-25
6.90849e-07 7.34954e-19 3.47074e-93 7.34954e-19
7.97424e-07 2.23974e-15 1.02705e-113 2.23974e-15
9.20439e-07 1.7498e-14 7.79128e-137 1.7498e-14
1.06243e-06 4.00052e-15 1.51519e-162 4.00052e-15
1.22633e-06 1.30982e-13 7.55391e-191 1.30982e-13
1.41551e-06 2.22855e-13 9.65428e-222 2.22855e-13
1.63387e-06 3.41965e-13 3.16309e-255 3.41965e-13
1.88592e-06 6.78461e-13 2.65673e-291 6.78461e-13
2.17686e-06 1.9667e-12 0 1.9667e-12
2.51267e-06 3.70464e-12 0 3.70464e-12
2.90029e-06 8.21891e-12 0 8.21891e-12
3.34771e-06 2.42374e-11 0 2.42374e-11
3.86414e-06 5.3279e-11 0 5.3279e-11
4.46025e-06 1.44578e-10 0 1.44578e-10
5.14831e-06 2.97154e-10 0 2.97154e-10
5.94252e-06 7.08736e-10 0 7.08736e-10
6.85925e-06 1.60754e-09 0 1.60754e-09
7.9174e-06 3.99086e-09 0 3.99086e-09
9.13878e-06 9.33898e-09 0 9.33898e-09
1.05486e-05 2.21087e-08 0 2.21087e-08
1.21759e-05 4.97215e-08 0 4.97215e-08
1.40542e-05 1.09314e-07 0 1.09314e-07
1.62223e-05 2.40479e-07 0 2.40479e-07
1.87248e-05 4.77051e-07 0 4.77051e-07
2.16134e-05 9.08299e-07 0 9.08299e-07
2.49476e-05 1.61602e-06 0 1.61602e-06
2.87962e-05 2.49564e-06 0 2.49564e-06
3.32384e-05 3.48089e-06 0 3.48089e-06
3.8366e-05 4.84608e-06 0 4.84608e-06
4.42846e-05 6.21298e-06 0 6.21298e-06
5.11161e-05 7.85893e-06 0 7.85893e-06
5.90016e-05 9.81862e-06 0 9.81862e-06
6.81035e-05 1.2264e-05 0 1.2264e-05
7.86096e-05 1.52152e-05 0 1.52152e-05
9.07364e-05 1.92511e-05 0 1.92511e-05
0.000104734 2.41199e-05 0 2.41199e-05
0.000120891 2.86841e-05 0 2.86841e-05
0.00013954 3.56716e-05 0 3.56716e-05
0.000161066 4.53535e-05 0 4.53535e-05
0.000185913 5.72453e-05 0 5.72453e-05
0.000214593 6.96945e-05 0 6.96945e-05
0.000247698 8.82351e-05 0 8.82351e-05
0.000285909 0.000108536 0 0.000108536
0.000330015 0.000133892 0 0.000133892
0.000380925 0.000159989 0 0.000159989
0.000439689 0.000197858 0 0.000197858
0.000507518 0.000244118 0 0.000244118
0.00058581 0.000310036 0 0.000310036
0.000676181 0.000368927 0 0.000368927
0.000780492 0.000456479 0 0.000456479
0.000900896 0.000533825 0 0.000533825
0.00103987 0.000635393 0 0.000635393
0.00120029 0.000696055 0 0.000696055
0.00138545 0.000720868 0 0.000720868
0.00159918 0.000715048 0 0.000715048
0.00184588 0.000578798 0 0.000578798
0.00213064 0.000397766 0 0.000397766
0.00245932 0.000227407 0 0.000227407
0.00283871 7.19681e-05 0 7.19681e-05
0.00327663 4.32099e-06 0 4.32099e-06
