2.22408e-09 0 7.8336e-17 0
2.53763e-09 0 1.58089e-17 0
2.89538e-09 0 4.02387e-17 0
3.30357e-09 0 4.02994e-17 0
3.7693e-09 0 4.63525e-17 0
4.30069e-09 0 5.39414e-17 0
4.907e-09 0 6.50357e-17 0
5.59879e-09 0 7.98701e-17 0
6.3881e-09 0 9.61169e-17 0
7.28868e-09 0 1.15453e-16 0
8.31623e-09 0 1.39629e-16 0
9.48865e-09 0 1.65657e-16 0
1.08263e-08 0 2.01478e-16 0
1.23526e-08 0 2.52662e-16 0
1.40941e-08 0 3.04966e-16 0
1.60811e-08 0 3.4799e-16 0
1.83482e-08 0 4.13347e-16 0
2.09349e-08 0 4.81124e-16 0
2.38862e-08 0 5.39107e-16 0
2.72537e-08 0 5.67878e-16 0
3.10959e-08 0 6.12779e-16 0
3.54797e-08 0 5.90019e-16 0
4.04816e-08 0 4.95391e-16 0
4.61887e-08 0 3.56006e-16 0
5.27003e-08 0 1.76304e-16 0
6.01299e-08 0 6.65647e-17 0
6.8607e-08 0 1.1319e-17 0
7.82791e-08 0 2.68229e-18 0
8.93148e-08 0 3.03919e-20 0
1.01906e-07 1.09484e-312 3.31909e-24 1.09484e-312
1.16273e-07 1.30489e-277 2.57626e-30 1.30489e-277
1.32665e-07 1.00459e-244 1.32067e-38 1.00459e-244
1.51368e-07 4.9957e-214 4.39587e-49 4.9957e-214
1.72708e-07 1.60471e-185 9.4629e-62 1.60471e-185
1.97056e-07 3.32955e-159 1.31622e-76 3.32955e-159
2.24837e-07 4.4624e-135 1.18265e-93 4.4624e-135
2.56534e-07 3.86316e-113 6.8641e-113 3.86316e-113
2.927e-07 2.16028e-93 2.57339e-134 2.16028e-93
3.33964e-07 7.80312e-76 6.23189e-158 7.80312e-76
3.81046e-07 1.82062e-60 9.74824e-184 1.82062e-60
4.34765e-07 2.74385e-47 9.84974e-212 2.74385e-47
4.96058e-07 2.67113e-36 6.42858e-242 2.67113e-36
5.65992e-07 1.67966e-27 2.71017e-274 1.67966e-27
6.45785e-07 6.82242e-21 7.38026e-309 6.82242e-21
7.36827e-07 1.78998e-16 0 1.78998e-16
8.40704e-07 3.03354e-14 0 3.03354e-14
9.59225e-07 3.32514e-14 0 3.32514e-14
1.09446e-06 5.13651e-14 0 5.13651e-14
1.24875e-06 7.28378e-13 0 7.28378e-13
1.4248e-06 1.27841e-12 0 1.27841e-12
1.62566e-06 1.79342e-12 0 1.79342e-12
1.85485e-06 3.61782e-12 0 3.61782e-12
2.11634e-06 8.31172e-12 0 8.31172e-12
2.4147e-06 1.89805e-11 0 1.89805e-11
2.75513e-06 3.83094e-11 0 3.83094e-11
3.14354e-06 8.85994e-11 0 8.85994e-11
3.58671e-06 2.11668e-10 0 2.11668e-10
4.09236e-06 4.53901e-10 0 4.53901e-10
4.6693e-06 1.163e-09 0 1.163e-09
5.32757e-06 2.07701e-09 0 2.07701e-09
6.07865e-06 4.86909e-09 0 4.86909e-09
6.93561e-06 1.06079e-08 0 1.06079e-08
7.91339e-06 2.48957e-08 0 2.48957e-08
9.02901e-06 5.36112e-08 0 5.36112e-08
1.03019e-05 1.15409e-07 0 1.15409e-07
1.17543e-05 2.47056e-07 0 2.47056e-07
1.34114e-05 5.07512e-07 0 5.07512e-07
1.53021e-05 1.07142e-06 0 1.07142e-06
1.74593e-05 2.0911e-06 0 2.0911e-06
1.99207e-05 3.87524e-06 0 3.87524e-06
2.27292e-05 6.87611e-06 0 6.87611e-06
2.59335e-05 1.1246e-05 0 1.1246e-05
2.95896e-05 1.65094e-05 0 1.65094e-05
3.37611e-05 2.23554e-05 0 2.23554e-05
3.85207e-05 2.99259e-05 0 2.99259e-05
4.39513e-05 3.77614e-05 0 3.77614e-05
5.01475e-05 4.64351e-05 0 4.64351e-05
5.72172e-05 5.69335e-05 0 5.69335e-05
6.52836e-05 7.09241e-05 0 7.09241e-05
7.44872e-05 8.70429e-05 0 8.70429e-05
8.49883e-05 0.000107362 0 0.000107362
9.69699e-05 0.000131031 0 0.000131031
0.000110641 0.000160039 0 0.000160039
0.000126239 0.00018697 0 0.00018697
0.000144036 0.000231831 0 0.000231831
0.000164342 0.000285199 0 0.000285199
0.00018751 0.000350077 0 0.000350077
0.000213945 0.000409248 0 0.000409248
0.000244107 0.0004752 0 0.0004752
0.000278521 0.000559975 0 0.000559975
0.000317787 0.000637882 0 0.000637882
0.000362588 0.000678279 0 0.000678279
0.000413705 0.000729393 0 0.000729393
0.000472029 0.000738481 0 0.000738481
0.000538575 0.000631219 0 0.000631219
0.000614502 0.000491894 0 0.000491894
0.000701134 0.000265741 0 0.000265741
0.000799979 0.000114028 0 0.000114028
0.000912759 2.20887e-05 0 2.20887e-05
0.00104144 5.64983e-06 0 5.64983e-06
