2.22408e-09 0 5.69784e-15 0
2.46823e-09 0 1.18246e-15 0
2.73919e-09 0 1.05686e-17 0
3.03989e-09 0 4.06823e-21 0
3.3736e-09 0 6.74446e-26 0
3.74395e-09 0 4.81552e-32 0
4.15495e-09 0 1.48079e-39 0
4.61107e-09 0 1.96109e-48 0
5.11726e-09 0 1.11856e-58 0
5.67902e-09 0 2.74772e-70 0
6.30244e-09 0 2.90697e-83 0
6.99431e-09 0 1.32454e-97 0
7.76212e-09 0 2.59921e-113 0
8.61423e-09 0 2.19672e-130 0
9.55988e-09 0 7.9958e-149 0
1.06093e-08 0 1.25344e-168 0
1.1774e-08 0 8.46252e-190 0
1.30665e-08 0 2.46066e-212 0
1.45009e-08 0 3.08146e-236 0
1.60928e-08 0 1.66195e-261 0
1.78594e-08 0 3.86039e-288 0
1.982e-08 0 3.85959e-316 0
2.19958e-08 0 0 0
2.44104e-08 0 0 0
2.70901e-08 0 0 0
3.0064e-08 1.26363e-312 0 1.26363e-312
3.33643e-08 9.34784e-285 0 9.34784e-285
3.7027e-08 2.97824e-258 0 2.97824e-258
4.10917e-08 4.08659e-233 0 4.08659e-233
4.56026e-08 2.41501e-209 0 2.41501e-209
5.06088e-08 6.14652e-187 0 6.14652e-187
5.61644e-08 6.73745e-166 0 6.73745e-166
6.233e-08 3.18065e-146 0 3.18065e-146
6.91725e-08 6.46683e-128 0 6.46683e-128
7.6766e-08 5.66267e-111 0 5.66267e-111
8.51932e-08 2.13553e-95 0 2.13553e-95
9.45455e-08 3.46853e-81 0 3.46853e-81
1.04924e-07 2.42627e-68 0 2.42627e-68
1.16443e-07 7.30949e-57 0 7.30949e-57
1.29225e-07 9.48396e-47 0 9.48396e-47
1.43412e-07 5.29965e-38 0 5.29965e-38
1.59155e-07 1.27544e-30 0 1.27544e-30
1.76626e-07 1.32198e-24 0 1.32198e-24
1.96016e-07 5.9013e-20 0 5.9013e-20
2.17534e-07 1.13455e-16 0 1.13455e-16
2.41414e-07 9.39408e-15 0 9.39408e-15
2.67916e-07 3.34996e-14 0 3.34996e-14
2.97327e-07 5.14492e-15 0 5.14492e-15
3.29967e-07 3.40309e-17 0 3.40309e-17
3.6619e-07 9.69443e-21 0 9.69443e-21
4.06389e-07 1.18946e-25 0 1.18946e-25
4.51002e-07 8.73314e-24 0 8.73314e-24
5.00512e-07 4.95842e-19 0 4.95842e-19
5.55456e-07 1.21247e-15 0 1.21247e-15
6.16433e-07 1.27689e-13 0 1.27689e-13
6.84103e-07 5.79213e-13 0 5.79213e-13
7.59202e-07 1.6062e-13 0 1.6062e-13
8.42545e-07 1.49417e-12 0 1.49417e-12
9.35038e-07 2.33677e-12 0 2.33677e-12
1.03768e-06 2.25131e-12 0 2.25131e-12
1.1516e-06 4.05193e-12 0 4.05193e-12
1.27802e-06 1.97428e-11 0 1.97428e-11
1.41831e-06 4.51589e-11 0 4.51589e-11
1.57401e-06 6.13822e-11 0 6.13822e-11
1.7468e-06 1.21695e-10 0 1.21695e-10
1.93856e-06 1.64561e-10 0 1.64561e-10
2.15137e-06 3.93068e-10 0 3.93068e-10
2.38755e-06 7.57333e-10 0 7.57333e-10
2.64964e-06 1.2413e-09 0 1.2413e-09
2.94051e-06 2.28124e-09 0 2.28124e-09
3.26332e-06 5.02369e-09 0 5.02369e-09
3.62155e-06 9.00628e-09 0 9.00628e-09
4.01912e-06 1.49777e-08 0 1.49777e-08
4.46033e-06 2.902e-08 0 2.902e-08
4.94997e-06 5.53323e-08 0 5.53323e-08
5.49336e-06 1.03583e-07 0 1.03583e-07
6.09641e-06 1.91558e-07 0 1.91558e-07
6.76566e-06 3.63737e-07 0 3.63737e-07
7.50837e-06 6.71107e-07 0 6.71107e-07
8.33262e-06 1.27498e-06 0 1.27498e-06
9.24735e-06 2.34162e-06 0 2.34162e-06
1.02625e-05 4.38819e-06 0 4.38819e-06
1.13891e-05 8.1563e-06 0 8.1563e-06
1.26394e-05 1.47463e-05 0 1.47463e-05
1.40269e-05 2.67015e-05 0 2.67015e-05
1.55667e-05 4.908e-05 0 4.908e-05
1.72756e-05 8.60218e-05 0 8.60218e-05
1.9172e-05 0.000147443 0 0.000147443
2.12767e-05 0.000252804 0 0.000252804
2.36124e-05 0.000415985 0 0.000415985
2.62045e-05 0.000653204 0 0.000653204
2.90812e-05 0.000960261 0 0.000960261
3.22736e-05 0.00128005 0 0.00128005
3.58165e-05 0.00152393 0 0.00152393
3.97484e-05 0.00155584 0 0.00155584
4.41118e-05 0.00129089 0 0.00129089
4.89543e-05 0.000832032 0 0.000832032
5.43284e-05 0.000388288 0 0.000388288
6.02924e-05 0.000113598 0 0.000113598
6.69111e-05 2.04807e-05 0 2.04807e-05
