2.22408e-09 0 1.65622e-16 0
2.52744e-09 0 2.47695e-17 0
2.87217e-09 0 4.49043e-17 0
3.26392e-09 0 4.05209e-17 0
3.70911e-09 0 4.69934e-17 0
4.21502e-09 0 6.33736e-17 0
4.78993e-09 0 8.63504e-17 0
5.44326e-09 0 1.11786e-16 0
6.1857e-09 0 1.47977e-16 0
7.02941e-09 0 1.88894e-16 0
7.98819e-09 0 2.35356e-16 0
9.07775e-09 0 2.90637e-16 0
1.03159e-08 0 3.66197e-16 0
1.1723e-08 0 4.26551e-16 0
1.3322e-08 0 4.81553e-16 0
1.5139e-08 0 5.51431e-16 0
1.72039e-08 0 6.02283e-16 0
1.95505e-08 0 6.21361e-16 0
2.22171e-08 0 6.03433e-16 0
2.52474e-08 0 5.41306e-16 0
2.86911e-08 0 4.22825e-16 0
3.26044e-08 0 2.89971e-16 0
3.70515e-08 0 1.44e-16 0
4.21052e-08 1.59169e-310 4.19472e-17 1.59169e-310
4.78482e-08 1.19363e-276 8.53383e-18 1.19363e-276
5.43746e-08 7.82843e-245 1.1785e-18 7.82843e-245
6.1791e-08 4.4903e-215 7.33459e-21 4.4903e-215
7.02191e-08 2.25253e-187 4.70856e-25 2.25253e-187
7.97967e-08 9.88238e-162 2.72774e-31 9.88238e-162
9.06807e-08 3.79182e-138 1.4086e-39 3.79182e-138
1.03049e-07 1.27242e-116 6.45933e-50 1.27242e-116
1.17105e-07 3.73427e-97 2.6226e-62 3.73427e-97
1.33077e-07 9.58469e-80 9.40393e-77 9.58469e-80
1.51229e-07 2.15152e-64 2.9715e-93 2.15152e-64
1.71856e-07 4.22384e-51 8.25963e-112 4.22384e-51
1.95296e-07 7.25212e-40 2.01673e-132 7.25212e-40
2.21934e-07 1.08897e-30 4.32078e-155 1.08897e-30
2.52205e-07 1.4301e-23 8.11591e-180 1.4301e-23
2.86605e-07 1.64251e-18 1.33566e-206 1.64251e-18
3.25696e-07 1.64986e-15 1.92502e-235 1.64986e-15
3.7012e-07 1.44938e-14 2.42883e-266 1.44938e-14
4.20603e-07 1.19531e-15 2.68208e-299 1.19531e-15
4.77972e-07 1.88056e-14 0 1.88056e-14
5.43166e-07 3.78264e-14 0 3.78264e-14
6.17251e-07 1.34813e-15 0 1.34813e-15
7.01442e-07 3.45396e-14 0 3.45396e-14
7.97116e-07 3.48394e-14 0 3.48394e-14
9.0584e-07 3.14116e-13 0 3.14116e-13
1.02939e-06 5.23292e-13 0 5.23292e-13
1.1698e-06 9.43907e-13 0 9.43907e-13
1.32935e-06 2.36622e-12 0 2.36622e-12
1.51067e-06 4.69507e-12 0 4.69507e-12
1.71672e-06 6.1034e-12 0 6.1034e-12
1.95088e-06 2.22263e-11 0 2.22263e-11
2.21697e-06 2.81648e-11 0 2.81648e-11
2.51936e-06 7.79819e-11 0 7.79819e-11
2.86299e-06 1.7283e-10 0 1.7283e-10
3.25349e-06 3.49328e-10 0 3.49328e-10
3.69725e-06 5.65203e-10 0 5.65203e-10
4.20155e-06 1.57161e-09 0 1.57161e-09
4.77462e-06 2.95566e-09 0 2.95566e-09
5.42586e-06 6.0289e-09 0 6.0289e-09
6.16593e-06 1.14132e-08 0 1.14132e-08
7.00694e-06 2.26125e-08 0 2.26125e-08
7.96266e-06 4.61232e-08 0 4.61232e-08
9.04874e-06 9.89247e-08 0 9.89247e-08
1.02829e-05 2.02824e-07 0 2.02824e-07
1.16855e-05 3.84445e-07 0 3.84445e-07
1.32794e-05 7.82463e-07 0 7.82463e-07
1.50906e-05 1.58461e-06 0 1.58461e-06
1.71489e-05 2.88101e-06 0 2.88101e-06
1.9488e-05 5.44764e-06 0 5.44764e-06
2.21461e-05 9.9098e-06 0 9.9098e-06
2.51667e-05 1.77949e-05 0 1.77949e-05
2.85993e-05 2.96929e-05 0 2.96929e-05
3.25002e-05 4.42858e-05 0 4.42858e-05
3.69331e-05 5.42563e-05 0 5.42563e-05
4.19706e-05 5.68193e-05 0 5.68193e-05
4.76953e-05 5.68603e-05 0 5.68603e-05
5.42007e-05 6.91334e-05 0 6.91334e-05
6.15935e-05 9.04082e-05 0 9.04082e-05
6.99946e-05 0.000118594 0 0.000118594
7.95416e-05 0.000154435 0 0.000154435
9.03908e-05 0.000201648 0 0.000201648
0.00010272 0.000253162 0 0.000253162
0.00011673 0.000306849 0 0.000306849
0.000132652 0.000390998 0 0.000390998
0.000150745 0.000475727 0 0.000475727
0.000171306 0.000544886 0 0.000544886
0.000194672 0.000611833 0 0.000611833
0.000221224 0.000694872 0 0.000694872
0.000251399 0.000735318 0 0.000735318
0.000285688 0.000747388 0 0.000747388
0.000324655 0.000690636 0 0.000690636
0.000368937 0.000594537 0 0.000594537
0.000419259 0.000433964 0 0.000433964
0.000476444 0.000265497 0 0.000265497
0.000541429 0.00010159 0 0.00010159
0.000615278 2.43806e-05 0 2.43806e-05
0.0006992 4.63603e-06 0 4.63603e-06
