2.22408e-09 0 5.69784e-15 0
2.46897e-09 0 1.17192e-15 0
2.74081e-09 0 1.01967e-17 0
3.04259e-09 0 3.75316e-21 0
3.3776e-09 0 5.84399e-26 0
3.7495e-09 0 3.84943e-32 0
4.16234e-09 0 1.07265e-39 0
4.62064e-09 0 1.26443e-48 0
5.1294e-09 0 6.30532e-59 0
5.69418e-09 0 1.33013e-70 0
6.32114e-09 0 1.18701e-83 0
7.01714e-09 0 4.48118e-98 0
7.78976e-09 0 7.15655e-114 0
8.64747e-09 0 4.83492e-131 0
9.5996e-09 0 1.38182e-149 0
1.06566e-08 0 1.67066e-169 0
1.18299e-08 0 8.54473e-191 0
1.31325e-08 0 1.84877e-213 0
1.45784e-08 0 1.69217e-237 0
1.61836e-08 0 6.5521e-263 0
1.79655e-08 0 1.07323e-289 0
1.99437e-08 0 7.1234e-318 0
2.21396e-08 0 0 0
2.45773e-08 0 0 0
2.72834e-08 0 0 0
3.02874e-08 0 0 0
3.36223e-08 0 0 0
3.73243e-08 0 0 0
4.14339e-08 3.92351e-314 0 3.92351e-314
4.59961e-08 4.29297e-286 0 4.29297e-286
5.10605e-08 1.98708e-259 0 1.98708e-259
5.66826e-08 3.89088e-234 0 3.89088e-234
6.29237e-08 3.22297e-210 0 3.22297e-210
6.98519e-08 1.12938e-187 0 1.12938e-187
7.75431e-08 1.67416e-166 0 1.67416e-166
8.6081e-08 1.04985e-146 0 1.04985e-146
9.55591e-08 2.78507e-128 0 2.78507e-128
1.06081e-07 3.12549e-111 0 3.12549e-111
1.17761e-07 1.4838e-95 0 1.4838e-95
1.30727e-07 2.97993e-81 0 2.97993e-81
1.45121e-07 2.53171e-68 0 2.53171e-68
1.611e-07 9.09903e-57 0 9.09903e-57
1.78838e-07 1.38341e-46 0 1.38341e-46
1.98529e-07 8.89781e-38 0 8.89781e-38
2.20388e-07 2.42097e-30 0 2.42097e-30
2.44654e-07 2.78658e-24 0 2.78658e-24
2.71592e-07 1.35684e-19 0 1.35684e-19
3.01496e-07 2.79485e-16 0 2.79485e-16
3.34692e-07 2.43589e-14 0 2.43589e-14
3.71544e-07 9.31926e-14 0 9.31926e-14
4.12453e-07 1.08385e-13 0 1.08385e-13
4.57867e-07 1.35778e-13 0 1.35778e-13
5.08281e-07 2.44087e-13 0 2.44087e-13
5.64246e-07 9.36228e-14 0 9.36228e-14
6.26372e-07 2.33461e-14 0 2.33461e-14
6.9534e-07 4.91355e-13 0 4.91355e-13
7.71901e-07 5.10927e-13 0 5.10927e-13
8.56892e-07 1.555e-12 0 1.555e-12
9.51241e-07 4.9308e-12 0 4.9308e-12
1.05598e-06 1.0285e-11 0 1.0285e-11
1.17225e-06 1.07822e-11 0 1.07822e-11
1.30132e-06 2.11477e-11 0 2.11477e-11
1.4446e-06 4.60278e-11 0 4.60278e-11
1.60366e-06 7.60475e-11 0 7.60475e-11
1.78024e-06 1.06471e-10 0 1.06471e-10
1.97625e-06 2.2268e-10 0 2.2268e-10
2.19385e-06 3.43298e-10 0 3.43298e-10
2.4354e-06 8.45849e-10 0 8.45849e-10
2.70356e-06 1.67894e-09 0 1.67894e-09
3.00123e-06 3.28362e-09 0 3.28362e-09
3.33169e-06 6.08976e-09 0 6.08976e-09
3.69853e-06 9.16611e-09 0 9.16611e-09
4.10576e-06 1.908e-08 0 1.908e-08
4.55783e-06 3.55159e-08 0 3.55159e-08
5.05967e-06 6.86645e-08 0 6.86645e-08
5.61677e-06 1.17362e-07 0 1.17362e-07
6.23521e-06 2.1877e-07 0 2.1877e-07
6.92175e-06 4.12557e-07 0 4.12557e-07
7.68387e-06 7.60758e-07 0 7.60758e-07
8.52992e-06 1.42567e-06 0 1.42567e-06
9.46911e-06 2.75444e-06 0 2.75444e-06
1.05117e-05 5.08694e-06 0 5.08694e-06
1.16691e-05 9.36548e-06 0 9.36548e-06
1.2954e-05 1.72384e-05 0 1.72384e-05
1.43803e-05 3.09894e-05 0 3.09894e-05
1.59636e-05 5.5994e-05 0 5.5994e-05
1.77213e-05 9.80324e-05 0 9.80324e-05
1.96725e-05 0.000172283 0 0.000172283
2.18386e-05 0.000290674 0 0.000290674
2.42432e-05 0.000470274 0 0.000470274
2.69125e-05 0.000722178 0 0.000722178
2.98757e-05 0.00104106 0 0.00104106
3.31652e-05 0.00135639 0 0.00135639
3.68169e-05 0.00155393 0 0.00155393
4.08707e-05 0.00149926 0 0.00149926
4.53708e-05 0.00116671 0 0.00116671
5.03664e-05 0.00068861 0 0.00068861
5.59121e-05 0.00027328 0 0.00027328
6.20683e-05 6.91707e-05 0 6.91707e-05
6.89024e-05 8.38555e-06 0 8.38555e-06
