2.22408e-09 0 3.27255e-15 0 0
2.4665e-09 0 1.96172e-15 0 0
2.73534e-09 0 4.22565e-16 0 0
3.03348e-09 0 3.27079e-17 0 0
3.36412e-09 0 9.09736e-19 0 0
3.7308e-09 0 9.09246e-21 0 0
4.13745e-09 0 3.26551e-23 0 0
4.58842e-09 0 4.21429e-26 0 0
5.08854e-09 0 1.95435e-29 0 0
5.64318e-09 0 3.25674e-33 0 0
6.25827e-09 0 1.95015e-37 0 0
6.9404e-09 0 4.19619e-42 0 0
7.69688e-09 0 3.24449e-47 0 0
8.53582e-09 0 9.01451e-53 0 0
9.4662e-09 0 8.99997e-59 0 0
1.0498e-08 0 3.22882e-65 0 0
1.16422e-08 0 4.16245e-72 0 0
1.29112e-08 0 1.92823e-79 0 0
1.43185e-08 0 3.20976e-87 0 0
1.58792e-08 0 1.91995e-95 0 0
1.76099e-08 0 4.12677e-104 0 0
1.95294e-08 0 3.18738e-113 0 0
2.1658e-08 0 8.8463e-123 0 0
2.40187e-08 0 8.82253e-133 0 0
2.66366e-08 0 3.16176e-143 0 0
2.95399e-08 0 4.07162e-154 0 0
3.27597e-08 1.55867e-311 1.88412e-165 1.55867e-311 0
3.63304e-08 2.06969e-295 3.13296e-177 2.06969e-295 0
4.02903e-08 9.87556e-280 1.87199e-189 9.87556e-280 0
4.46819e-08 1.69325e-264 4.01937e-202 1.69325e-264 0
4.9552e-08 1.04324e-249 3.10109e-215 1.04324e-249 0
5.49531e-08 2.30967e-235 8.59755e-229 2.30967e-235 0
6.09428e-08 1.83747e-221 8.56523e-243 1.83747e-221 0
6.75854e-08 5.25285e-208 3.06624e-257 5.25285e-208 0
7.4952e-08 5.396e-195 3.94437e-272 5.396e-195 0
8.31215e-08 1.99183e-182 1.82328e-287 1.99183e-182 0
9.21815e-08 2.64203e-170 3.02852e-303 2.64203e-170 0
1.02229e-07 1.25929e-158 1.61895e-319 1.25929e-158 0
1.13372e-07 2.15684e-147 0 2.15684e-147 0
1.25729e-07 1.32744e-136 0 1.32744e-136 0
1.39433e-07 2.93571e-126 0 2.93571e-126 0
1.54631e-07 2.333e-116 0 2.333e-116 0
1.71485e-07 6.66226e-107 0 6.66226e-107 0
1.90176e-07 6.83647e-98 0 6.83647e-98 0
2.10905e-07 2.52084e-89 0 2.52084e-89 0
2.33893e-07 3.34012e-81 0 3.34012e-81 0
2.59387e-07 1.59032e-73 0 1.59032e-73 0
2.87659e-07 2.72087e-66 0 2.72087e-66 0
3.19013e-07 1.67277e-59 0 1.67277e-59 0
3.53784e-07 3.69545e-53 0 3.69545e-53 0
3.92346e-07 2.93362e-47 0 2.93362e-47 0
4.3511e-07 8.36839e-42 0 8.36839e-42 0
4.82536e-07 8.57797e-37 0 8.57797e-37 0
5.35131e-07 3.15959e-32 0 3.15959e-32 0
5.93459e-07 4.18197e-28 0 4.18197e-28 0
6.58144e-07 1.989e-24 0 1.989e-24 0
7.29879e-07 3.39931e-21 0 3.39931e-21 0
8.09434e-07 2.08762e-18 0 2.08762e-18 0
8.9766e-07 4.60699e-16 0 4.60699e-16 0
9.95502e-07 3.65337e-14 0 3.65337e-14 0
1.10401e-06 1.04125e-12 0 1.04125e-12 0
1.22434e-06 1.06842e-11 0 1.06842e-11 0
1.35779e-06 4.01724e-11 0 4.01724e-11 0
1.50579e-06 6.55238e-11 0 6.55238e-11 0
1.66991e-06 1.05675e-10 0 1.05675e-10 0
1.85193e-06 2.52342e-10 0 2.52342e-10 0
2.05378e-06 4.95183e-10 0 4.95183e-10 0
2.27764e-06 6.74673e-10 0 6.74673e-10 0
2.5259e-06 7.13253e-10 0 7.13253e-10 0
2.80121e-06 1.57036e-09 0 1.57036e-09 0
3.10654e-06 4.97836e-09 0 4.97836e-09 0
3.44514e-06 1.01593e-08 0 1.01593e-08 0
3.82065e-06 1.42678e-08 0 1.42678e-08 0
4.23709e-06 2.03012e-08 0 2.03012e-08 0
4.69892e-06 3.95521e-08 0 3.95521e-08 0
5.21108e-06 8.05398e-08 0 8.05398e-08 0
5.77908e-06 1.71521e-07 0 1.71521e-07 0
6.40898e-06 3.69892e-07 0 3.69892e-07 0
7.10754e-06 7.00377e-07 0 7.00377e-07 0
7.88224e-06 1.18428e-06 0 1.18428e-06 0
8.74138e-06 1.98062e-06 0 1.98062e-06 0
9.69416e-06 3.4571e-06 0 3.4571e-06 0
1.07508e-05 6.43552e-06 0 6.43552e-06 0
1.19226e-05 1.21344e-05 0 1.21344e-05 0
1.32221e-05 2.16228e-05 0 2.16228e-05 0
1.46633e-05 3.77109e-05 0 3.77109e-05 0
1.62616e-05 6.72196e-05 0 6.72196e-05 0
1.8034e-05 0.00011867 0 0.00011867 0
1.99997e-05 0.000200704 0 0.000200704 0
2.21796e-05 0.000323892 0 0.000323892 0
2.45971e-05 0.00051024 0 0.00051024 0
2.72781e-05 0.000770983 0 0.000770983 0
3.02513e-05 0.00107624 0 0.00107624 0
3.35486e-05 0.00136165 0 0.00136165 0
3.72053e-05 0.00151715 0 0.00151715 0
4.12606e-05 0.00144151 0 0.00144151 0
4.57579e-05 0.00110954 0 0.00110954 0
5.07453e-05 0.000665901 0 0.000665901 0
5.62764e-05 0.000307006 0 0.000307006 0
6.24104e-05 0.000100957 0 0.000100957 0
