2.22408e-09 0 1.85035e-18 0 0
2.55477e-09 0 1.05596e-18 0 0
2.93464e-09 0 7.3105e-19 0 0
3.37098e-09 0 7.68293e-19 0 0
3.87221e-09 0 8.91144e-19 0 0
4.44796e-09 0 1.16897e-18 0 0
5.10932e-09 0 1.67333e-18 0 0
5.86901e-09 0 2.12859e-18 0 0
6.74166e-09 0 2.67349e-18 0 0
7.74406e-09 0 4.12769e-18 0 0
8.89551e-09 0 6.17519e-18 0 0
1.02182e-08 0 8.4673e-18 0 0
1.17375e-08 0 1.12855e-17 0 0
1.34827e-08 0 1.36247e-17 0 0
1.54874e-08 0 1.81056e-17 0 0
1.77902e-08 0 2.44609e-17 0 0
2.04354e-08 0 3.61107e-17 0 0
2.34739e-08 0 6.0409e-17 0 0
2.69642e-08 0 9.48366e-17 0 0
3.09734e-08 0 1.50227e-16 0 0
3.55788e-08 0 2.14999e-16 0 0
4.08689e-08 6.66508e-316 2.92577e-16 6.66508e-316 0
4.69456e-08 2.55337e-294 4.36607e-16 2.55337e-294 0
5.39259e-08 1.55743e-273 5.79551e-16 1.55743e-273 0
6.1944e-08 1.51247e-253 6.64645e-16 1.51247e-253 0
7.11543e-08 2.33859e-234 7.49396e-16 2.33859e-234 0
8.17341e-08 5.75712e-216 8.09788e-16 5.75712e-216 0
9.3887e-08 2.25654e-198 7.46173e-16 2.25654e-198 0
1.07847e-07 1.40821e-181 5.74707e-16 1.40821e-181 0
1.23882e-07 1.39919e-165 3.63118e-16 1.39919e-165 0
1.42302e-07 2.21345e-150 1.51311e-16 2.21345e-150 0
1.63461e-07 5.57508e-136 2.569e-17 5.57508e-136 0
1.87765e-07 2.23572e-122 1.38054e-18 2.23572e-122 0
2.15684e-07 1.42748e-109 1.76856e-20 1.42748e-109 0
2.47753e-07 1.45113e-97 4.25158e-23 1.45113e-97 0
2.84591e-07 2.34872e-86 1.72496e-26 2.34872e-86 0
3.26907e-07 6.05259e-76 1.13818e-30 6.05259e-76 0
3.75514e-07 2.48335e-66 1.20571e-35 2.48335e-66 0
4.31348e-07 1.62225e-57 2.04074e-41 1.62225e-57 0
4.95484e-07 1.68727e-49 5.50804e-48 1.68727e-49 0
5.69157e-07 2.79408e-42 2.36872e-55 2.79408e-42 0
6.53783e-07 7.36679e-36 1.62247e-63 7.36679e-36 0
7.50993e-07 3.09248e-30 1.76973e-72 3.09248e-30 0
8.62657e-07 2.06698e-25 3.07374e-82 2.06698e-25 0
9.90923e-07 2.20005e-21 8.50049e-93 2.20005e-21 0
1.13826e-06 3.73219e-18 3.74305e-104 3.73219e-18 0
1.30751e-06 1.01376e-15 2.62427e-116 1.01376e-15 0
1.50192e-06 4.51933e-14 2.92947e-129 4.51933e-14 0
1.72523e-06 3.71783e-13 5.20676e-143 3.71783e-13 0
1.98176e-06 7.93251e-13 1.47348e-157 7.93251e-13 0
2.27642e-06 5.96635e-13 6.63921e-173 5.96635e-13 0
2.6149e-06 9.38003e-13 4.76306e-189 9.38003e-13 0
3.0037e-06 6.38989e-12 5.44066e-206 6.38989e-12 0
3.45031e-06 1.21954e-11 9.89496e-224 1.21954e-11 0
3.96333e-06 1.98274e-11 2.86532e-242 1.98274e-11 0
4.55263e-06 5.22881e-11 1.32108e-261 5.22881e-11 0
5.22955e-06 1.06447e-10 9.69793e-282 1.06447e-10 0
6.00712e-06 2.71808e-10 1.13351e-302 2.71808e-10 0
6.90031e-06 7.5283e-10 0 7.5283e-10 0
7.9263e-06 1.4501e-09 0 1.4501e-09 0
9.10485e-06 2.39313e-09 0 2.39313e-09 0
1.04586e-05 5.20094e-09 0 5.20094e-09 0
1.20137e-05 1.09417e-08 0 1.09417e-08 0
1.38e-05 2.09332e-08 0 2.09332e-08 0
1.58519e-05 4.12518e-08 0 4.12518e-08 0
1.82089e-05 8.59684e-08 0 8.59684e-08 0
2.09163e-05 1.60486e-07 0 1.60486e-07 0
2.40263e-05 2.7979e-07 0 2.7979e-07 0
2.75987e-05 4.87706e-07 0 4.87706e-07 0
3.17023e-05 7.3266e-07 0 7.3266e-07 0
3.64161e-05 9.25633e-07 0 9.25633e-07 0
4.18307e-05 9.84689e-07 0 9.84689e-07 0
4.80504e-05 1.03109e-06 0 1.03109e-06 0
5.51949e-05 1.22027e-06 0 1.22027e-06 0
6.34017e-05 1.50569e-06 0 1.50569e-06 0
7.28288e-05 2.1517e-06 0 2.1517e-06 0
8.36575e-05 2.68043e-06 0 2.68043e-06 0
9.60964e-05 3.64086e-06 0 3.64086e-06 0
0.000110385 5.5302e-06 0 5.5302e-06 0
0.000126798 7.95555e-06 0 7.95555e-06 0
0.000145651 1.10594e-05 0 1.10594e-05 0
0.000167307 1.43797e-05 0 1.43797e-05 0
0.000192184 1.70907e-05 0 1.70907e-05 0
0.000220759 2.35723e-05 0 2.35723e-05 0
0.000253584 3.18181e-05 0 3.18181e-05 0
0.000291289 4.9803e-05 0 4.9803e-05 0
0.0003346 8.12527e-05 0 8.12527e-05 0
0.000384351 0.000128429 0 0.000128429 0
0.000441499 0.000200342 0 0.000200342 0
0.000507144 0.000277141 0 0.000277141 0
0.00058255 0.000386053 0 0.000386053 0
0.000669169 0.000573426 0 0.000573426 0
0.000768666 0.000722908 0 0.000722908 0
0.000882957 0.000819258 0 0.000819258 0
0.00101424 0.000923425 0 0.000923425 0
0.00116505 0.000963982 0 0.000963982 0
0.00133828 0.000845152 0 0.000845152 0
0.00153726 0.000619469 0 0.000619469 0
0.00176583 0.000365618 0 0.000365618 0
0.00202839 0.00012481 0 0.00012481 0
