2.22408e-09 0 9.53955e-17 0 0
2.52388e-09 0 6.00262e-17 0 0
2.8641e-09 0 4.13359e-17 0 0
3.25017e-09 0 4.35713e-17 0 0
3.68829e-09 0 5.15704e-17 0 0
4.18546e-09 0 6.59067e-17 0 0
4.74965e-09 0 8.6341e-17 0 0
5.3899e-09 0 1.08603e-16 0 0
6.11645e-09 0 1.34278e-16 0 0
6.94093e-09 0 1.79057e-16 0 0
7.87655e-09 0 2.47141e-16 0 0
8.9383e-09 0 3.16207e-16 0 0
1.01432e-08 0 3.78489e-16 0 0
1.15104e-08 0 4.15355e-16 0 0
1.3062e-08 0 4.10251e-16 0 0
1.48228e-08 0 4.41419e-16 0 0
1.68208e-08 0 5.03857e-16 0 0
1.90883e-08 0 5.58213e-16 0 0
2.16613e-08 0 5.94079e-16 0 0
2.45812e-08 0 5.55548e-16 0 0
2.78947e-08 0 4.63093e-16 0 0
3.16549e-08 0 3.79853e-16 0 0
3.59219e-08 0 2.80319e-16 0 0
4.07641e-08 1.10337e-314 1.33573e-16 1.10337e-314 0
4.6259e-08 5.98776e-295 3.71692e-17 5.98776e-295 0
5.24946e-08 7.04237e-276 4.83967e-18 7.04237e-276 0
5.95708e-08 1.79508e-257 2.01483e-19 1.79508e-257 0
6.76008e-08 9.9165e-240 2.15112e-21 9.9165e-240 0
7.67133e-08 1.18725e-222 5.35657e-24 1.18725e-222 0
8.70541e-08 3.08063e-206 2.986e-27 3.08063e-206 0
9.87888e-08 1.73239e-190 3.65984e-31 1.73239e-190 0
1.12105e-07 2.11136e-175 9.78501e-36 2.11136e-175 0
1.27217e-07 5.57684e-161 5.68665e-41 5.57684e-161 0
1.44365e-07 3.19246e-147 7.1723e-47 3.19246e-147 0
1.63826e-07 3.9607e-134 1.96178e-53 3.9607e-134 0
1.85909e-07 1.06495e-121 1.16329e-60 1.06495e-121 0
2.10969e-07 6.20579e-110 1.49519e-68 6.20579e-110 0
2.39407e-07 7.83746e-99 4.16532e-77 7.83746e-99 0
2.71679e-07 2.14518e-88 2.51493e-86 2.14518e-88 0
3.08301e-07 1.27251e-78 3.29094e-96 1.27251e-78 0
3.49859e-07 1.63595e-69 9.33315e-107 1.63595e-69 0
3.9702e-07 4.55817e-61 5.73653e-118 4.55817e-61 0
4.50537e-07 2.75245e-53 7.64154e-130 2.75245e-53 0
5.11269e-07 3.60213e-46 2.20609e-142 3.60213e-46 0
5.80187e-07 1.02167e-39 1.38031e-155 1.02167e-39 0
6.58395e-07 6.28016e-34 1.87172e-169 6.28016e-34 0
7.47145e-07 8.36649e-29 5.50064e-184 8.36649e-29 0
8.47859e-07 2.41566e-24 3.50346e-199 2.41566e-24 0
9.62148e-07 1.51174e-20 4.83606e-215 1.51174e-20 0
1.09184e-06 2.0513e-17 1.44676e-231 2.0513e-17 0
1.23902e-06 6.04616e-15 9.38019e-249 6.04616e-15 0
1.40604e-06 3.90605e-13 1.31807e-266 3.90605e-13 0
1.59557e-06 5.77452e-12 4.01396e-285 5.77452e-12 0
1.81065e-06 2.31505e-11 2.64922e-304 2.31505e-11 0
2.05472e-06 3.54249e-11 4.94066e-324 3.54249e-11 0
2.3317e-06 2.43039e-11 0 2.43039e-11 0
2.646e-06 3.45691e-11 0 3.45691e-11 0
3.00268e-06 1.8986e-10 0 1.8986e-10 0
3.40744e-06 4.06535e-10 0 4.06535e-10 0
3.86675e-06 6.7736e-10 0 6.7736e-10 0
4.38798e-06 1.60771e-09 0 1.60771e-09 0
4.97947e-06 3.52157e-09 0 3.52157e-09 0
5.6507e-06 7.34654e-09 0 7.34654e-09 0
6.4124e-06 1.86485e-08 0 1.86485e-08 0
7.27678e-06 3.96124e-08 0 3.96124e-08 0
8.25767e-06 6.6101e-08 0 6.6101e-08 0
9.37079e-06 1.15262e-07 0 1.15262e-07 0
1.0634e-05 2.4432e-07 0 2.4432e-07 0
1.20674e-05 4.96705e-07 0 4.96705e-07 0
1.36941e-05 9.39791e-07 0 9.39791e-07 0
1.554e-05 1.80842e-06 0 1.80842e-06 0
1.76347e-05 3.58868e-06 0 3.58868e-06 0
2.00119e-05 6.61764e-06 0 6.61764e-06 0
2.27094e-05 1.14534e-05 0 1.14534e-05 0
2.57706e-05 2.01745e-05 0 2.01745e-05 0
2.92444e-05 3.28422e-05 0 3.28422e-05 0
3.31865e-05 4.57865e-05 0 4.57865e-05 0
3.766e-05 5.55547e-05 0 5.55547e-05 0
4.27365e-05 5.94085e-05 0 5.94085e-05 0
4.84973e-05 6.42021e-05 0 6.42021e-05 0
5.50347e-05 7.64409e-05 0 7.64409e-05 0
6.24532e-05 9.34639e-05 0 9.34639e-05 0
7.08718e-05 0.000119572 0 0.000119572 0
8.04252e-05 0.000150856 0 0.000150856 0
9.12663e-05 0.000195555 0 0.000195555 0
0.000103569 0.000267037 0 0.000267037 0
0.00011753 0.000349571 0 0.000349571 0
0.000133372 0.000430771 0 0.000430771 0
0.000151351 0.00049104 0 0.00049104 0
0.000171753 0.000494765 0 0.000494765 0
0.000194905 0.00050449 0 0.00050449 0
0.000221177 0.000580463 0 0.000580463 0
0.000250992 0.000649178 0 0.000649178 0
0.000284825 0.000710205 0 0.000710205 0
0.000323219 0.000697958 0 0.000697958 0
0.000366788 0.000596968 0 0.000596968 0
0.00041623 0.000490565 0 0.000490565 0
0.000472337 0.000394391 0 0.000394391 0
0.000536007 0.000229337 0 0.000229337 0
0.00060826 7.87819e-05 0 7.87819e-05 0
