2.22408e-09 0 1.02617e-19 0 0
2.56613e-09 0 5.63379e-20 0 0
2.96077e-09 0 3.90149e-20 0 0
3.41612e-09 0 4.00125e-20 0 0
3.94149e-09 0 4.69486e-20 0 0
4.54765e-09 0 6.60097e-20 0 0
5.24704e-09 0 9.55053e-20 0 0
6.05399e-09 0 1.15899e-19 0 0
6.98505e-09 0 1.49814e-19 0 0
8.05929e-09 0 2.37924e-19 0 0
9.29874e-09 0 3.6635e-19 0 0
1.07288e-08 0 5.13718e-19 0 0
1.23788e-08 0 6.53298e-19 0 0
1.42826e-08 0 8.21037e-19 0 0
1.64791e-08 0 1.20847e-18 0 0
1.90134e-08 0 1.58583e-18 0 0
2.19376e-08 0 2.88656e-18 0 0
2.53114e-08 0 5.79747e-18 0 0
2.9204e-08 0 1.13162e-17 0 0
3.36954e-08 0 2.00316e-17 0 0
3.88774e-08 0 3.13278e-17 0 0
4.48565e-08 2.10997e-302 5.69223e-17 2.10997e-302 0
5.1755e-08 1.07543e-280 1.04979e-16 1.07543e-280 0
5.97145e-08 7.74494e-260 1.65338e-16 7.74494e-260 0
6.88981e-08 7.88098e-240 2.5494e-16 7.88098e-240 0
7.9494e-08 1.1331e-220 3.95564e-16 1.1331e-220 0
9.17195e-08 2.3019e-202 6.09061e-16 2.3019e-202 0
1.05825e-07 6.60739e-185 8.19054e-16 6.60739e-185 0
1.221e-07 2.67979e-168 9.16972e-16 2.67979e-168 0
1.40878e-07 1.53567e-152 9.62156e-16 1.53567e-152 0
1.62544e-07 1.24344e-137 8.43853e-16 1.24344e-137 0
1.87542e-07 1.42258e-123 4.90729e-16 1.42258e-123 0
2.16384e-07 2.29961e-110 1.48305e-16 2.29961e-110 0
2.49662e-07 5.25244e-98 1.78664e-17 5.25244e-98 0
2.88058e-07 1.6951e-86 7.28668e-19 1.6951e-86 0
3.32359e-07 7.72958e-76 7.57317e-21 7.72958e-76 0
3.83473e-07 4.98016e-66 1.44373e-23 4.98016e-66 0
4.42448e-07 4.53376e-57 4.27211e-27 4.53376e-57 0
5.10493e-07 5.83178e-49 1.85303e-31 5.83178e-49 0
5.89003e-07 1.05991e-41 1.15639e-36 1.05991e-41 0
6.79586e-07 2.72187e-35 1.03106e-42 2.72187e-35 0
7.84101e-07 9.87628e-30 1.30915e-49 9.87628e-30 0
9.04689e-07 5.0636e-25 2.36248e-57 5.0636e-25 0
1.04382e-06 3.6688e-21 6.05091e-66 3.6688e-21 0
1.20435e-06 3.75945e-18 2.19736e-75 3.75945e-18 0
1.38957e-06 5.47232e-16 1.13049e-85 5.47232e-16 0
1.60328e-06 1.15948e-14 8.23461e-97 1.15948e-14 0
1.84985e-06 4.0278e-14 8.48844e-109 4.0278e-14 0
2.13434e-06 3.2354e-14 1.23783e-121 3.2354e-14 0
2.46258e-06 1.73678e-14 2.55279e-135 1.73678e-14 0
2.84131e-06 1.89927e-13 7.44389e-150 1.89927e-13 0
3.27828e-06 5.91178e-13 3.06861e-165 5.91178e-13 0
3.78245e-06 7.8892e-13 1.78807e-181 7.8892e-13 0
4.36415e-06 2.44573e-12 1.4726e-198 2.44573e-12 0
5.03533e-06 5.85506e-12 1.71402e-216 5.85506e-12 0
5.80972e-06 1.18782e-11 2.81934e-235 1.18782e-11 0
6.7032e-06 3.57282e-11 6.55337e-255 3.57282e-11 0
7.7341e-06 7.98733e-11 2.15255e-275 7.98733e-11 0
8.92353e-06 1.30021e-10 9.99081e-297 1.30021e-10 0
1.02959e-05 2.62763e-10 6.5524e-319 2.62763e-10 0
1.18793e-05 5.78618e-10 0 5.78618e-10 0
1.37063e-05 1.11383e-09 0 1.11383e-09 0
1.58142e-05 2.29904e-09 0 2.29904e-09 0
1.82463e-05 4.9835e-09 0 4.9835e-09 0
2.10524e-05 9.37584e-09 0 9.37584e-09 0
2.429e-05 1.61036e-08 0 1.61036e-08 0
2.80257e-05 2.72425e-08 0 2.72425e-08 0
3.23358e-05 4.12272e-08 0 4.12272e-08 0
3.73087e-05 5.15819e-08 0 5.15819e-08 0
4.30465e-05 5.19271e-08 0 5.19271e-08 0
4.96667e-05 5.45418e-08 0 5.45418e-08 0
5.7305e-05 6.53435e-08 0 6.53435e-08 0
6.6118e-05 9.20762e-08 0 9.20762e-08 0
7.62864e-05 1.28963e-07 0 1.28963e-07 0
8.80186e-05 1.49466e-07 0 1.49466e-07 0
0.000101555 2.14852e-07 0 2.14852e-07 0
0.000117173 3.31879e-07 0 3.31879e-07 0
0.000135194 5.03788e-07 0 5.03788e-07 0
0.000155985 6.9923e-07 0 6.9923e-07 0
0.000179975 8.31557e-07 0 8.31557e-07 0
0.000207653 1.11939e-06 0 1.11939e-06 0
0.000239589 1.62719e-06 0 1.62719e-06 0
0.000276435 2.30947e-06 0 2.30947e-06 0
0.000318949 4.5809e-06 0 4.5809e-06 0
0.000368 9.10064e-06 0 9.10064e-06 0
0.000424596 1.72735e-05 0 1.72735e-05 0
0.000489895 2.85809e-05 0 2.85809e-05 0
0.000565236 4.63501e-05 0 4.63501e-05 0
0.000652165 8.80988e-05 0 8.80988e-05 0
0.000752462 0.000151822 0 0.000151822 0
0.000868185 0.000234202 0 0.000234202 0
0.0010017 0.000362437 0 0.000362437 0
0.00115576 0.000563672 0 0.000563672 0
0.0013335 0.000839028 0 0.000839028 0
0.00153859 0.00103781 0 0.00103781 0
0.00177521 0.0011231 0 0.0011231 0
0.00204822 0.00113011 0 0.00113011 0
0.00236322 0.00086283 0 0.00086283 0
0.00272666 0.000400535 0 0.000400535 0
0.003146 8.6075e-05 0 8.6075e-05 0
