2.22408e-09 0 8.38589e-18 0
2.55733e-09 0 6.12063e-18 0
2.9405e-09 0 6.37879e-18 0
3.38109e-09 0 7.1885e-18 0
3.8877e-09 0 8.49068e-18 0
4.47021e-09 0 1.01568e-17 0
5.14e-09 0 1.21277e-17 0
5.91015e-09 0 1.51246e-17 0
6.7957e-09 0 1.80664e-17 0
7.81393e-09 0 2.10738e-17 0
8.98472e-09 0 2.46568e-17 0
1.03309e-08 0 3.10102e-17 0
1.18789e-08 0 3.99468e-17 0
1.36588e-08 0 5.03164e-17 0
1.57053e-08 0 6.44109e-17 0
1.80585e-08 0 7.49001e-17 0
2.07643e-08 3.08147e-308 8.57041e-17 3.08147e-308
2.38755e-08 8.3403e-287 1.14183e-16 8.3403e-287
2.74529e-08 3.49994e-266 1.54968e-16 3.49994e-266
3.15663e-08 2.27716e-246 1.94271e-16 2.27716e-246
3.6296e-08 2.29711e-227 2.42069e-16 2.29711e-227
4.17344e-08 3.59274e-209 2.77986e-16 3.59274e-209
4.79877e-08 8.71211e-192 3.21756e-16 8.71211e-192
5.51779e-08 3.27549e-175 3.49723e-16 3.27549e-175
6.34455e-08 1.90934e-159 4.46823e-16 1.90934e-159
7.29518e-08 1.72562e-144 5.70729e-16 1.72562e-144
8.38825e-08 2.41804e-130 6.6619e-16 2.41804e-130
9.6451e-08 5.25334e-117 7.1481e-16 5.25334e-117
1.10903e-07 1.76955e-104 6.30315e-16 1.76955e-104
1.2752e-07 9.24152e-93 4.77234e-16 9.24152e-93
1.46627e-07 7.48307e-82 2.63059e-16 7.48307e-82
1.68597e-07 9.39445e-72 8.65748e-17 9.39445e-72
1.93858e-07 1.82859e-62 9.86984e-18 1.82859e-62
2.22905e-07 5.51847e-54 2.45005e-19 5.51847e-54
2.56304e-07 2.58211e-46 1.12215e-21 2.58211e-46
2.94707e-07 1.8732e-39 8.90533e-25 1.8732e-39
3.38864e-07 2.10693e-33 1.17932e-28 2.10693e-33
3.89638e-07 3.67426e-28 2.5396e-33 3.67426e-28
4.48019e-07 9.93448e-24 8.74156e-39 9.93448e-24
5.15148e-07 4.16462e-20 4.75683e-45 4.16462e-20
5.92335e-07 2.70682e-17 4.06376e-52 2.70682e-17
6.81087e-07 2.72771e-15 5.42636e-60 2.72771e-15
7.83138e-07 4.2618e-14 1.12938e-68 4.2618e-14
9.00479e-07 1.03239e-13 3.65711e-78 1.03239e-13
1.0354e-06 3.87745e-14 1.84031e-88 3.87745e-14
1.19054e-06 2.2579e-15 1.43802e-99 2.2579e-15
1.36893e-06 2.03854e-17 1.74396e-111 2.03854e-17
1.57404e-06 2.85407e-20 3.28142e-124 2.85407e-20
1.80988e-06 6.05702e-20 9.57728e-138 6.05702e-20
2.08107e-06 1.14545e-16 4.33523e-152 1.14545e-16
2.39288e-06 3.57294e-14 3.04318e-167 3.57294e-14
2.75142e-06 1.94294e-12 3.31252e-183 1.94294e-12
3.16368e-06 2.12956e-11 5.59096e-200 2.12956e-11
3.63771e-06 6.93796e-11 1.46318e-217 6.93796e-11
4.18276e-06 1.13323e-10 5.9372e-236 1.13323e-10
4.80949e-06 2.69514e-10 3.73537e-255 2.69514e-10
5.53012e-06 7.17027e-10 3.64376e-275 7.17027e-10
6.35872e-06 1.27582e-09 5.51095e-296 1.27582e-09
7.31148e-06 2.70053e-09 1.2923e-317 2.70053e-09
8.40699e-06 5.9747e-09 0 5.9747e-09
9.66665e-06 1.57204e-08 0 1.57204e-08
1.1115e-05 4.01144e-08 0 4.01144e-08
1.27805e-05 8.21645e-08 0 8.21645e-08
1.46954e-05 1.65115e-07 0 1.65115e-07
1.68973e-05 3.40637e-07 0 3.40637e-07
1.94291e-05 6.86107e-07 0 6.86107e-07
2.23403e-05 1.25667e-06 0 1.25667e-06
2.56876e-05 2.04386e-06 0 2.04386e-06
2.95365e-05 2.89083e-06 0 2.89083e-06
3.39621e-05 3.90153e-06 0 3.90153e-06
3.90508e-05 5.21093e-06 0 5.21093e-06
4.4902e-05 6.60588e-06 0 6.60588e-06
5.16299e-05 8.71141e-06 0 8.71141e-06
5.93658e-05 1.09528e-05 0 1.09528e-05
6.82609e-05 1.29658e-05 0 1.29658e-05
7.84887e-05 1.63963e-05 0 1.63963e-05
9.0249e-05 2.05017e-05 0 2.05017e-05
0.000103771 2.41406e-05 0 2.41406e-05
0.00011932 2.74934e-05 0 2.74934e-05
0.000137198 3.46855e-05 0 3.46855e-05
0.000157755 4.49614e-05 0 4.49614e-05
0.000181393 5.59308e-05 0 5.59308e-05
0.000208572 7.26806e-05 0 7.26806e-05
0.000239823 8.7149e-05 0 8.7149e-05
0.000275757 9.70952e-05 0 9.70952e-05
0.000317075 0.00012617 0 0.00012617
0.000364583 0.000172173 0 0.000172173
0.000419211 0.000218492 0 0.000218492
0.000482023 0.000274806 0 0.000274806
0.000554247 0.000319072 0 0.000319072
0.000637292 0.000369772 0 0.000369772
0.000732781 0.00040562 0 0.00040562
0.000842577 0.000493375 0 0.000493375
0.000968824 0.000649716 0 0.000649716
0.00111399 0.000760842 0 0.000760842
0.0012809 0.000850398 0 0.000850398
0.00147282 0.000775158 0 0.000775158
0.0016935 0.000613437 0 0.000613437
0.00194725 0.000367506 0 0.000367506
0.00223902 0.000140414 0 0.000140414
