2.22408e-09 0 3.12706e-16 0
2.50521e-09 0 2.40884e-16 0
2.82187e-09 0 2.3119e-16 0
3.17857e-09 0 2.64908e-16 0
3.58035e-09 0 2.90114e-16 0
4.03291e-09 0 3.19395e-16 0
4.54268e-09 0 3.57569e-16 0
5.11689e-09 0 4.02427e-16 0
5.76367e-09 0 4.55266e-16 0
6.49221e-09 0 5.23098e-16 0
7.31285e-09 0 5.7678e-16 0
8.23721e-09 0 5.90816e-16 0
9.27841e-09 0 5.92374e-16 0
1.04512e-08 0 5.45124e-16 0
1.17723e-08 0 4.3666e-16 0
1.32603e-08 0 3.2476e-16 0
1.49365e-08 0 2.18465e-16 0
1.68245e-08 0 1.23218e-16 0
1.89511e-08 2.32211e-321 4.81186e-17 2.32211e-321
2.13466e-08 1.38026e-302 1.57797e-17 1.38026e-302
2.40449e-08 2.11809e-284 3.58438e-18 2.11809e-284
2.70842e-08 8.38574e-267 2.8254e-19 8.38574e-267
3.05077e-08 8.56552e-250 6.22252e-21 8.56552e-250
3.4364e-08 2.25726e-233 3.6676e-23 2.25726e-233
3.87076e-08 1.5347e-217 5.70379e-26 1.5347e-217
4.36004e-08 2.69203e-202 2.32345e-29 2.69203e-202
4.91116e-08 1.21829e-187 2.4681e-33 1.21829e-187
5.53194e-08 1.42246e-173 6.81718e-38 1.42246e-173
6.23119e-08 4.2849e-160 4.88662e-43 4.2849e-160
7.01883e-08 3.3301e-147 9.0776e-49 3.3301e-147
7.90603e-08 6.67712e-135 4.36566e-55 6.67712e-135
8.90537e-08 3.45411e-123 5.43141e-62 3.45411e-123
1.0031e-07 4.60996e-112 1.74705e-69 4.60996e-112
1.1299e-07 1.58735e-101 1.45224e-77 1.58735e-101
1.27272e-07 1.41015e-91 3.11856e-86 1.41015e-91
1.43359e-07 3.23199e-82 1.72957e-95 3.23199e-82
1.6148e-07 1.91114e-73 2.47683e-105 1.91114e-73
1.81892e-07 2.9156e-65 9.15706e-116 2.9156e-65
2.04883e-07 1.14757e-57 8.73897e-127 1.14757e-57
2.30781e-07 1.16532e-50 2.1526e-138 1.16532e-50
2.59953e-07 3.05299e-44 1.36845e-150 3.05299e-44
2.92811e-07 2.06358e-38 2.24505e-163 2.06358e-38
3.29823e-07 3.59858e-33 9.50464e-177 3.59858e-33
3.71514e-07 1.61904e-28 1.03833e-190 1.61904e-28
4.18474e-07 1.8793e-24 2.92694e-205 1.8793e-24
4.7137e-07 5.62797e-21 2.12891e-220 5.62797e-21
5.30952e-07 4.34832e-18 3.99535e-236 4.34832e-18
5.98066e-07 8.66776e-16 1.93464e-252 8.66776e-16
6.73663e-07 4.45766e-14 2.41706e-269 4.45766e-14
7.58816e-07 5.91455e-13 7.79134e-287 5.91455e-13
8.54732e-07 2.02466e-12 6.4799e-305 2.02466e-12
9.62772e-07 1.78812e-12 1.4822e-323 1.78812e-12
1.08447e-06 4.07432e-13 0 4.07432e-13
1.22155e-06 2.39513e-14 0 2.39513e-14
1.37596e-06 3.63261e-16 0 3.63261e-16
1.54988e-06 1.42156e-18 0 1.42156e-18
1.74579e-06 4.61515e-19 0 4.61515e-19
1.96646e-06 4.13222e-16 0 4.13222e-16
2.21503e-06 1.03074e-13 0 1.03074e-13
2.49501e-06 7.29431e-12 0 7.29431e-12
2.81039e-06 1.52278e-10 0 1.52278e-10
3.16563e-06 1.0142e-09 0 1.0142e-09
3.56577e-06 2.55787e-09 0 2.55787e-09
4.01649e-06 3.35283e-09 0 3.35283e-09
4.52418e-06 4.94439e-09 0 4.94439e-09
5.09605e-06 1.3984e-08 0 1.3984e-08
5.74021e-06 2.94581e-08 0 2.94581e-08
6.46578e-06 5.02133e-08 0 5.02133e-08
7.28307e-06 9.81542e-08 0 9.81542e-08
8.20367e-06 1.8862e-07 0 1.8862e-07
9.24063e-06 4.00421e-07 0 4.00421e-07
1.04087e-05 9.28289e-07 0 9.28289e-07
1.17244e-05 1.89853e-06 0 1.89853e-06
1.32063e-05 3.49226e-06 0 3.49226e-06
1.48757e-05 6.52678e-06 0 6.52678e-06
1.6756e-05 1.20457e-05 0 1.20457e-05
1.8874e-05 2.13425e-05 0 2.13425e-05
2.12597e-05 3.60315e-05 0 3.60315e-05
2.3947e-05 5.73167e-05 0 5.73167e-05
2.69739e-05 8.38616e-05 0 8.38616e-05
3.03835e-05 0.000116648 0 0.000116648
3.4224e-05 0.000155116 0 0.000155116
3.855e-05 0.000198847 0 0.000198847
4.34229e-05 0.000247698 0 0.000247698
4.89116e-05 0.000309604 0 0.000309604
5.50942e-05 0.000372129 0 0.000372129
6.20582e-05 0.000418784 0 0.000418784
6.99025e-05 0.000475099 0 0.000475099
7.87384e-05 0.000548539 0 0.000548539
8.86911e-05 0.000640597 0 0.000640597
9.99019e-05 0.000722466 0 0.000722466
0.00011253 0.000739417 0 0.000739417
0.000126754 0.000756324 0 0.000756324
0.000142776 0.000729461 0 0.000729461
0.000160823 0.000598745 0 0.000598745
0.000181151 0.000452253 0 0.000452253
0.000204049 0.00031335 0 0.00031335
0.000229842 0.000186873 0 0.000186873
0.000258894 8.17764e-05 0 8.17764e-05
0.000291619 2.73231e-05 0 2.73231e-05
