2.22408e-09 0 3.27255e-15 0
2.46722e-09 0 1.95602e-15 0
2.73695e-09 0 4.17667e-16 0
3.03616e-09 0 3.18611e-17 0
3.36809e-09 0 8.68286e-19 0
3.7363e-09 0 8.45351e-21 0
4.14476e-09 0 2.94025e-23 0
4.59788e-09 0 3.65344e-26 0
5.10053e-09 0 1.62178e-29 0
5.65814e-09 0 2.57191e-33 0
6.27671e-09 0 1.4571e-37 0
6.9629e-09 0 2.94915e-42 0
7.7241e-09 0 2.13243e-47 0
8.56853e-09 0 5.50842e-53 0
9.50527e-09 0 5.08335e-59 0
1.05444e-08 0 1.67589e-65 0
1.16972e-08 0 1.97384e-72 0
1.29759e-08 0 8.30522e-80 0
1.43945e-08 0 1.24843e-87 0
1.59682e-08 0 6.70418e-96 0
1.77139e-08 0 1.28618e-104 0
1.96504e-08 0 8.81514e-114 0
2.17986e-08 0 2.15838e-123 0
2.41817e-08 0 1.88799e-133 0
2.68254e-08 0 5.89989e-144 0
2.9758e-08 1.81174e-319 6.58658e-155 1.81174e-319
3.30113e-08 4.3632e-303 2.62693e-166 4.3632e-303
3.66201e-08 3.75395e-287 3.7429e-178 3.75395e-287
4.06236e-08 1.15384e-271 1.9052e-190 1.15384e-271
4.50647e-08 1.26698e-256 3.46453e-203 1.26698e-256
4.99913e-08 4.97016e-242 2.25071e-216 4.97016e-242
5.54565e-08 6.96534e-228 5.22359e-230 6.96534e-228
6.15192e-08 3.48727e-214 4.33101e-244 3.48727e-214
6.82447e-08 6.23737e-201 1.28287e-258 6.23737e-201
7.57054e-08 3.98556e-188 1.35752e-273 3.98556e-188
8.39818e-08 9.09806e-176 5.13195e-289 9.09806e-176
9.3163e-08 7.41961e-164 6.93093e-305 7.41961e-164
1.03348e-07 2.16165e-152 0 2.16165e-152
1.14646e-07 2.24989e-141 0 2.24989e-141
1.2718e-07 8.36583e-131 0 8.36583e-131
1.41083e-07 1.11129e-120 0 1.11129e-120
1.56507e-07 5.27377e-111 0 5.27377e-111
1.73617e-07 8.941e-102 0 8.941e-102
1.92597e-07 5.4153e-93 0 5.4153e-93
2.13653e-07 1.17174e-84 0 1.17174e-84
2.3701e-07 9.05762e-77 0 9.05762e-77
2.62921e-07 2.50132e-69 0 2.50132e-69
2.91664e-07 2.46774e-62 0 2.46774e-62
3.2355e-07 8.69777e-56 0 8.69777e-56
3.58921e-07 1.09521e-49 0 1.09521e-49
3.9816e-07 4.92703e-44 0 4.92703e-44
4.41688e-07 7.91933e-39 0 7.91933e-39
4.89974e-07 4.54836e-34 0 4.54836e-34
5.4354e-07 9.33632e-30 0 9.33632e-30
6.02962e-07 6.85226e-26 0 6.85226e-26
6.68879e-07 1.79967e-22 0 1.79967e-22
7.42003e-07 1.69425e-19 0 1.69425e-19
8.23122e-07 5.73599e-17 0 5.73599e-17
9.13108e-07 7.02757e-15 0 7.02757e-15
1.01293e-06 3.15185e-13 0 3.15185e-13
1.12367e-06 5.27616e-12 0 5.27616e-12
1.24651e-06 3.39001e-11 0 3.39001e-11
1.38279e-06 8.6144e-11 0 8.6144e-11
1.53396e-06 8.80344e-11 0 8.80344e-11
1.70165e-06 3.58996e-11 0 3.58996e-11
1.88768e-06 6.57804e-12 0 6.57804e-12
2.09405e-06 2.17251e-11 0 2.17251e-11
2.32298e-06 2.10266e-10 0 2.10266e-10
2.57694e-06 9.8449e-10 0 9.8449e-10
2.85865e-06 2.81605e-09 0 2.81605e-09
3.17117e-06 6.07021e-09 0 6.07021e-09
3.51785e-06 9.68816e-09 0 9.68816e-09
3.90244e-06 1.40396e-08 0 1.40396e-08
4.32907e-06 2.70428e-08 0 2.70428e-08
4.80233e-06 5.82359e-08 0 5.82359e-08
5.32734e-06 1.15056e-07 0 1.15056e-07
5.90974e-06 2.02797e-07 0 2.02797e-07
6.55582e-06 3.63427e-07 0 3.63427e-07
7.27252e-06 6.70372e-07 0 6.70372e-07
8.06757e-06 1.1682e-06 0 1.1682e-06
8.94955e-06 2.10482e-06 0 2.10482e-06
9.92794e-06 3.9553e-06 0 3.9553e-06
1.10133e-05 7.4614e-06 0 7.4614e-06
1.22173e-05 1.41281e-05 0 1.41281e-05
1.35529e-05 2.60559e-05 0 2.60559e-05
1.50346e-05 4.52525e-05 0 4.52525e-05
1.66782e-05 7.76348e-05 0 7.76348e-05
1.85015e-05 0.000136477 0 0.000136477
2.05242e-05 0.000230613 0 0.000230613
2.2768e-05 0.000370366 0 0.000370366
2.5257e-05 0.000574645 0 0.000574645
2.80182e-05 0.000842418 0 0.000842418
3.10813e-05 0.00114465 0 0.00114465
3.44792e-05 0.00139554 0 0.00139554
3.82485e-05 0.00148061 0 0.00148061
4.243e-05 0.00133701 0 0.00133701
4.70686e-05 0.00101251 0 0.00101251
5.22143e-05 0.000610722 0 0.000610722
5.79225e-05 0.000263339 0 0.000263339
6.42548e-05 7.44138e-05 0 7.44138e-05
