# Initial particle size distribution
# Case: mass_exponential_sampled
# Column 1: Radius (μm)
# Column 2: Number concentration (cm^-3)
#
2.224094e-03  4.785105e+08
2.452838e-03  4.730400e+08
2.705108e-03  4.732301e+08
2.983323e-03  4.732730e+08
3.290153e-03  4.771556e+08
3.628539e-03  4.672510e+08
4.001727e-03  4.595907e+08
4.413298e-03  4.570700e+08
4.867197e-03  4.607762e+08
5.367780e-03  4.760640e+08
5.919846e-03  4.599996e+08
6.528691e-03  4.647907e+08
7.200155e-03  4.545921e+08
7.940678e-03  4.394128e+08
8.757362e-03  4.562510e+08
9.658041e-03  4.341808e+08
1.065135e-02  4.182663e+08
1.174682e-02  4.020606e+08
1.295496e-02  3.814506e+08
1.428736e-02  3.584457e+08
1.575679e-02  3.109914e+08
1.737734e-02  2.673438e+08
1.916457e-02  2.248028e+08
2.113561e-02  1.721928e+08
2.330937e-02  1.262078e+08
2.570670e-02  7.851974e+07
2.835059e-02  4.343565e+07
3.126639e-02  1.937296e+07
3.448208e-02  6.634843e+06
