2.22409e-09 0 2.75687e-14 0 0
2.29477e-09 0 4.04404e-14 0 0
2.3677e-09 0 5.20759e-14 0 0
2.44295e-09 0 6.14868e-14 0 0
2.52058e-09 0 6.92481e-14 0 0
2.60069e-09 0 7.65041e-14 0 0
2.68334e-09 0 8.41882e-14 0 0
2.76861e-09 0 9.28075e-14 0 0
2.8566e-09 0 1.02407e-13 0 0
2.94738e-09 0 1.12676e-13 0 0
3.04104e-09 0 1.23383e-13 0 0
3.13769e-09 0 1.34824e-13 0 0
3.2374e-09 0 1.47767e-13 0 0
3.34029e-09 0 1.6282e-13 0 0
3.44644e-09 0 1.79787e-13 0 0
3.55597e-09 0 1.97744e-13 0 0
3.66897e-09 0 2.1598e-13 0 0
3.78557e-09 0 2.34866e-13 0 0
3.90588e-09 0 2.55556e-13 0 0
4.03e-09 0 2.78966e-13 0 0
4.15808e-09 0 3.05388e-13 0 0
4.29022e-09 0 3.34914e-13 0 0
4.42656e-09 0 3.67707e-13 0 0
4.56723e-09 0 4.03826e-13 0 0
4.71238e-09 0 4.43464e-13 0 0
4.86214e-09 0 4.87696e-13 0 0
5.01665e-09 0 5.3826e-13 0 0
5.17608e-09 0 5.957e-13 0 0
5.34058e-09 0 6.58191e-13 0 0
5.5103e-09 0 7.23421e-13 0 0
5.68541e-09 0 7.91747e-13 0 0
5.86609e-09 0 8.66577e-13 0 0
6.05252e-09 0 9.51329e-13 0 0
6.24486e-09 0 1.04648e-12 0 0
6.44332e-09 0 1.14993e-12 0 0
6.64809e-09 0 1.25984e-12 0 0
6.85936e-09 0 1.37673e-12 0 0
7.07735e-09 0 1.50314e-12 0 0
7.30227e-09 0 1.64126e-12 0 0
7.53433e-09 0 1.79104e-12 0 0
7.77377e-09 0 1.95169e-12 0 0
8.02082e-09 0 2.12629e-12 0 0
8.27572e-09 0 2.32391e-12 0 0
8.53872e-09 0 2.55419e-12 0 0
8.81007e-09 0 2.81768e-12 0 0
9.09005e-09 0 3.1032e-12 0 0
9.37893e-09 0 3.39842e-12 0 0
9.67699e-09 0 3.70222e-12 0 0
9.98452e-09 0 4.02289e-12 0 0
1.03018e-08 0 4.36643e-12 0 0
1.06292e-08 0 4.73366e-12 0 0
1.0967e-08 0 5.12829e-12 0 0
1.13155e-08 0 5.558e-12 0 0
1.16751e-08 0 6.02455e-12 0 0
1.20462e-08 0 6.52119e-12 0 0
1.2429e-08 0 7.04479e-12 0 0
1.2824e-08 0 7.60415e-12 0 0
1.32315e-08 0 8.21096e-12 0 0
1.3652e-08 0 8.86488e-12 0 0
1.40859e-08 0 9.55056e-12 0 0
1.45335e-08 0 1.02447e-11 0 0
1.49954e-08 0 1.09209e-11 0 0
1.54719e-08 0 1.15564e-11 0 0
1.59636e-08 0 1.21465e-11 0 0
1.6471e-08 0 1.27128e-11 0 0
1.69944e-08 0 1.32927e-11 0 0
1.75345e-08 0 1.39159e-11 0 0
1.80917e-08 0 1.4578e-11 0 0
1.86667e-08 0 1.52292e-11 0 0
1.92599e-08 0 1.58018e-11 0 0
1.9872e-08 0 1.62562e-11 0 0
2.05035e-08 0 1.65967e-11 0 0
2.11551e-08 0 1.68457e-11 0 0
2.18274e-08 0 1.70089e-11 0 0
2.2521e-08 0 1.706e-11 0 0
2.32367e-08 0 1.69555e-11 0 0
2.39752e-08 0 1.66626e-11 0 0
2.47371e-08 0 1.61707e-11 0 0
2.55233e-08 0 1.54866e-11 0 0
2.63344e-08 0 1.46291e-11 0 0
2.71713e-08 0 1.3627e-11 0 0
2.80348e-08 0 1.25194e-11 0 0
2.89257e-08 0 1.13492e-11 0 0
2.9845e-08 0 1.0143e-11 0 0
3.07934e-08 0 8.90047e-12 0 0
3.1772e-08 0 7.62322e-12 0 0
3.27817e-08 0 6.34664e-12 0 0
3.38235e-08 0 5.12442e-12 0 0
3.48984e-08 0 3.98817e-12 0 0
3.60075e-08 0 2.94122e-12 0 0
3.71518e-08 0 1.99523e-12 0 0
3.83325e-08 0 1.19934e-12 0 0
3.95507e-08 0 6.15395e-13 0 0
4.08076e-08 0 2.61082e-13 0 0
4.21044e-08 0 8.93533e-14 0 0
4.34425e-08 0 2.42288e-14 0 0
4.48231e-08 0 5.13885e-15 0 0
4.62475e-08 0 8.44804e-16 0 0
4.77173e-08 0 1.06948e-16 0 0
4.92337e-08 0 1.0377e-17 0 0
