2.22408e-09 0 3.27255e-15 0
2.46646e-09 0 1.96203e-15 0
2.73525e-09 0 4.22826e-16 0
3.03334e-09 0 3.27534e-17 0
3.36391e-09 0 9.11988e-19 0
3.73051e-09 0 9.12766e-21 0
4.13706e-09 0 3.28373e-23 0
4.58792e-09 0 4.24633e-26 0
5.08791e-09 0 1.97378e-29 0
5.64239e-09 0 3.29777e-33 0
6.25729e-09 0 1.98052e-37 0
6.93921e-09 0 4.27541e-42 0
7.69544e-09 0 3.31752e-47 0
8.53409e-09 0 9.25309e-53 0
9.46413e-09 0 9.27679e-59 0
1.04955e-08 0 3.34308e-65 0
1.16393e-08 0 4.33046e-72 0
1.29078e-08 0 2.01632e-79 0
1.43145e-08 0 3.3746e-87 0
1.58744e-08 0 2.03012e-95 0
1.76044e-08 0 4.38996e-104 0
1.9523e-08 8.11569e-316 3.41222e-113 8.11569e-316
2.16506e-08 1.345e-299 9.53348e-123 1.345e-299
2.401e-08 8.01225e-284 9.57423e-133 8.01225e-284
2.66266e-08 1.71564e-268 3.45616e-143 1.71564e-268
2.95284e-08 1.32049e-253 4.48458e-154 1.32049e-253
3.27464e-08 3.65328e-239 2.09164e-165 3.65328e-239
3.63151e-08 3.63302e-225 3.50664e-177 3.63302e-225
4.02727e-08 1.29865e-211 2.11316e-189 1.29865e-211
4.46616e-08 1.6686e-198 4.57733e-202 1.6686e-198
4.95288e-08 7.70639e-186 3.56393e-215 7.70639e-186
5.49265e-08 1.27934e-173 9.97435e-229 1.27934e-173
6.09123e-08 7.63418e-162 1.00341e-242 7.63418e-162
6.75505e-08 1.63747e-150 3.62834e-257 1.63747e-150
7.49122e-08 1.26248e-139 4.71604e-272 1.26248e-139
8.30761e-08 3.49875e-129 2.20335e-287 3.49875e-129
9.21297e-08 3.48529e-119 3.70023e-303 3.48529e-119
1.0217e-07 1.24797e-109 2.42843e-319 1.24797e-109
1.13304e-07 1.60622e-100 0 1.60622e-100
1.25652e-07 7.43095e-92 0 7.43095e-92
1.39346e-07 1.23573e-83 0 1.23573e-83
1.54532e-07 7.38648e-76 0 7.38648e-76
1.71372e-07 1.58705e-68 0 1.58705e-68
1.90049e-07 1.22569e-61 0 1.22569e-61
2.1076e-07 3.4026e-55 0 3.4026e-55
2.33729e-07 3.3953e-49 0 3.3953e-49
2.592e-07 1.21782e-43 0 1.21782e-43
2.87448e-07 1.57009e-38 0 1.57009e-38
3.18774e-07 7.27622e-34 0 7.27622e-34
3.53514e-07 1.21206e-29 0 1.21206e-29
3.92039e-07 7.25739e-26 0 7.25739e-26
4.34764e-07 1.56198e-22 0 1.56198e-22
4.82144e-07 1.20839e-19 0 1.20839e-19
5.34688e-07 3.36029e-17 0 3.36029e-17
5.92958e-07 3.3588e-15 0 3.3588e-15
6.57578e-07 1.20679e-13 0 1.20679e-13
7.29241e-07 1.55855e-12 0 1.55855e-12
8.08714e-07 7.23912e-12 0 7.23912e-12
8.96847e-07 1.22831e-11 0 1.22831e-11
9.94585e-07 1.11082e-11 0 1.11082e-11
1.10297e-06 2.74766e-11 0 2.74766e-11
1.22318e-06 6.35804e-11 0 6.35804e-11
1.35648e-06 5.68073e-11 0 5.68073e-11
1.50431e-06 1.87729e-11 0 1.87729e-11
1.66824e-06 7.07907e-12 0 7.07907e-12
1.85005e-06 4.46074e-11 0 4.46074e-11
2.05167e-06 1.61375e-10 0 1.61375e-10
2.27526e-06 3.76824e-10 0 3.76824e-10
2.52321e-06 1.06781e-09 0 1.06781e-09
2.79819e-06 2.57911e-09 0 2.57911e-09
3.10314e-06 5.61642e-09 0 5.61642e-09
3.44132e-06 1.0563e-08 0 1.0563e-08
3.81635e-06 1.54999e-08 0 1.54999e-08
4.23226e-06 2.42576e-08 0 2.42576e-08
4.69349e-06 4.48372e-08 0 4.48372e-08
5.20498e-06 8.81778e-08 0 8.81778e-08
5.77222e-06 1.59784e-07 0 1.59784e-07
6.40127e-06 3.09092e-07 0 3.09092e-07
7.09888e-06 6.21842e-07 0 6.21842e-07
7.87252e-06 1.14384e-06 0 1.14384e-06
8.73046e-06 2.07206e-06 0 2.07206e-06
9.6819e-06 3.80429e-06 0 3.80429e-06
1.0737e-05 6.91746e-06 0 6.91746e-06
1.19072e-05 1.2254e-05 0 1.2254e-05
1.32048e-05 2.16814e-05 0 2.16814e-05
1.46438e-05 3.84373e-05 0 3.84373e-05
1.62397e-05 6.67446e-05 0 6.67446e-05
1.80095e-05 0.000114267 0 0.000114267
1.99722e-05 0.000194121 0 0.000194121
2.21488e-05 0.000323554 0 0.000323554
2.45625e-05 0.000517764 0 0.000517764
2.72393e-05 0.000786826 0 0.000786826
3.02079e-05 0.00110593 0 0.00110593
3.34999e-05 0.00136863 0 0.00136863
3.71507e-05 0.00145275 0 0.00145275
4.11994e-05 0.00133093 0 0.00133093
4.56893e-05 0.00105816 0 0.00105816
5.06685e-05 0.000686257 0 0.000686257
5.61903e-05 0.000320213 0 0.000320213
6.23139e-05 9.63563e-05 0 9.63563e-05
