2.22408e-09 0 1.38143e-16 0
2.52322e-09 0 8.39382e-17 0
2.86259e-09 0 5.43492e-17 0
3.2476e-09 0 5.82351e-17 0
3.6844e-09 0 6.591e-17 0
4.17995e-09 0 7.66729e-17 0
4.74214e-09 0 8.97648e-17 0
5.37996e-09 0 1.09074e-16 0
6.10356e-09 0 1.32495e-16 0
6.92448e-09 0 1.76781e-16 0
7.85581e-09 0 2.43063e-16 0
8.91241e-09 0 2.95645e-16 0
1.01111e-08 0 3.49839e-16 0
1.1471e-08 0 3.99341e-16 0
1.30139e-08 0 4.36043e-16 0
1.47642e-08 0 4.88619e-16 0
1.675e-08 0 5.30004e-16 0
1.90029e-08 3.31518e-320 5.71655e-16 3.31518e-320
2.15587e-08 2.44938e-300 5.5e-16 2.44938e-300
2.44584e-08 3.94731e-281 5.41962e-16 3.94731e-281
2.7748e-08 1.38747e-262 4.91962e-16 1.38747e-262
3.148e-08 1.06371e-244 3.53059e-16 1.06371e-244
3.57141e-08 1.77869e-227 2.17297e-16 1.77869e-227
4.05176e-08 6.48718e-211 9.4597e-17 6.48718e-211
4.59671e-08 5.16045e-195 2.56437e-17 5.16045e-195
5.21497e-08 8.95358e-180 3.32671e-18 8.95358e-180
5.91637e-08 3.38831e-165 1.25648e-19 3.38831e-165
6.71212e-08 2.7967e-151 1.1183e-21 2.7967e-151
7.61489e-08 5.03486e-138 2.2301e-24 5.03486e-138
8.63908e-08 1.977e-125 9.84641e-28 1.977e-125
9.80103e-08 1.69317e-113 9.58865e-32 1.69317e-113
1.11193e-07 3.16282e-102 2.05539e-36 3.16282e-102
1.26148e-07 1.28862e-91 9.68373e-42 1.28862e-91
1.43115e-07 1.14512e-81 1.00153e-47 1.14512e-81
1.62363e-07 2.2195e-72 2.27137e-54 2.2195e-72
1.84201e-07 9.38292e-64 1.12857e-61 9.38292e-64
2.08976e-07 8.65162e-56 1.2276e-69 8.65162e-56
2.37083e-07 1.73994e-48 2.92143e-78 1.73994e-48
2.6897e-07 7.63216e-42 1.5203e-87 7.63216e-42
3.05146e-07 7.30195e-36 1.72932e-97 7.30195e-36
3.46188e-07 1.52373e-30 4.29825e-108 1.52373e-30
3.9275e-07 6.9351e-26 2.33378e-119 6.9351e-26
4.45574e-07 6.88455e-22 2.7675e-131 6.88455e-22
5.05504e-07 1.49065e-18 7.16635e-144 1.49065e-18
5.73493e-07 7.03969e-16 4.05165e-157 7.03969e-16
6.50627e-07 7.25118e-14 5.00082e-171 7.25118e-14
7.38136e-07 1.62912e-12 1.34736e-185 1.62912e-12
8.37414e-07 7.99581e-12 7.92375e-201 7.99581e-12
9.50046e-07 9.44485e-12 1.01707e-216 9.44485e-12
1.07783e-06 1.62017e-11 2.8492e-233 1.62017e-11
1.22279e-06 4.95652e-11 1.74192e-250 4.95652e-11
1.38726e-06 3.84949e-11 2.32407e-268 3.84949e-11
1.57384e-06 7.39359e-12 6.7666e-287 7.39359e-12
1.78552e-06 1.86023e-11 4.29913e-306 1.86023e-11
2.02567e-06 1.10835e-10 0 1.10835e-10
2.29812e-06 2.73218e-10 0 2.73218e-10
2.60721e-06 7.80534e-10 0 7.80534e-10
2.95788e-06 1.93757e-09 0 1.93757e-09
3.35571e-06 4.53222e-09 0 4.53222e-09
3.80705e-06 6.58368e-09 0 6.58368e-09
4.3191e-06 9.3667e-09 0 9.3667e-09
4.90001e-06 1.6555e-08 0 1.6555e-08
5.55906e-06 2.95131e-08 0 2.95131e-08
6.30674e-06 5.08205e-08 0 5.08205e-08
7.15499e-06 1.03689e-07 0 1.03689e-07
8.11733e-06 1.86046e-07 0 1.86046e-07
9.2091e-06 3.29968e-07 0 3.29968e-07
1.04477e-05 5.78786e-07 0 5.78786e-07
1.18529e-05 8.62393e-07 0 8.62393e-07
1.34471e-05 1.31464e-06 0 1.31464e-06
1.52557e-05 2.28255e-06 0 2.28255e-06
1.73076e-05 3.95498e-06 0 3.95498e-06
1.96355e-05 6.86524e-06 0 6.86524e-06
2.22764e-05 1.26834e-05 0 1.26834e-05
2.52726e-05 2.32644e-05 0 2.32644e-05
2.86717e-05 3.83605e-05 0 3.83605e-05
3.2528e-05 5.37031e-05 0 5.37031e-05
3.6903e-05 6.38968e-05 0 6.38968e-05
4.18664e-05 7.0064e-05 0 7.0064e-05
4.74974e-05 7.76314e-05 0 7.76314e-05
5.38857e-05 8.92049e-05 0 8.92049e-05
6.11333e-05 0.000103684 0 0.000103684
6.93556e-05 0.000121776 0 0.000121776
7.86839e-05 0.000143757 0 0.000143757
8.92668e-05 0.000180191 0 0.000180191
0.000101273 0.000248994 0 0.000248994
0.000114894 0.00032251 0 0.00032251
0.000130347 0.000388069 0 0.000388069
0.000147879 0.000453606 0 0.000453606
0.000167768 0.00049879 0 0.00049879
0.000190333 0.000551958 0 0.000551958
0.000215933 0.000605596 0 0.000605596
0.000244975 0.000667674 0 0.000667674
0.000277924 0.00068213 0 0.00068213
0.000315305 0.00065117 0 0.00065117
0.000357713 0.000629966 0 0.000629966
0.000405825 0.000506214 0 0.000506214
0.000460408 0.000343114 0 0.000343114
0.000522332 0.000188155 0 0.000188155
0.000592585 6.50256e-05 0 6.50256e-05
