# Initial particle size distribution
# Case: radius_log_normal_sampled
# Column 1: Radius (μm)
# Column 2: Number concentration (cm^-3)
#
1.000026e-03  2.130804e+02
1.268989e-03  1.245294e+03
1.610292e-03  6.713499e+03
2.043392e-03  3.326344e+04
2.592975e-03  1.389860e+05
3.290374e-03  5.251404e+05
4.175342e-03  1.786167e+06
5.298329e-03  5.509948e+06
6.723350e-03  1.462073e+07
8.531640e-03  3.510716e+07
1.082628e-02  7.535586e+07
1.373808e-02  1.388482e+08
1.743304e-02  2.301959e+08
2.212177e-02  3.380345e+08
2.807157e-02  4.746023e+08
3.562161e-02  5.465863e+08
4.520228e-02  5.619015e+08
5.735974e-02  5.331357e+08
7.278703e-02  4.501842e+08
9.236359e-02  3.269543e+08
1.172054e-01  2.197464e+08
1.487286e-01  1.285787e+08
1.887301e-01  6.689757e+07
2.394904e-01  3.066886e+07
3.039030e-01  1.229288e+07
3.856397e-01  4.490756e+06
4.893601e-01  1.482704e+06
6.209768e-01  4.383496e+05
7.879928e-01  1.142544e+05
