1.00003e-09 0 5.89892e-22 0 0
1.07509e-09 0 1.72585e-21 0 0
1.1558e-09 0 3.89034e-21 0 0
1.24256e-09 0 8.37769e-21 0 0
1.33584e-09 0 1.76832e-20 0 0
1.43611e-09 0 3.68992e-20 0 0
1.54392e-09 0 7.69755e-20 0 0
1.65981e-09 0 1.58288e-19 0 0
1.78441e-09 0 3.26266e-19 0 0
1.91836e-09 0 6.65812e-19 0 0
2.06237e-09 0 1.36333e-18 0 0
2.21718e-09 0 2.80702e-18 0 0
2.38362e-09 0 5.51177e-18 0 0
2.56255e-09 0 1.06179e-17 0 0
2.75491e-09 0 2.01603e-17 0 0
2.96171e-09 0 3.76619e-17 0 0
3.18404e-09 0 6.93118e-17 0 0
3.42306e-09 0 1.31561e-16 0 0
3.68001e-09 0 2.44783e-16 0 0
3.95626e-09 0 4.42168e-16 0 0
4.25325e-09 0 7.97875e-16 0 0
4.57252e-09 0 1.40699e-15 0 0
4.91577e-09 0 2.48899e-15 0 0
5.28478e-09 0 4.43133e-15 0 0
5.68149e-09 0 7.75585e-15 0 0
6.10798e-09 0 1.34432e-14 0 0
6.56649e-09 0 2.27111e-14 0 0
7.05941e-09 0 3.70194e-14 0 0
7.58934e-09 0 6.04652e-14 0 0
8.15905e-09 0 1.00603e-13 0 0
8.77153e-09 0 1.6458e-13 0 0
9.42998e-09 0 2.61371e-13 0 0
1.01379e-08 0 4.10838e-13 0 0
1.08989e-08 0 6.41887e-13 0 0
1.1717e-08 0 1.00484e-12 0 0
1.25966e-08 0 1.57719e-12 0 0
1.35422e-08 0 2.38453e-12 0 0
1.45587e-08 0 3.53789e-12 0 0
1.56516e-08 0 5.1863e-12 0 0
1.68265e-08 0 7.42685e-12 0 0
1.80896e-08 0 1.0919e-11 0 0
1.94476e-08 0 1.59241e-11 0 0
2.09074e-08 0 2.20076e-11 0 0
2.24769e-08 0 3.08217e-11 0 0
2.41642e-08 0 4.33188e-11 0 0
2.59781e-08 0 5.90912e-11 0 0
2.79282e-08 0 8.18259e-11 0 0
3.00247e-08 0 1.11892e-10 0 0
3.22785e-08 0 1.52088e-10 0 0
3.47016e-08 0 1.99703e-10 0 0
3.73065e-08 0 2.51909e-10 0 0
4.0107e-08 0 3.22597e-10 0 0
4.31177e-08 0 4.1385e-10 0 0
4.63544e-08 0 5.17545e-10 0 0
4.98341e-08 0 6.56584e-10 0 0
5.35749e-08 0 8.05358e-10 0 0
5.75967e-08 0 9.64059e-10 0 0
6.19203e-08 0 1.18041e-09 0 0
6.65684e-08 0 1.43733e-09 0 0
7.15655e-08 0 1.69037e-09 0 0
7.69377e-08 0 1.98937e-09 0 0
8.27132e-08 0 2.32477e-09 0 0
8.89222e-08 0 2.61736e-09 0 0
9.55973e-08 0 2.88811e-09 0 0
1.02773e-07 0 3.26752e-09 0 0
1.10488e-07 0 3.71736e-09 0 0
1.18782e-07 0 4.07908e-09 0 0
1.27699e-07 0 4.38755e-09 0 0
1.37285e-07 0 4.7491e-09 0 0
1.4759e-07 0 5.0224e-09 0 0
1.5867e-07 0 5.25977e-09 0 0
1.7058e-07 0 5.52452e-09 0 0
1.83385e-07 0 5.67263e-09 0 0
1.97152e-07 0 5.7184e-09 0 0
2.11951e-07 0 5.7261e-09 0 0
2.27862e-07 0 5.68241e-09 0 0
2.44966e-07 0 5.56584e-09 0 0
2.63355e-07 0 5.37048e-09 0 0
2.83125e-07 0 5.12239e-09 0 0
3.04378e-07 0 4.82314e-09 0 0
3.27226e-07 0 4.56289e-09 0 0
3.5179e-07 0 4.27249e-09 0 0
3.78198e-07 0 3.92568e-09 0 0
4.06588e-07 0 3.54065e-09 0 0
4.3711e-07 0 3.18211e-09 0 0
4.69922e-07 0 2.85444e-09 0 0
5.05198e-07 0 2.51835e-09 0 0
5.43121e-07 0 2.20914e-09 0 0
5.83892e-07 0 1.91926e-09 0 0
6.27722e-07 0 1.64361e-09 0 0
6.74844e-07 0 1.39184e-09 0 0
7.25502e-07 0 1.15701e-09 0 0
7.79963e-07 0 9.71133e-10 0 0
8.38512e-07 0 8.03113e-10 0 0
9.01457e-07 0 6.35778e-10 0 0
9.69126e-07 0 3.97579e-10 0 0
1.04188e-06 0 1.25299e-10 0 0
1.12009e-06 0 1.32305e-11 0 0
1.20417e-06 0 3.76737e-13 0 0
1.29456e-06 0 2.62557e-15 0 0
