2.22408e-09 0 7.86598e-17 0
2.53623e-09 0 1.57421e-17 0
2.8922e-09 0 4.01408e-17 0
3.29813e-09 0 4.0631e-17 0
3.76102e-09 0 4.73352e-17 0
4.28889e-09 0 5.52039e-17 0
4.89085e-09 0 6.60672e-17 0
5.57728e-09 0 7.89477e-17 0
6.36007e-09 0 9.69416e-17 0
7.25271e-09 0 1.1586e-16 0
8.27065e-09 0 1.38691e-16 0
9.43145e-09 0 1.67405e-16 0
1.07552e-08 0 2.05255e-16 0
1.22647e-08 0 2.47467e-16 0
1.3986e-08 0 2.88996e-16 0
1.5949e-08 0 3.39832e-16 0
1.81875e-08 0 4.0766e-16 0
2.07401e-08 0 4.75158e-16 0
2.36511e-08 0 5.32893e-16 0
2.69705e-08 0 6.02459e-16 0
3.07559e-08 0 6.2528e-16 0
3.50725e-08 0 6.06887e-16 0
3.9995e-08 0 4.70189e-16 0
4.56084e-08 0 3.38925e-16 0
5.20097e-08 0 2.03601e-16 0
5.93093e-08 0 7.71152e-17 0
6.76335e-08 0 1.6825e-17 0
7.7126e-08 0 1.22461e-18 0
8.79508e-08 0 3.35774e-21 0
1.00295e-07 9.12722e-317 8.28899e-26 9.12722e-317
1.14371e-07 1.34785e-281 1.48939e-32 1.34785e-281
1.30424e-07 1.34087e-248 1.86704e-41 1.34087e-248
1.48729e-07 8.98665e-218 1.60531e-52 8.98665e-218
1.69603e-07 4.0581e-189 9.38559e-66 4.0581e-189
1.93407e-07 1.23495e-162 3.7144e-81 1.23495e-162
2.20552e-07 2.53356e-138 9.9268e-99 2.53356e-138
2.51507e-07 3.50632e-116 1.78934e-118 3.50632e-116
2.86807e-07 3.27726e-96 2.17402e-140 3.27726e-96
3.27061e-07 2.07299e-78 1.77987e-164 2.07299e-78
3.72964e-07 8.90558e-63 9.81727e-191 8.90558e-63
4.25311e-07 2.61417e-49 3.64786e-219 2.61417e-49
4.85004e-07 5.29482e-38 9.13086e-250 5.29482e-38
5.53075e-07 7.50746e-29 1.53958e-282 7.50746e-29
6.307e-07 7.59058e-22 1.74865e-317 7.59058e-22
7.1922e-07 5.57349e-17 0 5.57349e-17
8.20164e-07 3.01109e-14 0 3.01109e-14
9.35276e-07 1.63646e-13 0 1.63646e-13
1.06654e-06 1.85663e-13 0 1.85663e-13
1.21623e-06 2.11343e-13 0 2.11343e-13
1.38694e-06 8.88302e-13 0 8.88302e-13
1.58159e-06 2.98819e-12 0 2.98819e-12
1.80357e-06 3.35437e-12 0 3.35437e-12
2.05671e-06 1.11883e-11 0 1.11883e-11
2.34537e-06 2.08134e-11 0 2.08134e-11
2.67455e-06 2.86404e-11 0 2.86404e-11
3.04993e-06 9.12841e-11 0 9.12841e-11
3.47799e-06 1.77995e-10 0 1.77995e-10
3.96614e-06 3.58867e-10 0 3.58867e-10
4.52279e-06 7.34107e-10 0 7.34107e-10
5.15757e-06 2.0795e-09 0 2.0795e-09
5.88145e-06 4.46226e-09 0 4.46226e-09
6.70692e-06 1.01565e-08 0 1.01565e-08
7.64825e-06 2.14008e-08 0 2.14008e-08
8.7217e-06 4.61774e-08 0 4.61774e-08
9.9458e-06 9.62101e-08 0 9.62101e-08
1.13417e-05 2.0369e-07 0 2.0369e-07
1.29335e-05 4.41119e-07 0 4.41119e-07
1.47488e-05 8.81875e-07 0 8.81875e-07
1.68188e-05 1.70756e-06 0 1.70756e-06
1.91794e-05 3.19499e-06 0 3.19499e-06
2.18712e-05 5.71598e-06 0 5.71598e-06
2.49409e-05 9.72667e-06 0 9.72667e-06
2.84414e-05 1.46305e-05 0 1.46305e-05
3.24332e-05 2.07975e-05 0 2.07975e-05
3.69853e-05 2.79964e-05 0 2.79964e-05
4.21762e-05 3.54036e-05 0 3.54036e-05
4.80957e-05 4.45795e-05 0 4.45795e-05
5.48461e-05 5.49234e-05 0 5.49234e-05
6.25438e-05 6.74473e-05 0 6.74473e-05
7.1322e-05 8.22689e-05 0 8.22689e-05
8.13321e-05 0.00010005 0 0.00010005
9.27472e-05 0.000124457 0 0.000124457
0.000105764 0.000150763 0 0.000150763
0.000120609 0.000178076 0 0.000178076
0.000137536 0.000222259 0 0.000222259
0.00015684 0.000267833 0 0.000267833
0.000178853 0.000320822 0 0.000320822
0.000203955 0.000371612 0 0.000371612
0.00023258 0.00044151 0 0.00044151
0.000265224 0.000534214 0 0.000534214
0.000302448 0.000609025 0 0.000609025
0.000344897 0.000668206 0 0.000668206
0.000393304 0.00075778 0 0.00075778
0.000448505 0.000759756 0 0.000759756
0.000511454 0.000679247 0 0.000679247
0.000583238 0.000500524 0 0.000500524
0.000665096 0.000346235 0 0.000346235
0.000758444 0.00017404 0 0.00017404
0.000864893 5.51145e-05 0 5.51145e-05
0.000986282 8.45786e-06 0 8.45786e-06
