2.22408e-09 0 1.2775e-17 0
2.56647e-09 0 2.73884e-18 0
2.96158e-09 0 6.0256e-18 0
3.41751e-09 0 6.85862e-18 0
3.94363e-09 0 8.10302e-18 0
4.55074e-09 0 9.62201e-18 0
5.25132e-09 0 1.17016e-17 0
6.05975e-09 0 1.48215e-17 0
6.99264e-09 0 1.80095e-17 0
8.06914e-09 0 2.2173e-17 0
9.31137e-09 0 2.64168e-17 0
1.07448e-08 0 3.36755e-17 0
1.2399e-08 0 4.19591e-17 0
1.43078e-08 0 5.22422e-17 0
1.65104e-08 0 6.15968e-17 0
1.90522e-08 0 7.78664e-17 0
2.19852e-08 0 1.01218e-16 0
2.53698e-08 0 1.19422e-16 0
2.92755e-08 0 1.46618e-16 0
3.37824e-08 0 1.82636e-16 0
3.89831e-08 0 2.36321e-16 0
4.49845e-08 0 2.85205e-16 0
5.19098e-08 0 3.36167e-16 0
5.99012e-08 0 4.05401e-16 0
6.91229e-08 0 4.75677e-16 0
7.97642e-08 0 5.31864e-16 0
9.20438e-08 0 5.70952e-16 0
1.06214e-07 6.46443e-302 5.89118e-16 6.46443e-302
1.22565e-07 1.03085e-264 5.98267e-16 1.03085e-264
1.41434e-07 4.31207e-230 4.35865e-16 4.31207e-230
1.63207e-07 4.73213e-198 2.68747e-16 4.73213e-198
1.88333e-07 1.36269e-168 1.25575e-16 1.36269e-168
2.17326e-07 1.03011e-141 3.82347e-17 1.03011e-141
2.50783e-07 2.04574e-117 4.43147e-18 2.04574e-117
2.89391e-07 1.06886e-95 6.06222e-21 1.06886e-95
3.33942e-07 1.47324e-76 2.8705e-26 1.47324e-76
3.85352e-07 5.38323e-60 3.80638e-34 5.38323e-60
4.44676e-07 5.26034e-46 1.35497e-44 5.26034e-46
5.13133e-07 1.39449e-34 1.27801e-57 1.39449e-34
5.92129e-07 1.02411e-25 3.17692e-73 1.02411e-25
6.83286e-07 2.13547e-19 2.07622e-91 2.13547e-19
7.88477e-07 1.28965e-15 3.56301e-112 1.28965e-15
9.09861e-07 2.66191e-14 1.60466e-135 2.66191e-14
1.04993e-06 4.59841e-14 1.89604e-161 4.59841e-14
1.21157e-06 3.37115e-14 5.87689e-190 3.37115e-14
1.39809e-06 1.20868e-13 4.77808e-221 1.20868e-13
1.61332e-06 5.75466e-13 1.01894e-254 5.75466e-13
1.86169e-06 6.09699e-13 5.69938e-291 6.09699e-13
2.14829e-06 2.79572e-12 0 2.79572e-12
2.47902e-06 3.67776e-12 0 3.67776e-12
2.86066e-06 7.83088e-12 0 7.83088e-12
3.30105e-06 2.19037e-11 0 2.19037e-11
3.80924e-06 5.02042e-11 0 5.02042e-11
4.39566e-06 1.09668e-10 0 1.09668e-10
5.07237e-06 3.02251e-10 0 3.02251e-10
5.85325e-06 7.32055e-10 0 7.32055e-10
6.75435e-06 1.76256e-09 0 1.76256e-09
7.79417e-06 3.88278e-09 0 3.88278e-09
8.99407e-06 8.99579e-09 0 8.99579e-09
1.03787e-05 1.98206e-08 0 1.98206e-08
1.19765e-05 4.65529e-08 0 4.65529e-08
1.38202e-05 1.03195e-07 0 1.03195e-07
1.59478e-05 2.16332e-07 0 2.16332e-07
1.8403e-05 4.31887e-07 0 4.31887e-07
2.12361e-05 8.15444e-07 0 8.15444e-07
2.45053e-05 1.47225e-06 0 1.47225e-06
2.82779e-05 2.3385e-06 0 2.3385e-06
3.26312e-05 3.44767e-06 0 3.44767e-06
3.76547e-05 4.72587e-06 0 4.72587e-06
4.34516e-05 6.02946e-06 0 6.02946e-06
5.01408e-05 7.70074e-06 0 7.70074e-06
5.78599e-05 9.56069e-06 0 9.56069e-06
6.67674e-05 1.19023e-05 0 1.19023e-05
7.70461e-05 1.51025e-05 0 1.51025e-05
8.89072e-05 1.88567e-05 0 1.88567e-05
0.000102594 2.35786e-05 0 2.35786e-05
0.000118388 2.79708e-05 0 2.79708e-05
0.000136614 3.56372e-05 0 3.56372e-05
0.000157646 4.38403e-05 0 4.38403e-05
0.000181915 5.63962e-05 0 5.63962e-05
0.00020992 6.75234e-05 0 6.75234e-05
0.000242237 8.032e-05 0 8.032e-05
0.000279529 0.000105459 0 0.000105459
0.000322562 0.000132234 0 0.000132234
0.00037222 0.000153621 0 0.000153621
0.000429523 0.000196433 0 0.000196433
0.000495647 0.000245588 0 0.000245588
0.000571951 0.00031102 0 0.00031102
0.000660002 0.00036918 0 0.00036918
0.000761608 0.000440193 0 0.000440193
0.000878856 0.000521969 0 0.000521969
0.00101415 0.000602274 0 0.000602274
0.00117028 0.000663502 0 0.000663502
0.00135044 0.000698988 0 0.000698988
0.00155834 0.000709394 0 0.000709394
0.00179825 0.000650927 0 0.000650927
0.00207508 0.000438917 0 0.000438917
0.00239454 0.000236345 0 0.000236345
0.00276317 8.59845e-05 0 8.59845e-05
0.00318856 2.49218e-05 0 2.49218e-05
