# Initial particle size distribution
# Case: mass_exponential_sampled
# Column 1: Radius (μm)
# Column 2: Number concentration (cm^-3)
#
2.224104e-03  4.551015e+08
2.452852e-03  4.788417e+08
2.705128e-03  4.718251e+08
2.983350e-03  4.676274e+08
3.290187e-03  4.654158e+08
3.628583e-03  4.761665e+08
4.001782e-03  4.863192e+08
4.413365e-03  4.751006e+08
4.867279e-03  4.764988e+08
5.367878e-03  4.651033e+08
5.919964e-03  4.633930e+08
6.528832e-03  4.482324e+08
7.200321e-03  4.592233e+08
7.940873e-03  4.493454e+08
8.757591e-03  4.346106e+08
9.658309e-03  4.298561e+08
1.065166e-02  4.305838e+08
1.174719e-02  4.026092e+08
1.295538e-02  3.717792e+08
1.428784e-02  3.484169e+08
1.575735e-02  3.125834e+08
1.737799e-02  2.694899e+08
1.916531e-02  2.265456e+08
2.113646e-02  1.766485e+08
2.331035e-02  1.237447e+08
2.570781e-02  7.994184e+07
2.835186e-02  4.362379e+07
3.126784e-02  1.951143e+07
3.448374e-02  6.611478e+06
