2.2241e-09 0 2.6667e-14 0 0
2.29479e-09 0 3.91444e-14 0 0
2.36771e-09 0 5.06776e-14 0 0
2.44296e-09 0 6.0421e-14 0 0
2.5206e-09 0 6.87806e-14 0 0
2.6007e-09 0 7.65358e-14 0 0
2.68335e-09 0 8.43129e-14 0 0
2.76863e-09 0 9.25178e-14 0 0
2.85662e-09 0 1.01395e-13 0 0
2.9474e-09 0 1.11134e-13 0 0
3.04107e-09 0 1.21932e-13 0 0
3.13772e-09 0 1.33912e-13 0 0
3.23743e-09 0 1.47095e-13 0 0
3.34032e-09 0 1.61528e-13 0 0
3.44648e-09 0 1.77459e-13 0 0
3.55601e-09 0 1.9531e-13 0 0
3.66902e-09 0 2.15414e-13 0 0
3.78562e-09 0 2.37883e-13 0 0
3.90593e-09 0 2.62803e-13 0 0
4.03006e-09 0 2.90289e-13 0 0
4.15813e-09 0 3.20155e-13 0 0
4.29028e-09 0 3.51767e-13 0 0
4.42662e-09 0 3.8454e-13 0 0
4.5673e-09 0 4.18885e-13 0 0
4.71245e-09 0 4.56733e-13 0 0
4.86221e-09 0 5.00579e-13 0 0
5.01674e-09 0 5.51426e-13 0 0
5.17617e-09 0 6.07663e-13 0 0
5.34067e-09 0 6.66523e-13 0 0
5.51039e-09 0 7.26944e-13 0 0
5.68552e-09 0 7.90748e-13 0 0
5.8662e-09 0 8.61101e-13 0 0
6.05263e-09 0 9.40343e-13 0 0
6.24498e-09 0 1.02907e-12 0 0
6.44345e-09 0 1.12677e-12 0 0
6.64822e-09 0 1.23362e-12 0 0
6.85951e-09 0 1.35195e-12 0 0
7.0775e-09 0 1.48561e-12 0 0
7.30243e-09 0 1.63674e-12 0 0
7.5345e-09 0 1.80288e-12 0 0
7.77395e-09 0 1.97836e-12 0 0
8.021e-09 0 2.15984e-12 0 0
8.27591e-09 0 2.34981e-12 0 0
8.53892e-09 0 2.55455e-12 0 0
8.81029e-09 0 2.78013e-12 0 0
9.09028e-09 0 3.03128e-12 0 0
9.37917e-09 0 3.31199e-12 0 0
9.67724e-09 0 3.62426e-12 0 0
9.98479e-09 0 3.96735e-12 0 0
1.03021e-08 0 4.34027e-12 0 0
1.06295e-08 0 4.7408e-12 0 0
1.09673e-08 0 5.16081e-12 0 0
1.13159e-08 0 5.59183e-12 0 0
1.16755e-08 0 6.03853e-12 0 0
1.20465e-08 0 6.51621e-12 0 0
1.24294e-08 0 7.03167e-12 0 0
1.28244e-08 0 7.57839e-12 0 0
1.32319e-08 0 8.15287e-12 0 0
1.36524e-08 0 8.76039e-12 0 0
1.40863e-08 0 9.40116e-12 0 0
1.4534e-08 0 1.00639e-11 0 0
1.49959e-08 0 1.07353e-11 0 0
1.54724e-08 0 1.14071e-11 0 0
1.59642e-08 0 1.20739e-11 0 0
1.64715e-08 0 1.27336e-11 0 0
1.6995e-08 0 1.3388e-11 0 0
1.75351e-08 0 1.40354e-11 0 0
1.80923e-08 0 1.46667e-11 0 0
1.86673e-08 0 1.52744e-11 0 0
1.92606e-08 0 1.58523e-11 0 0
1.98727e-08 0 1.63756e-11 0 0
2.05042e-08 0 1.68001e-11 0 0
2.11559e-08 0 1.70869e-11 0 0
2.18282e-08 0 1.72148e-11 0 0
2.25219e-08 0 1.71724e-11 0 0
2.32376e-08 0 1.69604e-11 0 0
2.39761e-08 0 1.65981e-11 0 0
2.47381e-08 0 1.61055e-11 0 0
2.55243e-08 0 1.54795e-11 0 0
2.63355e-08 0 1.46992e-11 0 0
2.71724e-08 0 1.3754e-11 0 0
2.80359e-08 0 1.26584e-11 0 0
2.89269e-08 0 1.14482e-11 0 0
2.98462e-08 0 1.01681e-11 0 0
3.07947e-08 0 8.86303e-12 0 0
3.17734e-08 0 7.56953e-12 0 0
3.27832e-08 0 6.31475e-12 0 0
3.3825e-08 0 5.11951e-12 0 0
3.49e-08 0 3.99574e-12 0 0
3.60091e-08 0 2.94779e-12 0 0
3.71535e-08 0 1.99545e-12 0 0
3.83342e-08 0 1.19438e-12 0 0
3.95525e-08 0 6.09233e-13 0 0
4.08095e-08 0 2.56683e-13 0 0
4.21064e-08 0 8.72127e-14 0 0
4.34446e-08 0 2.34824e-14 0 0
4.48252e-08 0 4.94827e-15 0 0
4.62498e-08 0 8.08771e-16 0 0
4.77196e-08 0 1.0187e-16 0 0
4.92361e-08 0 9.84126e-18 0 0
