2.22408e-09 0 2.6181e-15 0
2.47372e-09 0 1.72436e-15 0
2.75137e-09 0 7.87559e-16 0
3.06019e-09 0 4.74426e-16 0
3.40368e-09 0 2.61628e-16 0
3.78571e-09 0 1.29437e-16 0
4.21063e-09 0 5.02009e-17 0
4.68324e-09 0 1.44291e-17 0
5.2089e-09 0 2.91858e-18 0
5.79356e-09 0 3.48594e-19 0
6.44384e-09 0 2.03044e-20 0
7.16711e-09 0 4.90233e-22 0
7.97156e-09 0 4.41208e-24 0
8.86631e-09 0 1.40289e-26 0
9.86148e-09 8.55475e-310 1.53898e-29 8.55475e-310
1.09684e-08 2.57566e-293 5.76594e-33 2.57566e-293
1.21995e-08 2.62791e-277 7.34594e-37 2.62791e-277
1.35688e-08 9.08596e-262 3.17644e-41 9.08596e-262
1.50918e-08 1.06456e-246 4.65781e-46 1.06456e-246
1.67857e-08 4.22681e-232 2.31529e-51 4.22681e-232
1.86698e-08 5.68713e-218 3.90063e-57 5.68713e-218
2.07653e-08 2.59307e-204 2.22708e-63 2.59307e-204
2.3096e-08 4.00658e-191 4.30912e-70 4.00658e-191
2.56884e-08 2.09785e-178 2.82546e-77 2.09785e-178
2.85717e-08 3.72233e-166 6.27817e-85 3.72233e-166
3.17787e-08 2.23818e-154 4.72735e-93 2.23818e-154
3.53456e-08 4.56052e-143 1.20627e-101 4.56052e-143
3.93128e-08 3.14901e-132 1.04306e-110 3.14901e-132
4.37254e-08 7.3684e-122 3.05643e-120 7.3684e-122
4.86332e-08 5.84269e-112 3.03501e-130 5.84269e-112
5.4092e-08 1.56997e-102 1.02128e-140 1.56997e-102
6.01634e-08 1.42959e-93 1.16459e-151 1.42959e-93
6.69162e-08 4.41134e-85 4.50025e-163 4.41134e-85
7.44271e-08 4.61285e-77 5.89307e-175 4.61285e-77
8.27809e-08 1.63459e-69 2.61509e-187 1.63459e-69
9.20724e-08 1.96285e-62 3.93253e-200 1.96285e-62
1.02407e-07 7.98739e-56 2.00399e-213 7.98739e-56
1.13901e-07 1.10145e-49 3.46067e-227 1.10145e-49
1.26686e-07 5.14709e-44 2.02519e-241 5.14709e-44
1.40905e-07 8.15078e-39 4.01615e-256 8.15078e-39
1.56721e-07 4.37399e-34 2.69894e-271 4.37399e-34
1.74312e-07 7.95417e-30 6.14636e-287 7.95417e-30
1.93877e-07 4.90177e-26 4.74331e-303 4.90177e-26
2.15638e-07 1.02365e-22 1.24045e-319 1.02365e-22
2.39841e-07 7.24415e-20 0 7.24415e-20
2.66762e-07 1.73726e-17 0 1.73726e-17
2.96704e-07 1.41183e-15 0 1.41183e-15
3.30007e-07 3.88811e-14 0 3.88811e-14
3.67047e-07 3.62857e-13 0 3.62857e-13
4.08245e-07 1.14755e-12 0 1.14755e-12
4.54068e-07 1.22984e-12 0 1.22984e-12
5.05033e-07 4.46648e-13 0 4.46648e-13
5.6172e-07 5.49695e-14 0 5.49695e-14
6.24768e-07 2.29254e-15 0 2.29254e-15
6.94894e-07 3.24006e-17 0 3.24006e-17
7.7289e-07 1.55178e-19 0 1.55178e-19
8.59641e-07 2.51854e-22 0 2.51854e-22
9.56129e-07 1.26526e-23 0 1.26526e-23
1.06345e-06 2.35684e-20 0 2.35684e-20
1.18281e-06 1.50756e-17 0 1.50756e-17
1.31557e-06 3.28856e-15 0 3.28856e-15
1.46324e-06 2.47428e-13 0 2.47428e-13
1.62747e-06 6.61573e-12 0 6.61573e-12
1.81014e-06 6.7398e-11 0 6.7398e-11
2.01332e-06 2.97273e-10 0 2.97273e-10
2.2393e-06 6.91267e-10 0 6.91267e-10
2.49064e-06 1.22268e-09 0 1.22268e-09
2.7702e-06 2.07568e-09 0 2.07568e-09
3.08113e-06 3.03529e-09 0 3.03529e-09
3.42696e-06 5.73779e-09 0 5.73779e-09
3.81161e-06 1.30928e-08 0 1.30928e-08
4.23944e-06 2.59991e-08 0 2.59991e-08
4.71528e-06 5.02642e-08 0 5.02642e-08
5.24454e-06 9.01666e-08 0 9.01666e-08
5.83319e-06 1.64199e-07 0 1.64199e-07
6.48792e-06 3.32264e-07 0 3.32264e-07
7.21614e-06 6.37986e-07 0 6.37986e-07
8.0261e-06 1.17489e-06 0 1.17489e-06
8.92697e-06 2.10185e-06 0 2.10185e-06
9.92895e-06 3.93345e-06 0 3.93345e-06
1.10434e-05 7.6018e-06 0 7.6018e-06
1.22829e-05 1.35805e-05 0 1.35805e-05
1.36616e-05 2.27399e-05 0 2.27399e-05
1.5195e-05 3.87239e-05 0 3.87239e-05
1.69005e-05 6.77988e-05 0 6.77988e-05
1.87975e-05 0.000119552 0 0.000119552
2.09074e-05 0.000208308 0 0.000208308
2.32541e-05 0.000343424 0 0.000343424
2.58641e-05 0.000539345 0 0.000539345
2.87672e-05 0.000784116 0 0.000784116
3.19961e-05 0.00102169 0 0.00102169
3.55874e-05 0.00120622 0 0.00120622
3.95818e-05 0.00130681 0 0.00130681
4.40246e-05 0.00126408 0 0.00126408
4.8966e-05 0.00104308 0 0.00104308
5.4462e-05 0.000704982 0 0.000704982
6.0575e-05 0.000399551 0 0.000399551
6.73741e-05 0.000200781 0 0.000200781
7.49363e-05 9.26098e-05 0 9.26098e-05
8.33473e-05 3.59189e-05 0 3.59189e-05
