2.22408e-09 0 5.69784e-15 0
2.46844e-09 0 1.17954e-15 0
2.73964e-09 0 1.04647e-17 0
3.04064e-09 0 3.97874e-21 0
3.37471e-09 0 6.48297e-26 0
3.74548e-09 0 4.52699e-32 0
4.15699e-09 0 1.35473e-39 0
4.61371e-09 0 1.73742e-48 0
5.12061e-09 0 9.54915e-59 0
5.6832e-09 0 2.24922e-70 0
6.3076e-09 0 2.27043e-83 0
7.00061e-09 0 9.8218e-98 0
7.76975e-09 0 1.82088e-113 0
8.6234e-09 0 1.44671e-130 0
9.57083e-09 0 4.92594e-149 0
1.06224e-08 0 7.18794e-169 0
1.17894e-08 0 4.49498e-190 0
1.30847e-08 0 1.20464e-212 0
1.45223e-08 0 1.38356e-236 0
1.61178e-08 0 6.80996e-262 0
1.78887e-08 0 1.43648e-288 0
1.98541e-08 0 1.30164e-316 0
2.20354e-08 0 0 0
2.44564e-08 0 0 0
2.71434e-08 0 0 0
3.01255e-08 0 0 0
3.34354e-08 0 0 0
3.71089e-08 0 0 0
4.11859e-08 0 0 0
4.5711e-08 0 0 0
5.07331e-08 0 0 0
5.63071e-08 1.56493e-306 0 1.56493e-306
6.24934e-08 6.76144e-279 0 6.76144e-279
6.93595e-08 1.25197e-252 0 1.25197e-252
7.69799e-08 9.93467e-228 0 9.93467e-228
8.54375e-08 3.37849e-204 0 3.37849e-204
9.48244e-08 4.92379e-182 0 4.92379e-182
1.05243e-07 3.07527e-161 0 3.07527e-161
1.16805e-07 8.23146e-142 0 8.23146e-142
1.29639e-07 9.44229e-124 0 9.44229e-124
1.43882e-07 4.6418e-107 0 4.6418e-107
1.5969e-07 9.77918e-92 0 9.77918e-92
1.77234e-07 8.82932e-78 0 8.82932e-78
1.96707e-07 3.41633e-65 0 3.41633e-65
2.18319e-07 5.665e-54 0 5.665e-54
2.42305e-07 4.02577e-44 0 4.02577e-44
2.68927e-07 1.22604e-35 0 1.22604e-35
2.98473e-07 1.60018e-28 0 1.60018e-28
3.31266e-07 8.95038e-23 0 8.95038e-23
3.67661e-07 2.14547e-18 0 2.14547e-18
4.08055e-07 2.20399e-15 0 2.20399e-15
4.52888e-07 9.70367e-14 0 9.70367e-14
5.02646e-07 1.88718e-13 0 1.88718e-13
5.5787e-07 2.18256e-13 0 2.18256e-13
6.19162e-07 3.33113e-13 0 3.33113e-13
6.87189e-07 4.82468e-13 0 4.82468e-13
7.62689e-07 6.57209e-13 0 6.57209e-13
8.46484e-07 2.96308e-12 0 2.96308e-12
9.39485e-07 6.36049e-12 0 6.36049e-12
1.0427e-06 8.97082e-12 0 8.97082e-12
1.15726e-06 8.51865e-12 0 8.51865e-12
1.28441e-06 1.64471e-11 0 1.64471e-11
1.42553e-06 3.95738e-11 0 3.95738e-11
1.58215e-06 9.1477e-11 0 9.1477e-11
1.75597e-06 1.04352e-10 0 1.04352e-10
1.9489e-06 1.93513e-10 0 1.93513e-10
2.16302e-06 4.03236e-10 0 4.03236e-10
2.40067e-06 8.14932e-10 0 8.14932e-10
2.66443e-06 1.49948e-09 0 1.49948e-09
2.95716e-06 2.63649e-09 0 2.63649e-09
3.28206e-06 4.69705e-09 0 4.69705e-09
3.64265e-06 9.08533e-09 0 9.08533e-09
4.04287e-06 1.80653e-08 0 1.80653e-08
4.48705e-06 3.10227e-08 0 3.10227e-08
4.98003e-06 6.35678e-08 0 6.35678e-08
5.52718e-06 1.10096e-07 0 1.10096e-07
6.13444e-06 2.01979e-07 0 2.01979e-07
6.80842e-06 3.85514e-07 0 3.85514e-07
7.55644e-06 7.24349e-07 0 7.24349e-07
8.38666e-06 1.38319e-06 0 1.38319e-06
9.30808e-06 2.5117e-06 0 2.5117e-06
1.03307e-05 4.59257e-06 0 4.59257e-06
1.14658e-05 8.33569e-06 0 8.33569e-06
1.27255e-05 1.5321e-05 0 1.5321e-05
1.41236e-05 2.77813e-05 0 2.77813e-05
1.56753e-05 5.02585e-05 0 5.02585e-05
1.73976e-05 9.06137e-05 0 9.06137e-05
1.9309e-05 0.000156487 0 0.000156487
2.14304e-05 0.000262326 0 0.000262326
2.3785e-05 0.000433833 0 0.000433833
2.63982e-05 0.000672911 0 0.000672911
2.92985e-05 0.000971874 0 0.000971874
3.25175e-05 0.00129367 0 0.00129367
3.60901e-05 0.00153055 0 0.00153055
4.00552e-05 0.00153251 0 0.00153251
4.4456e-05 0.00126246 0 0.00126246
4.93403e-05 0.000790938 0 0.000790938
5.47613e-05 0.000340187 0 0.000340187
6.07778e-05 9.19253e-05 0 9.19253e-05
6.74553e-05 1.36806e-05 0 1.36806e-05
