2.22408e-09 0 5.1773e-16 0
2.50812e-09 0 1.06993e-16 0
2.82844e-09 0 2.72266e-16 0
3.18967e-09 0 2.45155e-16 0
3.59703e-09 0 2.80123e-16 0
4.05642e-09 0 3.22433e-16 0
4.57448e-09 0 3.66807e-16 0
5.1587e-09 0 4.19238e-16 0
5.81753e-09 0 4.76861e-16 0
6.5605e-09 0 5.35194e-16 0
7.39836e-09 0 5.9394e-16 0
8.34323e-09 0 6.21197e-16 0
9.40877e-09 0 6.11063e-16 0
1.06104e-08 0 5.66836e-16 0
1.19655e-08 0 4.25954e-16 0
1.34936e-08 0 3.02338e-16 0
1.52169e-08 0 1.80466e-16 0
1.71603e-08 0 7.18423e-17 0
1.93519e-08 0 1.65989e-17 0
2.18234e-08 0 2.82165e-18 0
2.46105e-08 0 3.30186e-19 0
2.77536e-08 0 4.19441e-21 0
3.12981e-08 0 1.03189e-24 0
3.52952e-08 0 3.96416e-30 0
3.98029e-08 0 2.32175e-37 0
4.48862e-08 0 2.06585e-46 0
5.06188e-08 0 2.79102e-57 0
5.70835e-08 4.49898e-303 5.72492e-70 4.49898e-303
6.43737e-08 1.54664e-271 1.78284e-84 1.54664e-271
7.25951e-08 8.07238e-242 8.42931e-101 8.07238e-242
8.18664e-08 6.39661e-214 6.05073e-119 6.39661e-214
9.23218e-08 7.69544e-188 6.59416e-139 7.69544e-188
1.04112e-07 1.40557e-163 1.09106e-160 1.40557e-163
1.17409e-07 3.89771e-141 2.74076e-184 3.89771e-141
1.32404e-07 1.64097e-120 1.04527e-209 1.64097e-120
1.49313e-07 1.04889e-101 6.05237e-237 1.04889e-101
1.68382e-07 1.01787e-84 5.32056e-266 1.01787e-84
1.89887e-07 1.49966e-69 7.10108e-297 1.49966e-69
2.14138e-07 3.3545e-56 0 3.3545e-56
2.41486e-07 1.1392e-44 0 1.1392e-44
2.72327e-07 5.87364e-35 0 5.87364e-35
3.07107e-07 4.59781e-27 0 4.59781e-27
3.46328e-07 5.46425e-21 0 5.46425e-21
3.90559e-07 9.85931e-17 0 9.85931e-17
4.40438e-07 2.70083e-14 0 2.70083e-14
4.96688e-07 1.12327e-13 0 1.12327e-13
5.60121e-07 7.09266e-15 0 7.09266e-15
6.31656e-07 7.04413e-18 0 7.04413e-18
7.12326e-07 2.05662e-15 0 2.05662e-15
8.03299e-07 3.2155e-13 0 3.2155e-13
9.05891e-07 1.37107e-12 0 1.37107e-12
1.02159e-06 2.52797e-12 0 2.52797e-12
1.15205e-06 1.24903e-12 0 1.24903e-12
1.29919e-06 1.43869e-12 0 1.43869e-12
1.46511e-06 3.35529e-12 0 3.35529e-12
1.65222e-06 1.57739e-11 0 1.57739e-11
1.86323e-06 3.54002e-11 0 3.54002e-11
2.10119e-06 4.68391e-11 0 4.68391e-11
2.36954e-06 1.14369e-10 0 1.14369e-10
2.67216e-06 2.58246e-10 0 2.58246e-10
3.01343e-06 4.5124e-10 0 4.5124e-10
3.39828e-06 9.86472e-10 0 9.86472e-10
3.83229e-06 2.33063e-09 0 2.33063e-09
4.32172e-06 4.55642e-09 0 4.55642e-09
4.87366e-06 9.60891e-09 0 9.60891e-09
5.49609e-06 1.8535e-08 0 1.8535e-08
6.19801e-06 3.55544e-08 0 3.55544e-08
6.98957e-06 7.17881e-08 0 7.17881e-08
7.88223e-06 1.51791e-07 0 1.51791e-07
8.88889e-06 3.10754e-07 0 3.10754e-07
1.00241e-05 6.25988e-07 0 6.25988e-07
1.13043e-05 1.24586e-06 0 1.24586e-06
1.2748e-05 2.43936e-06 0 2.43936e-06
1.43761e-05 4.77623e-06 0 4.77623e-06
1.62121e-05 9.04852e-06 0 9.04852e-06
1.82826e-05 1.65293e-05 0 1.65293e-05
2.06176e-05 2.90334e-05 0 2.90334e-05
2.32507e-05 4.8176e-05 0 4.8176e-05
2.62201e-05 7.44222e-05 0 7.44222e-05
2.95687e-05 0.000107317 0 0.000107317
3.3345e-05 0.000145805 0 0.000145805
3.76036e-05 0.000190868 0 0.000190868
4.24061e-05 0.00023564 0 0.00023564
4.78219e-05 0.000287113 0 0.000287113
5.39294e-05 0.000349056 0 0.000349056
6.08168e-05 0.000408529 0 0.000408529
6.85839e-05 0.000475187 0 0.000475187
7.7343e-05 0.000563554 0 0.000563554
8.72207e-05 0.000638078 0 0.000638078
9.83598e-05 0.000715662 0 0.000715662
0.000110922 0.000784544 0 0.000784544
0.000125088 0.000793802 0 0.000793802
0.000141063 0.000759672 0 0.000759672
0.000159079 0.000653085 0 0.000653085
0.000179395 0.000464078 0 0.000464078
0.000202306 0.000318429 0 0.000318429
0.000228143 0.000153464 0 0.000153464
0.00025728 4.78135e-05 0 4.78135e-05
0.000290138 9.15027e-06 0 9.15027e-06
0.000327192 1.24071e-06 0 1.24071e-06
