2.22408e-09 0 7.99164e-17 0
2.53713e-09 0 1.60677e-17 0
2.89425e-09 0 4.08673e-17 0
3.30163e-09 0 4.11461e-17 0
3.76636e-09 0 4.79398e-17 0
4.2965e-09 0 5.61099e-17 0
4.90126e-09 0 6.71984e-17 0
5.59114e-09 0 8.05807e-17 0
6.37813e-09 0 9.54357e-17 0
7.27589e-09 0 1.161e-16 0
8.30001e-09 0 1.42779e-16 0
9.46829e-09 0 1.73466e-16 0
1.0801e-08 0 2.11373e-16 0
1.23213e-08 0 2.47274e-16 0
1.40556e-08 0 3.04353e-16 0
1.6034e-08 0 3.63557e-16 0
1.82909e-08 0 4.17209e-16 0
2.08655e-08 0 4.72153e-16 0
2.38024e-08 0 5.51231e-16 0
2.71528e-08 0 5.88962e-16 0
3.09747e-08 0 6.06719e-16 0
3.53346e-08 0 5.86918e-16 0
4.03081e-08 0 4.67662e-16 0
4.59817e-08 0 3.17581e-16 0
5.24539e-08 0 1.82128e-16 0
5.98372e-08 2.63207e-291 7.35385e-17 2.63207e-291
6.82596e-08 1.25177e-257 1.75839e-17 1.25177e-257
7.78676e-08 3.90323e-226 1.82304e-18 3.90323e-226
8.88279e-08 7.97983e-197 1.4159e-20 7.97983e-197
1.01331e-07 1.06963e-169 1.09304e-24 1.06963e-169
1.15594e-07 9.40037e-145 5.74023e-31 9.40037e-145
1.31864e-07 5.4166e-122 1.98389e-39 5.4166e-122
1.50425e-07 2.04635e-101 4.49744e-50 2.04635e-101
1.71598e-07 5.06878e-83 6.68508e-63 5.06878e-83
1.95752e-07 8.23185e-67 6.51511e-78 8.23185e-67
2.23305e-07 8.76522e-53 4.16302e-95 8.76522e-53
2.54737e-07 6.11926e-41 1.74408e-114 6.11926e-41
2.90593e-07 2.80095e-31 4.79065e-136 2.80095e-31
3.31495e-07 8.40589e-24 8.62766e-160 8.40589e-24
3.78155e-07 1.65399e-18 1.01874e-185 1.65399e-18
4.31383e-07 2.13379e-15 7.88685e-214 2.13379e-15
4.92103e-07 1.80485e-14 4.00327e-244 1.80485e-14
5.61369e-07 1.00093e-15 1.33229e-276 1.00093e-15
6.40386e-07 4.82518e-19 2.90704e-311 4.82518e-19
7.30524e-07 1.17379e-15 0 1.17379e-15
8.3335e-07 1.06009e-13 0 1.06009e-13
9.50649e-07 3.15477e-13 0 3.15477e-13
1.08446e-06 3.30582e-13 0 3.30582e-13
1.2371e-06 4.52765e-13 0 4.52765e-13
1.41123e-06 2.91196e-13 0 2.91196e-13
1.60987e-06 2.71816e-12 0 2.71816e-12
1.83647e-06 5.77009e-12 0 5.77009e-12
2.09497e-06 8.66044e-12 0 8.66044e-12
2.38984e-06 2.25455e-11 0 2.25455e-11
2.72623e-06 4.22909e-11 0 4.22909e-11
3.10996e-06 9.28763e-11 0 9.28763e-11
3.54771e-06 2.36513e-10 0 2.36513e-10
4.04707e-06 5.18532e-10 0 5.18532e-10
4.61672e-06 1.06903e-09 0 1.06903e-09
5.26655e-06 2.53733e-09 0 2.53733e-09
6.00785e-06 5.02697e-09 0 5.02697e-09
6.8535e-06 1.06367e-08 0 1.06367e-08
7.81817e-06 2.46634e-08 0 2.46634e-08
8.91862e-06 5.3456e-08 0 5.3456e-08
1.0174e-05 1.1293e-07 0 1.1293e-07
1.1606e-05 2.37836e-07 0 2.37836e-07
1.32396e-05 4.93745e-07 0 4.93745e-07
1.51032e-05 1.0004e-06 0 1.0004e-06
1.72291e-05 1.98948e-06 0 1.98948e-06
1.96542e-05 3.71453e-06 0 3.71453e-06
2.24206e-05 6.58754e-06 0 6.58754e-06
2.55765e-05 1.06886e-05 0 1.06886e-05
2.91765e-05 1.60865e-05 0 1.60865e-05
3.32833e-05 2.23881e-05 0 2.23881e-05
3.79681e-05 2.96761e-05 0 2.96761e-05
4.33123e-05 3.72962e-05 0 3.72962e-05
4.94088e-05 4.73566e-05 0 4.73566e-05
5.63634e-05 5.74598e-05 0 5.74598e-05
6.42969e-05 7.11041e-05 0 7.11041e-05
7.33471e-05 8.57413e-05 0 8.57413e-05
8.36711e-05 0.00010685 0 0.00010685
9.54484e-05 0.000126123 0 0.000126123
0.000108883 0.000158072 0 0.000158072
0.000124209 0.000190993 0 0.000190993
0.000141693 0.000236682 0 0.000236682
0.000161637 0.000279933 0 0.000279933
0.000184388 0.000336853 0 0.000336853
0.000210342 0.000408699 0 0.000408699
0.000239949 0.000482635 0 0.000482635
0.000273723 0.000540053 0 0.000540053
0.000312251 0.000633101 0 0.000633101
0.000356202 0.000691107 0 0.000691107
0.00040634 0.000724524 0 0.000724524
0.000463535 0.000731172 0 0.000731172
0.00052878 0.000623717 0 0.000623717
0.000603209 0.000452699 0 0.000452699
0.000688115 0.00027416 0 0.00027416
0.000784971 0.000128829 0 0.000128829
0.00089546 3.93658e-05 0 3.93658e-05
0.0010215 5.81835e-06 0 5.81835e-06
