2.22408e-09 0 2.97583e-16 0 0
2.5037e-09 0 2.30866e-16 0 0
2.81847e-09 0 2.1929e-16 0 0
3.17282e-09 0 2.42785e-16 0 0
3.57171e-09 0 2.66193e-16 0 0
4.02076e-09 0 3.11957e-16 0 0
4.52626e-09 0 3.82489e-16 0 0
5.09531e-09 0 4.3816e-16 0 0
5.73591e-09 0 4.78096e-16 0 0
6.45705e-09 0 5.28277e-16 0 0
7.26884e-09 0 5.84665e-16 0 0
8.1827e-09 0 6.25248e-16 0 0
9.21146e-09 0 6.11149e-16 0 0
1.03695e-08 0 5.50384e-16 0 0
1.16732e-08 0 4.60533e-16 0 0
1.31408e-08 0 3.34421e-16 0 0
1.47929e-08 0 2.04726e-16 0 0
1.66527e-08 0 1.03378e-16 0 0
1.87464e-08 0 3.74932e-17 0 0
2.11032e-08 0 7.94038e-18 0 0
2.37564e-08 0 7.44363e-19 0 0
2.67431e-08 0 2.41555e-20 0 0
3.01053e-08 0 2.36213e-22 0 0
3.38902e-08 0 6.49644e-25 0 0
3.8151e-08 0 4.85089e-28 0 0
4.29475e-08 0 9.65667e-32 0 0
4.83469e-08 1.24792e-315 5.07731e-36 1.24792e-315 0
5.44252e-08 4.43797e-297 7.01736e-41 4.43797e-297 0
6.12677e-08 4.1281e-279 2.5433e-46 4.1281e-279 0
6.89705e-08 1.00434e-261 2.41418e-52 1.00434e-261 0
7.76417e-08 6.39118e-245 5.99808e-59 6.39118e-245 0
8.7403e-08 1.06377e-228 3.89927e-66 1.06377e-228 0
9.83915e-08 4.63104e-213 6.63142e-74 4.63104e-213 0
1.10762e-07 5.27324e-198 2.95014e-82 5.27324e-198 0
1.24687e-07 1.57052e-183 3.43298e-91 1.57052e-183 0
1.40363e-07 1.22342e-169 1.04491e-100 1.22342e-169 0
1.5801e-07 2.49272e-156 8.31883e-111 2.49272e-156 0
1.77875e-07 1.32843e-143 1.73227e-121 1.32843e-143 0
2.00238e-07 1.85169e-131 9.43492e-133 1.85169e-131 0
2.25413e-07 6.75099e-120 1.34409e-144 6.75099e-120 0
2.53752e-07 6.43773e-109 5.00825e-157 6.43773e-109 0
2.85654e-07 1.6057e-98 4.88102e-170 1.6057e-98 0
3.21568e-07 1.04752e-88 1.24423e-183 1.04752e-88 0
3.61996e-07 1.78742e-79 8.29584e-198 1.78742e-79 0
4.07507e-07 7.97735e-71 1.44672e-212 7.97735e-71 0
4.5874e-07 9.3123e-63 6.59898e-228 9.3123e-63 0
5.16415e-07 2.8433e-55 7.8729e-244 2.8433e-55 0
5.8134e-07 2.27067e-48 2.45674e-260 2.27067e-48 0
6.54427e-07 4.74303e-42 2.00517e-277 4.74303e-42 0
7.36704e-07 2.59137e-36 4.28064e-295 2.59137e-36 0
8.29324e-07 3.70328e-31 2.3902e-313 3.70328e-31 0
9.33589e-07 1.38439e-26 0 1.38439e-26 0
1.05096e-06 1.35402e-22 0 1.35402e-22 0
1.18309e-06 3.46671e-19 0 3.46671e-19 0
1.33183e-06 2.32686e-16 0 2.32686e-16 0
1.49928e-06 4.11085e-14 0 4.11085e-14 0
1.68777e-06 1.93255e-12 0 1.93255e-12 0
1.89996e-06 2.48854e-11 0 2.48854e-11 0
2.13883e-06 9.51116e-11 0 9.51116e-11 0
2.40773e-06 1.44844e-10 0 1.44844e-10 0
2.71044e-06 2.48525e-10 0 2.48525e-10 0
3.0512e-06 7.89521e-10 0 7.89521e-10 0
3.4348e-06 1.8966e-09 0 1.8966e-09 0
3.86664e-06 3.49638e-09 0 3.49638e-09 0
4.35276e-06 6.10441e-09 0 6.10441e-09 0
4.9e-06 1.13188e-08 0 1.13188e-08 0
5.51605e-06 2.30851e-08 0 2.30851e-08 0
6.20954e-06 4.34768e-08 0 4.34768e-08 0
6.99022e-06 8.49667e-08 0 8.49667e-08 0
7.86905e-06 1.63951e-07 0 1.63951e-07 0
8.85837e-06 3.2374e-07 0 3.2374e-07 0
9.97207e-06 6.19637e-07 0 6.19637e-07 0
1.12258e-05 1.20529e-06 0 1.20529e-06 0
1.26371e-05 2.41659e-06 0 2.41659e-06 0
1.42259e-05 4.94376e-06 0 4.94376e-06 0
1.60144e-05 9.38652e-06 0 9.38652e-06 0
1.80278e-05 1.61481e-05 0 1.61481e-05 0
2.02943e-05 2.70628e-05 0 2.70628e-05 0
2.28458e-05 4.54297e-05 0 4.54297e-05 0
2.5718e-05 6.89174e-05 0 6.89174e-05 0
2.89513e-05 9.62515e-05 0 9.62515e-05 0
3.25912e-05 0.000132226 0 0.000132226 0
3.66886e-05 0.000177676 0 0.000177676 0
4.13012e-05 0.000222387 0 0.000222387 0
4.64937e-05 0.000259949 0 0.000259949 0
5.23391e-05 0.00031342 0 0.00031342 0
5.89193e-05 0.000399401 0 0.000399401 0
6.63268e-05 0.000494517 0 0.000494517 0
7.46656e-05 0.000563765 0 0.000563765 0
8.40527e-05 0.000620887 0 0.000620887 0
9.46201e-05 0.000689637 0 0.000689637 0
0.000106516 0.00077905 0 0.00077905 0
0.000119907 0.00082547 0 0.00082547 0
0.000134983 0.00077627 0 0.00077627 0
0.000151953 0.00067993 0 0.00067993 0
0.000171057 0.000551341 0 0.000551341 0
0.000192563 0.000381715 0 0.000381715 0
0.000216772 0.000226676 0 0.000226676 0
0.000244025 0.000109897 0 0.000109897 0
0.000274705 3.56334e-05 0 3.56334e-05 0
