2.22408e-09 0 3.27255e-15 0 0
2.46739e-09 0 1.95473e-15 0 0
2.73731e-09 0 4.16574e-16 0 0
3.03676e-09 0 3.16737e-17 0 0
3.36897e-09 0 8.5923e-19 0 0
3.73753e-09 0 8.31616e-21 0 0
4.1464e-09 0 2.8717e-23 0 0
4.6e-09 0 3.538e-26 0 0
5.10323e-09 0 1.55518e-29 0 0
5.6615e-09 0 2.43896e-33 0 0
6.28085e-09 0 1.36468e-37 0 0
6.96796e-09 0 2.72435e-42 0 0
7.73023e-09 0 1.94042e-47 0 0
8.57589e-09 0 4.93098e-53 0 0
9.51406e-09 0 4.47067e-59 0 0
1.05549e-08 0 1.44616e-65 0 0
1.17095e-08 0 1.66901e-72 0 0
1.29905e-08 0 6.8724e-80 0 0
1.44116e-08 0 1.00962e-87 0 0
1.59882e-08 0 5.29192e-96 0 0
1.77373e-08 0 9.89624e-105 0 0
1.96777e-08 0 6.60283e-114 0 0
2.18303e-08 0 1.57178e-123 0 0
2.42185e-08 0 1.33493e-133 0 0
2.68679e-08 0 4.04508e-144 0 0
2.98072e-08 0 4.3732e-155 0 0
3.3068e-08 0 1.68684e-166 0 0
3.66855e-08 0 2.3214e-178 0 0
4.06988e-08 0 1.13981e-190 0 0
4.51511e-08 0 1.99671e-203 0 0
5.00904e-08 1.2532e-309 1.24796e-216 1.2532e-309 0
5.55701e-08 1.73496e-293 2.78285e-230 1.73496e-293 0
6.16493e-08 8.56962e-278 2.21402e-244 8.56962e-278 0
6.83936e-08 1.51021e-262 6.28459e-259 1.51021e-262 0
7.58756e-08 9.49543e-248 6.36465e-274 9.49543e-248 0
8.41761e-08 2.13008e-233 2.29972e-289 2.13008e-233 0
9.33847e-08 1.70482e-219 2.96469e-305 1.70482e-219 0
1.03601e-07 4.86817e-206 0 4.86817e-206 0
1.14934e-07 4.9597e-193 0 4.9597e-193 0
1.27508e-07 1.8028e-180 0 1.8028e-180 0
1.41456e-07 2.33799e-168 0 2.33799e-168 0
1.56931e-07 1.08179e-156 0 1.08179e-156 0
1.74099e-07 1.78584e-145 0 1.78584e-145 0
1.93145e-07 1.05183e-134 0 1.05183e-134 0
2.14274e-07 2.21031e-124 0 2.21031e-124 0
2.37715e-07 1.65716e-114 0 1.65716e-114 0
2.6372e-07 4.43279e-105 0 4.43279e-105 0
2.9257e-07 4.23051e-96 0 4.23051e-96 0
3.24577e-07 1.44049e-87 0 1.44049e-87 0
3.60084e-07 1.74998e-79 0 1.74998e-79 0
3.99476e-07 7.58505e-72 0 7.58505e-72 0
4.43177e-07 1.17297e-64 0 1.17297e-64 0
4.9166e-07 6.47168e-58 0 6.47168e-58 0
5.45445e-07 1.27395e-51 0 1.27395e-51 0
6.05115e-07 8.94727e-46 0 8.94727e-46 0
6.71313e-07 2.24201e-40 0 2.24201e-40 0
7.44752e-07 2.00446e-35 0 2.00446e-35 0
8.26225e-07 6.3942e-31 0 6.3942e-31 0
9.16612e-07 7.27848e-27 0 7.27848e-27 0
1.01689e-06 2.95701e-23 0 2.95701e-23 0
1.12813e-06 4.28989e-20 0 4.28989e-20 0
1.25154e-06 2.22518e-17 0 2.22518e-17 0
1.38846e-06 4.13936e-15 0 4.13936e-15 0
1.54035e-06 2.7818e-13 0 2.7818e-13 0
1.70886e-06 6.87207e-12 0 6.87207e-12 0
1.8958e-06 6.50594e-11 0 6.50594e-11 0
2.1032e-06 2.64e-10 0 2.64e-10 0
2.33328e-06 6.40279e-10 0 6.40279e-10 0
2.58853e-06 1.50169e-09 0 1.50169e-09 0
2.87171e-06 3.12804e-09 0 3.12804e-09 0
3.18586e-06 5.55009e-09 0 5.55009e-09 0
3.53438e-06 9.61534e-09 0 9.61534e-09 0
3.92103e-06 1.66593e-08 0 1.66593e-08 0
4.34998e-06 2.92156e-08 0 2.92156e-08 0
4.82585e-06 5.19324e-08 0 5.19324e-08 0
5.35379e-06 1.05612e-07 0 1.05612e-07 0
5.93947e-06 2.09028e-07 0 2.09028e-07 0
6.58923e-06 3.90604e-07 0 3.90604e-07 0
7.31007e-06 7.09684e-07 0 7.09684e-07 0
8.10977e-06 1.32092e-06 0 1.32092e-06 0
8.99695e-06 2.41492e-06 0 2.41492e-06 0
9.98118e-06 4.19807e-06 0 4.19807e-06 0
1.10731e-05 7.28457e-06 0 7.28457e-06 0
1.22844e-05 1.30552e-05 0 1.30552e-05 0
1.36283e-05 2.4788e-05 0 2.4788e-05 0
1.51192e-05 4.67703e-05 0 4.67703e-05 0
1.67732e-05 8.28143e-05 0 8.28143e-05 0
1.86081e-05 0.000139697 0 0.000139697 0
2.06438e-05 0.000234182 0 0.000234182 0
2.29022e-05 0.000385049 0 0.000385049 0
2.54076e-05 0.000591942 0 0.000591942 0
2.81871e-05 0.000852614 0 0.000852614 0
3.12706e-05 0.00115723 0 0.00115723 0
3.46915e-05 0.00142827 0 0.00142827 0
3.84867e-05 0.00151103 0 0.00151103 0
4.2697e-05 0.00132157 0 0.00132157 0
4.73679e-05 0.000963849 0 0.000963849 0
5.25498e-05 0.000579461 0 0.000579461 0
5.82985e-05 0.000263604 0 0.000263604 0
6.46762e-05 8.54666e-05 0 8.54666e-05 0
