2.22408e-09 0 4.49768e-17 0 0
2.53314e-09 0 3.40137e-17 0 0
2.88514e-09 0 3.46205e-17 0 0
3.28605e-09 0 3.92319e-17 0 0
3.74268e-09 0 4.48448e-17 0 0
4.26276e-09 0 5.24531e-17 0 0
4.85511e-09 0 6.87184e-17 0 0
5.52977e-09 0 8.82194e-17 0 0
6.29818e-09 0 9.84488e-17 0 0
7.17337e-09 0 1.08537e-16 0 0
8.17018e-09 0 1.31606e-16 0 0
9.30549e-09 0 1.71909e-16 0 0
1.05986e-08 0 2.15659e-16 0 0
1.20713e-08 0 2.58291e-16 0 0
1.37488e-08 0 3.06299e-16 0 0
1.56593e-08 0 3.64191e-16 0 0
1.78353e-08 0 4.00918e-16 0 0
2.03136e-08 0 4.57476e-16 0 0
2.31364e-08 0 5.09022e-16 0 0
2.63514e-08 0 5.27853e-16 0 0
3.00132e-08 0 5.47575e-16 0 0
3.41838e-08 0 5.66485e-16 0 0
3.89339e-08 0 5.17173e-16 0 0
4.43442e-08 0 3.51653e-16 0 0
5.05062e-08 1.51935e-309 2.52083e-16 1.51935e-309 0
5.75245e-08 1.97731e-289 1.62706e-16 1.97731e-289 0
6.5518e-08 5.09803e-270 6.21251e-17 5.09803e-270 0
7.46223e-08 2.60402e-251 8.67407e-18 2.60402e-251 0
8.49918e-08 2.6351e-233 3.16592e-19 2.6351e-233 0
9.68021e-08 5.2828e-216 2.6661e-21 5.2828e-216 0
1.10254e-07 2.09818e-199 4.89394e-24 2.09818e-199 0
1.25574e-07 1.65095e-183 1.88943e-27 1.65095e-183 0
1.43024e-07 2.57358e-168 1.49941e-31 2.57358e-168 0
1.62899e-07 7.94792e-154 2.41195e-36 7.94792e-154 0
1.85535e-07 4.86275e-140 7.80016e-42 4.86275e-140 0
2.11316e-07 5.89417e-127 5.04695e-48 5.89417e-127 0
2.40681e-07 1.41539e-114 6.51443e-55 1.41539e-114 0
2.74126e-07 6.73351e-103 1.67434e-62 6.73351e-103 0
3.12218e-07 6.34629e-92 8.55853e-71 6.34629e-92 0
3.55603e-07 1.18498e-81 8.69293e-80 1.18498e-81 0
4.05018e-07 4.38343e-72 1.75336e-89 4.38343e-72 0
4.61298e-07 3.2124e-63 7.01944e-100 3.2124e-63 0
5.254e-07 4.664e-55 5.5757e-111 4.664e-55 0
5.98409e-07 1.34154e-47 8.78481e-123 1.34154e-47 0
6.81563e-07 7.64484e-41 2.74472e-135 7.64484e-41 0
7.76273e-07 8.6312e-35 1.70026e-148 8.6312e-35 0
8.84143e-07 1.93092e-29 2.08794e-162 1.93092e-29 0
1.007e-06 8.56264e-25 5.08218e-177 8.56264e-25 0
1.14693e-06 7.5352e-21 2.45172e-192 7.5352e-21 0
1.30631e-06 1.32045e-17 2.34393e-208 1.32045e-17 0
1.48783e-06 4.65561e-15 4.44063e-225 4.65561e-15 0
1.69458e-06 3.4009e-13 1.66705e-242 3.4009e-13 0
1.93006e-06 5.53662e-12 1.24004e-260 5.53662e-12 0
2.19826e-06 2.31621e-11 1.82766e-279 2.31621e-11 0
2.50373e-06 3.58185e-11 5.33722e-299 3.58185e-11 0
2.85164e-06 8.39144e-11 3.08806e-319 8.39144e-11 0
3.2479e-06 2.61389e-10 0 2.61389e-10 0
3.69923e-06 5.64906e-10 0 5.64906e-10 0
4.21327e-06 1.00438e-09 0 1.00438e-09 0
4.79874e-06 1.60614e-09 0 1.60614e-09 0
5.46557e-06 3.38576e-09 0 3.38576e-09 0
6.22506e-06 6.66062e-09 0 6.66062e-09 0
7.09009e-06 1.47873e-08 0 1.47873e-08 0
8.07532e-06 3.21552e-08 0 3.21552e-08 0
9.19746e-06 6.58591e-08 0 6.58591e-08 0
1.04755e-05 1.29427e-07 0 1.29427e-07 0
1.19312e-05 2.60937e-07 0 2.60937e-07 0
1.35891e-05 5.8441e-07 0 5.8441e-07 0
1.54775e-05 1.25269e-06 0 1.25269e-06 0
1.76282e-05 2.30495e-06 0 2.30495e-06 0
2.00778e-05 3.95928e-06 0 3.95928e-06 0
2.28678e-05 7.02647e-06 0 7.02647e-06 0
2.60455e-05 1.10422e-05 0 1.10422e-05 0
2.96647e-05 1.56745e-05 0 1.56745e-05 0
3.37869e-05 2.17762e-05 0 2.17762e-05 0
3.84819e-05 2.96002e-05 0 2.96002e-05 0
4.38293e-05 3.71639e-05 0 3.71639e-05 0
4.99198e-05 4.39906e-05 0 4.39906e-05 0
5.68566e-05 5.54809e-05 0 5.54809e-05 0
6.47573e-05 7.54953e-05 0 7.54953e-05 0
7.3756e-05 9.77946e-05 0 9.77946e-05 0
8.4005e-05 0.000111478 0 0.000111478 0
9.56783e-05 0.000123073 0 0.000123073 0
0.000108974 0.000147385 0 0.000147385 0
0.000124116 0.000195845 0 0.000195845 0
0.000141364 0.00024903 0 0.00024903 0
0.000161007 0.000303369 0 0.000303369 0
0.000183381 0.000353411 0 0.000353411 0
0.000208863 0.000421323 0 0.000421323 0
0.000237886 0.000475776 0 0.000475776 0
0.000270943 0.000535047 0 0.000535047 0
0.000308593 0.000605716 0 0.000605716 0
0.000351475 0.00064184 0 0.00064184 0
0.000400315 0.000660619 0 0.000660619 0
0.000455943 0.000685463 0 0.000685463 0
0.0005193 0.000666373 0 0.000666373 0
0.000591461 0.000481431 0 0.000481431 0
0.00067365 0.000333242 0 0.000333242 0
0.00076726 0.000232214 0 0.000232214 0
0.000873878 0.000106508 0 0.000106508 0
