2.22408e-09 0 7.22527e-18 0 0
2.56131e-09 0 5.31002e-18 0 0
2.94968e-09 0 5.68864e-18 0 0
3.39694e-09 0 6.59278e-18 0 0
3.91201e-09 0 7.51291e-18 0 0
4.50518e-09 0 9.15841e-18 0 0
5.18829e-09 0 1.29321e-17 0 0
5.97498e-09 0 1.58958e-17 0 0
6.88096e-09 0 1.73755e-17 0 0
7.92431e-09 0 2.045e-17 0 0
9.12586e-09 0 2.6853e-17 0 0
1.05096e-08 0 3.42038e-17 0 0
1.21031e-08 0 4.36863e-17 0 0
1.39383e-08 0 5.49429e-17 0 0
1.60518e-08 0 6.73454e-17 0 0
1.84857e-08 0 7.76412e-17 0 0
2.12886e-08 0 8.90181e-17 0 0
2.45166e-08 0 1.05967e-16 0 0
2.8234e-08 0 1.31519e-16 0 0
3.25151e-08 0 1.61536e-16 0 0
3.74453e-08 0 1.95019e-16 0 0
4.3123e-08 0 2.52042e-16 0 0
4.96617e-08 6.39349e-313 3.08116e-16 6.39349e-313 0
5.71918e-08 4.97376e-291 3.6208e-16 4.97376e-291 0
6.58637e-08 5.75323e-270 4.25766e-16 5.75323e-270 0
7.58505e-08 9.89504e-250 4.8e-16 9.89504e-250 0
8.73516e-08 2.53048e-230 5.3656e-16 2.53048e-230 0
1.00597e-07 9.62206e-212 5.72311e-16 9.62206e-212 0
1.1585e-07 5.44017e-194 5.53841e-16 5.44017e-194 0
1.33416e-07 4.57338e-177 5.22453e-16 4.57338e-177 0
1.53646e-07 5.71664e-161 4.71867e-16 5.71664e-161 0
1.76943e-07 1.06249e-145 2.77832e-16 1.06249e-145 0
2.03772e-07 2.93621e-131 7.46449e-17 2.93621e-131 0
2.3467e-07 1.20651e-117 5.62347e-18 1.20651e-117 0
2.70252e-07 7.37143e-105 8.21811e-20 7.37143e-105 0
3.1123e-07 6.69658e-93 2.03248e-22 6.69658e-93 0
3.58421e-07 9.04554e-82 8.12663e-26 9.04554e-82 0
4.12768e-07 1.81675e-71 5.1297e-30 1.81675e-71 0
4.75355e-07 5.42546e-62 5.02265e-35 5.42546e-62 0
5.47433e-07 2.40911e-53 7.52556e-41 2.40911e-53 0
6.30439e-07 1.5906e-45 1.7085e-47 1.5906e-45 0
7.26031e-07 1.56155e-38 5.83737e-55 1.56155e-38 0
8.36118e-07 2.27965e-32 2.98821e-63 2.27965e-32 0
9.62897e-07 4.94976e-27 2.28537e-72 4.94976e-27 0
1.1089e-06 1.59957e-22 2.6066e-82 1.59957e-22 0
1.27704e-06 7.71127e-19 4.42872e-93 7.71127e-19 0
1.47068e-06 5.58834e-16 1.12012e-104 5.58834e-16 0
1.69367e-06 6.23995e-14 4.21542e-117 6.23995e-14 0
1.95048e-06 1.15499e-12 2.3599e-130 1.15499e-12 0
2.24623e-06 4.35205e-12 1.96494e-144 4.35205e-12 0
2.58682e-06 7.47939e-12 2.43311e-159 7.47939e-12 0
2.97905e-06 2.53599e-11 4.48024e-175 2.53599e-11 0
3.43076e-06 7.21407e-11 1.22673e-191 7.21407e-11 0
3.95096e-06 1.42609e-10 4.99458e-209 1.42609e-10 0
4.55004e-06 1.9361e-10 3.0237e-227 1.9361e-10 0
5.23996e-06 3.76662e-10 2.72187e-246 3.76662e-10 0
6.03448e-06 7.78128e-10 3.64316e-266 7.78128e-10 0
6.94948e-06 1.99621e-09 7.25058e-287 1.99621e-09 0
8.00322e-06 5.00136e-09 2.1456e-308 5.00136e-09 0
9.21673e-06 1.10012e-08 0 1.10012e-08 0
1.06142e-05 2.22286e-08 0 2.22286e-08 0
1.22237e-05 4.82147e-08 0 4.82147e-08 0
1.40771e-05 1.19298e-07 0 1.19298e-07 0
1.62116e-05 2.55993e-07 0 2.55993e-07 0
1.86698e-05 4.69078e-07 0 4.69078e-07 0
2.15006e-05 8.81313e-07 0 8.81313e-07 0
2.47607e-05 1.53456e-06 0 1.53456e-06 0
2.85151e-05 2.24377e-06 0 2.24377e-06 0
3.28388e-05 3.20915e-06 0 3.20915e-06 0
3.78181e-05 4.51982e-06 0 4.51982e-06 0
4.35524e-05 5.97024e-06 0 5.97024e-06 0
5.01562e-05 7.11385e-06 0 7.11385e-06 0
5.77613e-05 9.07674e-06 0 9.07674e-06 0
6.65196e-05 1.28082e-05 0 1.28082e-05 0
7.66058e-05 1.69061e-05 0 1.69061e-05 0
8.82214e-05 1.9288e-05 0 1.9288e-05 0
0.000101598 2.14918e-05 0 2.14918e-05 0
0.000117003 2.79963e-05 0 2.79963e-05 0
0.000134744 3.67427e-05 0 3.67427e-05 0
0.000155176 4.6789e-05 0 4.6789e-05 0
0.000178705 5.85143e-05 0 5.85143e-05 0
0.000205801 7.32786e-05 0 7.32786e-05 0
0.000237006 8.75625e-05 0 8.75625e-05 0
0.000272943 0.00010096 0 0.00010096 0
0.000314329 0.000115902 0 0.000115902 0
0.00036199 0.000142032 0 0.000142032 0
0.000416878 0.000176112 0 0.000176112 0
0.000480089 0.000212434 0 0.000212434 0
0.000552884 0.00026421 0 0.00026421 0
0.000636717 0.000341079 0 0.000341079 0
0.000733261 0.000399932 0 0.000399932 0
0.000844444 0.000475445 0 0.000475445 0
0.000972486 0.000543069 0 0.000543069 0
0.00111994 0.000615231 0 0.000615231 0
0.00128976 0.000670642 0 0.000670642 0
0.00148532 0.000692365 0 0.000692365 0
0.00171054 0.000640149 0 0.000640149 0
0.0019699 0.00061755 0 0.00061755 0
0.0022686 0.000472226 0 0.000472226 0
0.00261258 0.00019905 0 0.00019905 0
