2.22408e-09 0 5.69784e-15 0
2.46878e-09 0 1.17458e-15 0
2.7404e-09 0 1.02895e-17 0
3.04191e-09 0 3.83047e-21 0
3.37659e-09 0 6.05971e-26 0
3.74809e-09 0 4.07374e-32 0
4.16047e-09 0 1.1638e-39 0
4.61822e-09 0 1.41288e-48 0
5.12633e-09 0 7.28913e-59 0
5.69034e-09 0 1.59804e-70 0
6.31641e-09 0 1.48883e-83 0
7.01136e-09 0 5.89443e-98 0
7.78277e-09 0 9.91706e-114 0
8.63906e-09 0 7.09033e-131 0
9.58955e-09 0 2.15423e-149 0
1.06446e-08 0 2.78139e-169 0
1.18158e-08 0 1.52606e-190 0
1.31158e-08 0 3.55817e-213 0
1.45588e-08 0 3.52553e-237 0
1.61606e-08 0 1.48444e-262 0
1.79387e-08 0 2.65611e-289 0
1.99123e-08 0 2.0075e-317 0
2.21031e-08 0 0 0
2.4535e-08 0 0 0
2.72344e-08 0 0 0
3.02308e-08 0 0 0
3.35569e-08 0 0 0
3.72489e-08 0 0 0
4.13472e-08 0 0 0
4.58963e-08 0 0 0
5.0946e-08 0 0 0
5.65512e-08 0 0 0
6.27731e-08 0 0 0
6.96796e-08 0 0 0
7.7346e-08 0 0 0
8.58558e-08 0 0 0
9.53019e-08 0 0 0
1.05787e-07 3.80437e-297 0 3.80437e-297
1.17426e-07 6.80056e-270 0 6.80056e-270
1.30346e-07 5.16594e-244 0 5.16594e-244
1.44687e-07 1.66762e-219 0 1.66762e-219
1.60606e-07 2.28763e-196 0 2.28763e-196
1.78276e-07 1.33358e-174 0 1.33358e-174
1.97891e-07 3.30366e-154 0 3.30366e-154
2.19663e-07 3.47787e-135 0 3.47787e-135
2.43831e-07 1.55587e-117 0 1.55587e-117
2.70658e-07 2.95786e-101 0 2.95786e-101
3.00437e-07 2.38959e-86 0 2.38959e-86
3.33492e-07 8.20374e-73 0 8.20374e-73
3.70184e-07 1.19686e-60 0 1.19686e-60
4.10913e-07 7.42023e-50 0 7.42023e-50
4.56122e-07 1.95494e-40 0 1.95494e-40
5.06306e-07 2.18874e-32 0 2.18874e-32
5.62012e-07 1.04135e-25 0 1.04135e-25
6.23846e-07 2.10543e-20 0 2.10543e-20
6.92483e-07 1.80896e-16 0 1.80896e-16
7.68672e-07 6.6048e-14 0 6.6048e-14
8.53244e-07 1.02638e-12 0 1.02638e-12
9.47121e-07 1.10017e-12 0 1.10017e-12
1.05133e-06 5.99122e-12 0 5.99122e-12
1.167e-06 1.55022e-11 0 1.55022e-11
1.29539e-06 2.86816e-11 0 2.86816e-11
1.43791e-06 3.40198e-11 0 3.40198e-11
1.59612e-06 4.16117e-11 0 4.16117e-11
1.77173e-06 6.64377e-11 0 6.64377e-11
1.96666e-06 1.32762e-10 0 1.32762e-10
2.18304e-06 4.30008e-10 0 4.30008e-10
2.42322e-06 9.20386e-10 0 9.20386e-10
2.68983e-06 1.67913e-09 0 1.67913e-09
2.98577e-06 3.26005e-09 0 3.26005e-09
3.31428e-06 5.72024e-09 0 5.72024e-09
3.67893e-06 1.01488e-08 0 1.01488e-08
4.08369e-06 1.84874e-08 0 1.84874e-08
4.53299e-06 3.24382e-08 0 3.24382e-08
5.03173e-06 6.2982e-08 0 6.2982e-08
5.58533e-06 1.20011e-07 0 1.20011e-07
6.19985e-06 2.08535e-07 0 2.08535e-07
6.88197e-06 3.99393e-07 0 3.99393e-07
7.63915e-06 7.52287e-07 0 7.52287e-07
8.47963e-06 1.37342e-06 0 1.37342e-06
9.41258e-06 2.61229e-06 0 2.61229e-06
1.04482e-05 5.03906e-06 0 5.03906e-06
1.15977e-05 9.17281e-06 0 9.17281e-06
1.28737e-05 1.63108e-05 0 1.63108e-05
1.42901e-05 3.00986e-05 0 3.00986e-05
1.58624e-05 5.47032e-05 0 5.47032e-05
1.76076e-05 9.60429e-05 0 9.60429e-05
1.95449e-05 0.000166104 0 0.000166104
2.16952e-05 0.000279502 0 0.000279502
2.40822e-05 0.00045696 0 0.00045696
2.67318e-05 0.00070504 0 0.00070504
2.96729e-05 0.00101064 0 0.00101064
3.29376e-05 0.00133306 0 0.00133306
3.65615e-05 0.00154812 0 0.00154812
4.05842e-05 0.00151277 0 0.00151277
4.50493e-05 0.00121109 0 0.00121109
5.00058e-05 0.000714512 0 0.000714512
5.55076e-05 0.000291995 0 0.000291995
6.16147e-05 8.45069e-05 0 8.45069e-05
6.83937e-05 1.16074e-05 0 1.16074e-05
