2.22408e-09 0 3.61892e-15 0
2.4803e-09 0 7.58394e-16 0
2.76603e-09 0 9.72586e-16 0
3.08468e-09 0 6.47875e-16 0
3.44005e-09 0 5.0259e-16 0
3.83634e-09 0 3.15307e-16 0
4.2783e-09 0 1.67958e-16 0
4.77117e-09 0 7.05769e-17 0
5.32081e-09 0 2.10453e-17 0
5.93378e-09 0 4.25323e-18 0
6.61736e-09 0 6.02947e-19 0
7.37969e-09 0 2.14077e-20 0
8.22984e-09 0 3.88194e-23 0
9.17793e-09 0 2.45824e-27 0
1.02352e-08 0 5.1194e-33 0
1.14144e-08 0 3.45014e-40 0
1.27293e-08 0 7.47549e-49 0
1.41958e-08 0 5.1898e-59 0
1.58311e-08 0 1.1521e-70 0
1.76549e-08 0 8.16778e-84 0
1.96888e-08 0 1.84773e-98 0
2.1957e-08 0 1.33311e-114 0
2.44864e-08 0 3.06648e-132 0
2.73073e-08 0 2.24837e-151 0
3.04532e-08 0 5.25397e-172 0
3.39614e-08 0 3.91256e-194 0
3.78738e-08 0 9.28463e-218 0
4.2237e-08 0 7.02072e-243 0
4.71027e-08 0 1.69162e-269 0
5.2529e-08 0 1.29873e-297 0
5.85805e-08 0 0 0
6.5329e-08 0 0 0
7.28551e-08 0 0 0
8.12481e-08 0 0 0
9.0608e-08 0 0 0
1.01046e-07 1.49652e-309 0 1.49652e-309
1.12687e-07 1.73798e-280 0 1.73798e-280
1.25669e-07 6.43124e-253 0 6.43124e-253
1.40146e-07 7.58282e-227 0 7.58282e-227
1.56291e-07 2.84874e-202 0 2.84874e-202
1.74296e-07 3.41004e-179 0 3.41004e-179
1.94375e-07 1.30063e-157 0 1.30063e-157
2.16767e-07 1.58064e-137 0 1.58064e-137
2.41739e-07 6.12065e-119 0 6.12065e-119
2.69588e-07 7.55178e-102 0 7.55178e-102
3.00645e-07 2.96884e-86 0 2.96884e-86
3.3528e-07 3.71886e-72 0 3.71886e-72
3.73905e-07 1.48429e-59 0 1.48429e-59
4.16979e-07 1.88762e-48 0 1.88762e-48
4.65016e-07 7.64882e-39 0 7.64882e-39
5.18586e-07 9.87555e-31 0 9.87555e-31
5.78328e-07 4.06269e-24 0 4.06269e-24
6.44953e-07 5.32541e-19 0 5.32541e-19
7.19253e-07 2.22422e-15 0 2.22422e-15
8.02112e-07 2.96011e-13 0 2.96011e-13
8.94516e-07 1.28436e-12 0 1.28436e-12
9.97566e-07 2.38913e-12 0 2.38913e-12
1.11249e-06 1.03731e-11 0 1.03731e-11
1.24065e-06 2.44251e-11 0 2.44251e-11
1.38357e-06 3.28069e-11 0 3.28069e-11
1.54296e-06 3.5124e-11 0 3.5124e-11
1.72071e-06 6.19029e-11 0 6.19029e-11
1.91894e-06 1.03435e-10 0 1.03435e-10
2.14001e-06 3.40085e-10 0 3.40085e-10
2.38654e-06 8.30993e-10 0 8.30993e-10
2.66147e-06 1.51163e-09 0 1.51163e-09
2.96808e-06 3.09997e-09 0 3.09997e-09
3.31001e-06 5.65914e-09 0 5.65914e-09
3.69133e-06 1.02644e-08 0 1.02644e-08
4.11657e-06 1.88365e-08 0 1.88365e-08
4.59081e-06 3.36489e-08 0 3.36489e-08
5.11968e-06 6.8588e-08 0 6.8588e-08
5.70948e-06 1.27952e-07 0 1.27952e-07
6.36722e-06 2.35474e-07 0 2.35474e-07
7.10073e-06 4.49927e-07 0 4.49927e-07
7.91875e-06 8.48995e-07 0 8.48995e-07
8.831e-06 1.55965e-06 0 1.55965e-06
9.84835e-06 3.05688e-06 0 3.05688e-06
1.09829e-05 5.7893e-06 0 5.7893e-06
1.22481e-05 1.01977e-05 0 1.01977e-05
1.36591e-05 1.85039e-05 0 1.85039e-05
1.52327e-05 3.34939e-05 0 3.34939e-05
1.69875e-05 5.96208e-05 0 5.96208e-05
1.89445e-05 0.000101789 0 0.000101789
2.1127e-05 0.00017122 0 0.00017122
2.35608e-05 0.000283125 0 0.000283125
2.62751e-05 0.000445727 0 0.000445727
2.9302e-05 0.000658668 0 0.000658668
3.26777e-05 0.000900569 0 0.000900569
3.64422e-05 0.00111556 0 0.00111556
4.06404e-05 0.001213 0 0.001213
4.53222e-05 0.0011975 0 0.0011975
5.05434e-05 0.00102789 0 0.00102789
5.63661e-05 0.000793878 0 0.000793878
6.28596e-05 0.000542222 0 0.000542222
7.01011e-05 0.000330283 0 0.000330283
7.81768e-05 0.000154718 0 0.000154718
8.71829e-05 5.37327e-05 0 5.37327e-05
9.72266e-05 1.00991e-05 0 1.00991e-05
0.000108427 1.75013e-06 0 1.75013e-06
