2.22408e-09 0 9.13188e-17 0
2.52363e-09 0 5.68309e-17 0
2.86351e-09 0 3.82736e-17 0
3.24918e-09 0 3.98826e-17 0
3.68679e-09 0 4.58405e-17 0
4.18333e-09 0 5.7012e-17 0
4.74676e-09 0 7.61545e-17 0
5.38606e-09 0 1.04775e-16 0
6.11147e-09 0 1.45089e-16 0
6.93458e-09 0 1.92394e-16 0
7.86855e-09 0 2.48111e-16 0
8.92831e-09 0 3.0844e-16 0
1.01308e-08 0 3.56976e-16 0
1.14952e-08 0 4.02999e-16 0
1.30434e-08 0 4.57468e-16 0
1.48002e-08 0 5.17883e-16 0
1.67935e-08 0 6.0338e-16 0
1.90553e-08 0 6.46745e-16 0
2.16217e-08 0 6.05243e-16 0
2.45338e-08 0 5.16978e-16 0
2.7838e-08 0 4.11224e-16 0
3.15873e-08 7.85564e-322 3.07156e-16 7.85564e-322
3.58416e-08 6.96194e-302 1.99931e-16 6.96194e-302
4.06689e-08 1.33749e-282 1.14081e-16 1.33749e-282
4.61462e-08 5.58251e-264 4.26969e-17 5.58251e-264
5.23613e-08 5.06228e-246 5.8646e-18 5.06228e-246
5.94135e-08 9.97335e-229 2.15664e-19 9.97335e-229
6.74155e-08 4.26888e-212 1.90442e-21 4.26888e-212
7.64952e-08 3.96976e-196 3.87839e-24 3.96976e-196
8.67977e-08 8.02033e-181 1.78685e-27 8.02033e-181
9.84879e-08 3.52045e-166 1.84097e-31 3.52045e-166
1.11752e-07 3.35724e-152 4.20798e-36 3.35724e-152
1.26804e-07 6.95577e-139 2.12173e-41 6.95577e-139
1.43882e-07 3.13102e-126 2.35021e-47 3.13102e-126
1.6326e-07 3.06199e-114 5.70204e-54 3.06199e-114
1.85249e-07 6.50578e-103 3.02373e-61 6.50578e-103
2.10198e-07 3.00312e-92 3.49939e-69 3.00312e-92
2.38508e-07 3.01179e-82 8.829e-78 3.01179e-82
2.70631e-07 6.56228e-73 4.85256e-87 6.56228e-73
3.07081e-07 3.10644e-64 5.80675e-97 3.10644e-64
3.48439e-07 3.19483e-56 1.51226e-107 3.19483e-56
3.95368e-07 7.13858e-49 8.56888e-119 7.13858e-49
4.48617e-07 3.4654e-42 1.05617e-130 3.4654e-42
5.09038e-07 3.65488e-36 2.83133e-143 3.65488e-36
5.77596e-07 8.37471e-31 1.65058e-156 8.37471e-31
6.55389e-07 4.16913e-26 2.09234e-170 4.16913e-26
7.43658e-07 4.50919e-22 5.76695e-185 4.50919e-22
8.43816e-07 1.05957e-18 3.45581e-200 1.05957e-18
9.57463e-07 5.40927e-16 4.50218e-216 5.40927e-16
1.08642e-06 5.99965e-14 1.2751e-232 5.99965e-14
1.23274e-06 1.44574e-12 7.85059e-250 1.44574e-12
1.39877e-06 7.56891e-12 1.0507e-267 7.56891e-12
1.58716e-06 8.60906e-12 3.05675e-286 8.60906e-12
1.80092e-06 2.13371e-12 1.93301e-305 2.13371e-12
2.04347e-06 5.74485e-13 0 5.74485e-13
2.31869e-06 8.97598e-12 0 8.97598e-12
2.63098e-06 5.72504e-11 0 5.72504e-11
2.98533e-06 2.00991e-10 0 2.00991e-10
3.3874e-06 4.455e-10 0 4.455e-10
3.84362e-06 4.88409e-10 0 4.88409e-10
4.36129e-06 9.4821e-10 0 9.4821e-10
4.94868e-06 2.81835e-09 0 2.81835e-09
5.61518e-06 6.42496e-09 0 6.42496e-09
6.37145e-06 1.41651e-08 0 1.41651e-08
7.22957e-06 3.04516e-08 0 3.04516e-08
8.20327e-06 5.46743e-08 0 5.46743e-08
9.30811e-06 1.18767e-07 0 1.18767e-07
1.05618e-05 2.53189e-07 0 2.53189e-07
1.19842e-05 5.07966e-07 0 5.07966e-07
1.35983e-05 9.95874e-07 0 9.95874e-07
1.54298e-05 1.73954e-06 0 1.73954e-06
1.75079e-05 3.21586e-06 0 3.21586e-06
1.98659e-05 6.01665e-06 0 6.01665e-06
2.25415e-05 1.06964e-05 0 1.06964e-05
2.55774e-05 1.86777e-05 0 1.86777e-05
2.90223e-05 2.97554e-05 0 2.97554e-05
3.2931e-05 4.22467e-05 0 4.22467e-05
3.73663e-05 5.1687e-05 0 5.1687e-05
4.23989e-05 5.46426e-05 0 5.46426e-05
4.81093e-05 5.57653e-05 0 5.57653e-05
5.45888e-05 6.62407e-05 0 6.62407e-05
6.19409e-05 8.4283e-05 0 8.4283e-05
7.02833e-05 0.000111674 0 0.000111674
7.97492e-05 0.000150105 0 0.000150105
9.049e-05 0.000205703 0 0.000205703
0.000102677 0.000270135 0 0.000270135
0.000116506 0.000339099 0 0.000339099
0.000132198 0.000404947 0 0.000404947
0.000150002 0.00045939 0 0.00045939
0.000170205 0.000523332 0 0.000523332
0.000193129 0.000590977 0 0.000590977
0.00021914 0.000685835 0 0.000685835
0.000248654 0.000763496 0 0.000763496
0.000282144 0.00075881 0 0.00075881
0.000320144 0.000680096 0 0.000680096
0.000363261 0.000554107 0 0.000554107
0.000412186 0.000429321 0 0.000429321
0.000467701 0.000296216 0 0.000296216
0.000530692 0.000179019 0 0.000179019
0.000602167 8.74939e-05 0 8.74939e-05
