2.22408e-09 0 1.75102e-18 0
2.55522e-09 0 9.67724e-19 0
2.93567e-09 0 6.23697e-19 0
3.37276e-09 0 6.42812e-19 0
3.87493e-09 0 7.91775e-19 0
4.45187e-09 0 1.07063e-18 0
5.1147e-09 0 1.50478e-18 0
5.87623e-09 0 2.12412e-18 0
6.75114e-09 0 2.78934e-18 0
7.75632e-09 0 3.63797e-18 0
8.91115e-09 0 5.31373e-18 0
1.02379e-08 0 7.56211e-18 0
1.17623e-08 0 1.10546e-17 0
1.35135e-08 0 1.54436e-17 0
1.55256e-08 0 2.16317e-17 0
1.78372e-08 0 3.29598e-17 0
2.04929e-08 0 5.04434e-17 0
2.35441e-08 0 7.46766e-17 0
2.70496e-08 0 1.09263e-16 0
3.1077e-08 0 1.53457e-16 0
3.5704e-08 9.02735e-304 2.04362e-16 9.02735e-304
4.102e-08 1.33179e-282 2.67303e-16 1.33179e-282
4.71274e-08 3.11367e-262 3.99901e-16 3.11367e-262
5.41442e-08 1.15365e-242 6.08539e-16 1.15365e-242
6.22057e-08 6.77382e-224 8.32309e-16 6.77382e-224
7.14675e-08 6.30313e-206 8.65053e-16 6.30313e-206
8.21083e-08 9.29483e-189 7.90587e-16 9.29483e-189
9.43334e-08 2.17214e-172 6.79683e-16 2.17214e-172
1.08379e-07 8.04446e-157 4.95978e-16 8.04446e-157
1.24515e-07 4.72136e-142 2.81364e-16 4.72136e-142
1.43054e-07 4.39137e-128 1.01084e-16 4.39137e-128
1.64353e-07 6.47283e-115 1.81109e-17 6.47283e-115
1.88824e-07 1.512e-102 1.10987e-18 1.512e-102
2.16938e-07 5.59717e-91 1.55603e-20 5.59717e-91
2.49238e-07 3.28359e-80 4.05351e-23 3.28359e-80
2.86347e-07 3.05274e-70 1.7993e-26 3.05274e-70
3.28981e-07 4.49774e-61 1.31084e-30 4.49774e-61
3.77962e-07 1.05017e-52 1.54034e-35 1.05017e-52
4.34237e-07 3.88586e-45 2.89475e-41 3.88586e-45
4.98891e-07 2.27865e-38 8.66286e-48 2.27865e-38
5.7317e-07 2.11752e-32 4.11903e-55 2.11752e-32
6.58509e-07 3.11847e-27 3.10813e-63 3.11847e-27
7.56555e-07 7.27807e-23 3.7196e-72 7.27807e-23
8.69198e-07 2.69187e-19 7.0573e-82 2.69187e-19
9.98612e-07 1.5778e-16 2.12248e-92 1.5778e-16
1.1473e-06 1.46559e-14 1.01173e-103 1.46559e-14
1.31812e-06 2.15742e-13 7.64333e-116 2.15742e-13
1.51437e-06 5.03292e-13 9.1512e-129 5.03292e-13
1.73984e-06 1.86129e-13 1.73638e-142 1.86129e-13
1.99889e-06 1.97272e-14 5.22132e-157 1.97272e-14
2.2965e-06 2.26504e-13 2.48817e-172 2.26504e-13
2.63843e-06 1.60777e-12 1.87907e-188 1.60777e-12
3.03126e-06 7.13101e-12 2.24889e-205 7.13101e-12
3.48259e-06 1.48766e-11 4.26538e-223 1.48766e-11
4.00111e-06 2.15612e-11 1.28206e-241 2.15612e-11
4.59683e-06 5.54415e-11 6.1069e-261 5.54415e-11
5.28125e-06 1.23095e-10 4.60995e-281 1.23095e-10
6.06758e-06 2.4319e-10 5.51484e-302 2.4319e-10
6.97098e-06 5.89066e-10 9.88131e-324 5.89066e-10
8.00888e-06 1.05232e-09 0 1.05232e-09
9.20132e-06 2.35274e-09 0 2.35274e-09
1.05713e-05 5.77909e-09 0 5.77909e-09
1.21453e-05 1.23298e-08 0 1.23298e-08
1.39536e-05 2.33797e-08 0 2.33797e-08
1.60311e-05 4.24781e-08 0 4.24781e-08
1.8418e-05 8.30714e-08 0 8.30714e-08
2.11602e-05 1.51726e-07 0 1.51726e-07
2.43108e-05 2.71484e-07 0 2.71484e-07
2.79304e-05 4.67489e-07 0 4.67489e-07
3.20889e-05 7.09376e-07 0 7.09376e-07
3.68666e-05 8.73746e-07 0 8.73746e-07
4.23557e-05 8.58349e-07 0 8.58349e-07
4.8662e-05 8.75166e-07 0 8.75166e-07
5.59073e-05 1.15706e-06 0 1.15706e-06
6.42313e-05 1.46317e-06 0 1.46317e-06
7.37947e-05 1.95653e-06 0 1.95653e-06
8.4782e-05 2.76643e-06 0 2.76643e-06
9.74051e-05 3.65739e-06 0 3.65739e-06
0.000111908 5.07789e-06 0 5.07789e-06
0.00012857 7.13317e-06 0 7.13317e-06
0.000147712 1.01344e-05 0 1.01344e-05
0.000169705 1.48214e-05 0 1.48214e-05
0.000194973 2.04805e-05 0 2.04805e-05
0.000224002 2.99387e-05 0 2.99387e-05
0.000257354 4.61424e-05 0 4.61424e-05
0.000295671 6.89703e-05 0 6.89703e-05
0.000339693 0.000102542 0 0.000102542
0.00039027 0.000147451 0 0.000147451
0.000448377 0.000204984 0 0.000204984
0.000515136 0.000265706 0 0.000265706
0.000591834 0.000363969 0 0.000363969
0.000679952 0.000556466 0 0.000556466
0.00078119 0.000831689 0 0.000831689
0.000897501 0.00104027 0 0.00104027
0.00103113 0.00100604 0 0.00100604
0.00118465 0.000907413 0 0.000907413
0.00136104 0.000744503 0 0.000744503
0.00156368 0.000503819 0 0.000503819
0.0017965 0.000250956 0 0.000250956
0.00206398 7.26615e-05 0 7.26615e-05
