2.22408e-09 0 9.52714e-20 0
2.56732e-09 0 4.95341e-20 0
2.96353e-09 0 3.10452e-20 0
3.42088e-09 0 3.3098e-20 0
3.94882e-09 0 4.22611e-20 0
4.55823e-09 0 5.42215e-20 0
5.26169e-09 0 7.99609e-20 0
6.07371e-09 0 1.19128e-19 0
7.01105e-09 0 1.50295e-19 0
8.09305e-09 0 2.01724e-19 0
9.34204e-09 0 2.9933e-19 0
1.07838e-08 0 4.22496e-19 0
1.2448e-08 0 6.37904e-19 0
1.43691e-08 0 9.26862e-19 0
1.65866e-08 0 1.46146e-18 0
1.91464e-08 0 2.45449e-18 0
2.21012e-08 0 3.77546e-18 0
2.5512e-08 0 6.44362e-18 0
2.94493e-08 0 1.03828e-17 0
3.39941e-08 7.56599e-313 1.68464e-17 7.56599e-313
3.92403e-08 1.1127e-290 2.6845e-17 1.1127e-290
4.52962e-08 2.28291e-269 5.2768e-17 2.28291e-269
5.22866e-08 6.53429e-249 1.11899e-16 6.53429e-249
6.03559e-08 2.60919e-229 2.19127e-16 2.60919e-229
6.96705e-08 1.45349e-210 3.42431e-16 1.45349e-210
8.04226e-08 1.12958e-192 4.55126e-16 1.12958e-192
9.2834e-08 1.22467e-175 6.06158e-16 1.22467e-175
1.07161e-07 1.85235e-159 7.95087e-16 1.85235e-159
1.23699e-07 3.90861e-144 9.51062e-16 3.90861e-144
1.42789e-07 1.15059e-129 9.65911e-16 1.15059e-129
1.64825e-07 4.72518e-116 7.46717e-16 4.72518e-116
1.90262e-07 2.70716e-103 3.85274e-16 2.70716e-103
2.19625e-07 2.16375e-91 1.20489e-16 2.16375e-91
2.53519e-07 2.41268e-80 1.99896e-17 2.41268e-80
2.92644e-07 3.75311e-70 1.53644e-18 3.75311e-70
3.37807e-07 8.14481e-61 2.96207e-20 8.14481e-61
3.8994e-07 2.46586e-52 9.3853e-23 2.46586e-52
4.50119e-07 1.04149e-44 4.32633e-26 1.04149e-44
5.19585e-07 6.13678e-38 2.81482e-30 6.13678e-38
5.99771e-07 5.04457e-32 2.56385e-35 5.04457e-32
6.92332e-07 5.78503e-27 3.26143e-41 5.78503e-27
7.99178e-07 9.25521e-23 5.78992e-48 9.25521e-23
9.22514e-07 2.06569e-19 1.43412e-55 2.06569e-19
1.06488e-06 6.43195e-17 4.9558e-64 6.43195e-17
1.22922e-06 2.79395e-15 2.38916e-73 2.79395e-15
1.41893e-06 1.69314e-14 1.60686e-83 1.69314e-14
1.63791e-06 1.43143e-14 1.50768e-94 1.43143e-14
1.89068e-06 1.72969e-15 1.97351e-106 1.72969e-15
2.18247e-06 2.62345e-15 3.60386e-119 2.62345e-15
2.51928e-06 3.69939e-14 9.18112e-133 3.69939e-14
2.90808e-06 2.11352e-13 3.26303e-147 2.11352e-13
3.35687e-06 5.44217e-13 1.61788e-162 5.44217e-13
3.87493e-06 8.48153e-13 1.1191e-178 8.48153e-13
4.47294e-06 2.50591e-12 1.07991e-195 2.50591e-12
5.16324e-06 6.02453e-12 1.45381e-213 6.02453e-12
5.96007e-06 1.18944e-11 2.7304e-232 1.18944e-11
6.87987e-06 3.31711e-11 7.1539e-252 3.31711e-11
7.94162e-06 6.05743e-11 2.61492e-272 6.05743e-11
9.16724e-06 1.38597e-10 1.33343e-293 1.38597e-10
1.0582e-05 3.45664e-10 9.48601e-316 3.45664e-10
1.22151e-05 7.12154e-10 0 7.12154e-10
1.41002e-05 1.32997e-09 0 1.32997e-09
1.62763e-05 2.49645e-09 0 2.49645e-09
1.87881e-05 4.92263e-09 0 4.92263e-09
2.16877e-05 9.22715e-09 0 9.22715e-09
2.50347e-05 1.72744e-08 0 1.72744e-08
2.88982e-05 2.82275e-08 0 2.82275e-08
3.3358e-05 3.9858e-08 0 3.9858e-08
3.85061e-05 4.38291e-08 0 4.38291e-08
4.44486e-05 4.07872e-08 0 4.07872e-08
5.13083e-05 4.85676e-08 0 4.85676e-08
5.92266e-05 6.37315e-08 0 6.37315e-08
6.83669e-05 7.98555e-08 0 7.98555e-08
7.89178e-05 1.20321e-07 0 1.20321e-07
9.1097e-05 1.63322e-07 0 1.63322e-07
0.000105156 2.15376e-07 0 2.15376e-07
0.000121384 3.10915e-07 0 3.10915e-07
0.000140117 4.31561e-07 0 4.31561e-07
0.000161741 6.32835e-07 0 6.32835e-07
0.000186702 9.57307e-07 0 9.57307e-07
0.000215516 1.44079e-06 0 1.44079e-06
0.000248776 2.43817e-06 0 2.43817e-06
0.000287169 3.79271e-06 0 3.79271e-06
0.000331487 6.21345e-06 0 6.21345e-06
0.000382644 1.03773e-05 0 1.03773e-05
0.000441697 1.67149e-05 0 1.67149e-05
0.000509863 2.64151e-05 0 2.64151e-05
0.000588549 4.71625e-05 0 4.71625e-05
0.000679378 0.000100482 0 0.000100482
0.000784225 0.000205268 0 0.000205268
0.000905252 0.000355074 0 0.000355074
0.00104496 0.000488614 0 0.000488614
0.00120622 0.000647969 0 0.000647969
0.00139238 0.000858833 0 0.000858833
0.00160726 0.00107939 0 0.00107939
0.0018553 0.00117402 0 0.00117402
0.00214163 0.00103215 0 0.00103215
0.00247214 0.000627363 0 0.000627363
0.00285366 0.000243789 0 0.000243789
0.00329406 5.19651e-05 0 5.19651e-05
