2.22408e-09 0 3.27255e-15 0
2.46692e-09 0 1.9584e-15 0
2.73628e-09 0 4.19708e-16 0
3.03504e-09 0 3.22124e-17 0
3.36643e-09 0 8.85378e-19 0
3.734e-09 0 8.71496e-21 0
4.1417e-09 0 3.07208e-23 0
4.59393e-09 0 3.87819e-26 0
5.09552e-09 0 1.7533e-29 0
5.65189e-09 0 2.83867e-33 0
6.269e-09 0 1.6459e-37 0
6.95349e-09 0 3.4176e-42 0
7.71272e-09 0 2.54138e-47 0
8.55485e-09 0 6.76782e-53 0
9.48893e-09 0 6.45443e-59 0
1.0525e-08 0 2.20444e-65 0
1.16742e-08 0 2.6963e-72 0
1.29489e-08 0 1.18105e-79 0
1.43627e-08 0 1.85267e-87 0
1.59309e-08 0 1.04078e-95 0
1.76704e-08 0 2.09388e-104 0
1.95998e-08 1.4822e-323 1.5086e-113 1.4822e-323
2.17398e-08 4.94603e-307 3.89247e-123 4.94603e-307
2.41135e-08 5.06798e-291 3.59673e-133 5.06798e-291
2.67464e-08 1.8597e-275 1.1902e-143 1.8597e-275
2.96667e-08 2.44389e-260 1.41047e-154 2.44389e-260
3.2906e-08 1.15014e-245 5.986e-166 1.15014e-245
3.64989e-08 1.93843e-231 9.09788e-178 1.93843e-231
4.04841e-08 1.16998e-217 4.95192e-190 1.16998e-217
4.49044e-08 2.52894e-204 9.65247e-203 2.52894e-204
4.98074e-08 1.95762e-191 6.73803e-216 1.95762e-191
5.52457e-08 5.42688e-179 1.68445e-229 5.42688e-179
6.12778e-08 5.38767e-167 1.50804e-243 5.38767e-167
6.79685e-08 1.9155e-155 4.83502e-258 1.9155e-155
7.53898e-08 2.4389e-144 5.55155e-273 2.4389e-144
8.36214e-08 1.11208e-133 2.28276e-288 1.11208e-133
9.27518e-08 1.81597e-123 3.36153e-304 1.81597e-123
1.02879e-07 1.06196e-113 0 1.06196e-113
1.14112e-07 2.22404e-104 0 2.22404e-104
1.26572e-07 1.66804e-95 0 1.66804e-95
1.40392e-07 4.48022e-87 0 4.48022e-87
1.55721e-07 4.30947e-79 0 4.30947e-79
1.72723e-07 1.48449e-71 0 1.48449e-71
1.91582e-07 1.83131e-64 0 1.83131e-64
2.12501e-07 8.09053e-58 0 8.09053e-58
2.35703e-07 1.28004e-51 0 1.28004e-51
2.61439e-07 7.25266e-46 0 7.25266e-46
2.89984e-07 1.47165e-40 0 1.47165e-40
3.21647e-07 1.0694e-35 0 1.0694e-35
3.56767e-07 2.78295e-31 0 2.78295e-31
3.95721e-07 2.5936e-27 0 2.5936e-27
4.38928e-07 8.65625e-24 0 8.65625e-24
4.86854e-07 1.03463e-20 0 1.03463e-20
5.40012e-07 4.42868e-18 0 4.42868e-18
5.98974e-07 6.7888e-16 0 6.7888e-16
6.64374e-07 3.72684e-14 0 3.72684e-14
7.36915e-07 7.32689e-13 0 7.32689e-13
8.17377e-07 5.15863e-12 0 5.15863e-12
9.06624e-07 1.30151e-11 0 1.30151e-11
1.00562e-06 1.21261e-11 0 1.21261e-11
1.11542e-06 1.01725e-11 0 1.01725e-11
1.2372e-06 3.96844e-11 0 3.96844e-11
1.37229e-06 8.9621e-11 0 8.9621e-11
1.52213e-06 8.24276e-11 0 8.24276e-11
1.68832e-06 8.00231e-11 0 8.00231e-11
1.87267e-06 1.95948e-10 0 1.95948e-10
2.07714e-06 3.62305e-10 0 3.62305e-10
2.30393e-06 4.60465e-10 0 4.60465e-10
2.55549e-06 8.7882e-10 0 8.7882e-10
2.83452e-06 2.77094e-09 0 2.77094e-09
3.14401e-06 5.69409e-09 0 5.69409e-09
3.4873e-06 9.1117e-09 0 9.1117e-09
3.86807e-06 1.69911e-08 0 1.69911e-08
4.29041e-06 3.26105e-08 0 3.26105e-08
4.75886e-06 5.98391e-08 0 5.98391e-08
5.27847e-06 9.74136e-08 0 9.74136e-08
5.85481e-06 1.5312e-07 0 1.5312e-07
6.49408e-06 2.80858e-07 0 2.80858e-07
7.20315e-06 5.65297e-07 0 5.65297e-07
7.98964e-06 1.10215e-06 0 1.10215e-06
8.862e-06 1.99744e-06 0 1.99744e-06
9.82962e-06 3.71299e-06 0 3.71299e-06
1.09029e-05 7.10336e-06 0 7.10336e-06
1.20933e-05 1.32632e-05 0 1.32632e-05
1.34138e-05 2.4145e-05 0 2.4145e-05
1.48784e-05 4.29263e-05 0 4.29263e-05
1.65029e-05 7.45826e-05 0 7.45826e-05
1.83048e-05 0.000128864 0 0.000128864
2.03035e-05 0.000220452 0 0.000220452
2.25203e-05 0.000357512 0 0.000357512
2.49793e-05 0.000547281 0 0.000547281
2.77067e-05 0.000813225 0 0.000813225
3.07319e-05 0.00112817 0 0.00112817
3.40874e-05 0.00138517 0 0.00138517
3.78093e-05 0.00148732 0 0.00148732
4.19376e-05 0.00136396 0 0.00136396
4.65166e-05 0.00101778 0 0.00101778
5.15956e-05 0.00058321 0 0.00058321
5.72292e-05 0.000242941 0 0.000242941
6.34779e-05 6.98397e-05 0 6.98397e-05
