2.22408e-09 0 1.46205e-17 0
2.5545e-09 0 6.39999e-18 0
2.934e-09 0 1.52772e-18 0
3.36988e-09 0 1.13963e-18 0
3.87052e-09 0 1.27516e-18 0
4.44553e-09 0 1.51298e-18 0
5.10597e-09 0 1.81941e-18 0
5.86452e-09 0 2.50855e-18 0
6.73577e-09 0 3.31225e-18 0
7.73645e-09 0 4.33191e-18 0
8.88579e-09 0 5.83829e-18 0
1.02059e-08 0 7.74401e-18 0
1.17221e-08 0 1.08459e-17 0
1.34636e-08 0 1.77197e-17 0
1.54637e-08 0 2.77205e-17 0
1.77611e-08 0 3.96029e-17 0
2.03997e-08 3.14904e-317 5.74185e-17 3.14904e-317
2.34303e-08 1.45881e-295 8.52184e-17 1.45881e-295
2.69112e-08 1.07911e-274 1.15851e-16 1.07911e-274
3.09092e-08 1.27459e-254 1.54303e-16 1.27459e-254
3.55011e-08 2.40394e-235 2.09037e-16 2.40394e-235
4.07752e-08 7.23968e-217 2.8426e-16 7.23968e-217
4.68329e-08 3.48144e-199 4.06574e-16 3.48144e-199
5.37905e-08 2.67326e-182 5.76421e-16 2.67326e-182
6.17818e-08 3.27769e-166 7.44677e-16 3.27769e-166
7.09602e-08 6.41707e-151 8.45393e-16 6.41707e-151
8.15022e-08 2.00609e-136 8.43244e-16 2.00609e-136
9.36104e-08 1.0014e-122 7.19198e-16 1.0014e-122
1.07517e-07 7.98193e-110 4.75195e-16 7.98193e-110
1.2349e-07 1.0159e-97 2.34373e-16 1.0159e-97
1.41836e-07 2.06462e-86 1.15715e-16 2.06462e-86
1.62908e-07 6.69994e-76 3.29908e-17 6.69994e-76
1.8711e-07 3.47173e-66 2.27246e-18 3.47173e-66
2.14907e-07 2.87253e-57 2.90864e-20 2.87253e-57
2.46835e-07 3.79512e-49 6.38657e-23 3.79512e-49
2.83505e-07 8.00629e-42 2.32402e-26 8.00629e-42
3.25623e-07 2.697e-35 1.37894e-30 2.697e-35
3.73998e-07 1.45069e-29 1.32362e-35 1.45069e-29
4.2956e-07 1.24598e-24 2.04709e-41 1.24598e-24
4.93377e-07 1.70879e-20 5.08986e-48 1.70879e-20
5.66674e-07 3.74208e-17 2.03183e-55 3.74208e-17
6.50861e-07 1.30852e-14 1.30106e-63 1.30852e-14
7.47554e-07 7.30618e-13 1.33557e-72 7.30618e-13
8.58612e-07 6.51445e-12 2.19674e-82 6.51445e-12
9.8617e-07 9.40523e-12 5.78721e-93 9.40523e-12
1.13268e-06 7.91492e-12 2.44113e-104 7.91492e-12
1.30095e-06 4.30925e-11 1.64825e-116 4.30925e-11
1.49422e-06 5.64951e-11 1.78095e-129 5.64951e-11
1.71621e-06 5.19863e-11 3.07879e-143 5.19863e-11
1.97117e-06 1.4013e-10 8.51372e-158 1.4013e-10
2.26401e-06 1.96154e-10 3.76522e-173 1.96154e-10
2.60036e-06 4.11249e-10 2.66268e-189 4.11249e-10
2.98668e-06 1.49871e-09 3.01052e-206 1.49871e-09
3.43039e-06 2.40573e-09 5.44125e-224 2.40573e-09
3.94001e-06 3.76808e-09 1.57194e-242 3.76808e-09
4.52535e-06 6.31663e-09 7.25784e-262 6.31663e-09
5.19764e-06 9.1077e-09 5.35512e-282 9.1077e-09
5.96982e-06 1.08301e-08 6.31369e-303 1.08301e-08
6.85671e-06 1.80483e-08 0 1.80483e-08
7.87536e-06 3.47774e-08 0 3.47774e-08
9.04534e-06 4.98259e-08 0 4.98259e-08
1.03891e-05 7.56469e-08 0 7.56469e-08
1.19326e-05 1.1486e-07 0 1.1486e-07
1.37053e-05 1.53282e-07 0 1.53282e-07
1.57414e-05 1.9972e-07 0 1.9972e-07
1.808e-05 2.92732e-07 0 2.92732e-07
2.0766e-05 4.63886e-07 0 4.63886e-07
2.3851e-05 7.14622e-07 0 7.14622e-07
2.73944e-05 9.81552e-07 0 9.81552e-07
3.14642e-05 1.20942e-06 0 1.20942e-06
3.61385e-05 1.38599e-06 0 1.38599e-06
4.15074e-05 1.45912e-06 0 1.45912e-06
4.76738e-05 1.4948e-06 0 1.4948e-06
5.47563e-05 1.63353e-06 0 1.63353e-06
6.28911e-05 1.8603e-06 0 1.8603e-06
7.22343e-05 2.31924e-06 0 2.31924e-06
8.29656e-05 3.28391e-06 0 3.28391e-06
9.52912e-05 4.25997e-06 0 4.25997e-06
0.000109448 5.3508e-06 0 5.3508e-06
0.000125708 7.21867e-06 0 7.21867e-06
0.000144383 9.72284e-06 0 9.72284e-06
0.000165833 1.44231e-05 0 1.44231e-05
0.00019047 2.36484e-05 0 2.36484e-05
0.000218766 3.60763e-05 0 3.60763e-05
0.000251267 5.07718e-05 0 5.07718e-05
0.000288595 7.47037e-05 0 7.47037e-05
0.00033147 0.000108756 0 0.000108756
0.000380714 0.000145537 0 0.000145537
0.000437273 0.000194681 0 0.000194681
0.000502236 0.000264398 0 0.000264398
0.000576849 0.000364737 0 0.000364737
0.000662547 0.000523619 0 0.000523619
0.000760976 0.00073217 0 0.00073217
0.000874029 0.000916627 0 0.000916627
0.00100388 0.00100998 0 0.00100998
0.00115301 0.000975973 0 0.000975973
0.00132431 0.000793107 0 0.000793107
0.00152105 0.000486592 0 0.000486592
0.00174702 0.000233183 0 0.000233183
0.00200656 0.000111905 0 0.000111905
