2.22408e-09 0 1.31262e-16 0
2.52375e-09 0 8.08368e-17 0
2.86379e-09 0 5.42028e-17 0
3.24965e-09 0 5.75281e-17 0
3.6875e-09 0 6.59541e-17 0
4.18434e-09 0 8.09187e-17 0
4.74813e-09 0 9.83895e-17 0
5.38788e-09 0 1.28166e-16 0
6.11383e-09 0 1.6552e-16 0
6.9376e-09 0 2.09869e-16 0
7.87235e-09 0 2.5862e-16 0
8.93305e-09 0 3.07274e-16 0
1.01367e-08 0 3.56243e-16 0
1.15025e-08 0 4.22949e-16 0
1.30523e-08 0 5.20248e-16 0
1.48109e-08 0 5.97754e-16 0
1.68065e-08 0 6.28713e-16 0
1.90709e-08 0 5.84494e-16 0
2.16405e-08 8.10794e-308 5.33255e-16 8.10794e-308
2.45563e-08 2.52556e-288 4.28475e-16 2.52556e-288
2.78649e-08 1.70717e-269 2.96599e-16 1.70717e-269
3.16194e-08 2.50418e-251 2.19188e-16 2.50418e-251
3.58797e-08 7.97124e-234 1.98179e-16 7.97124e-234
4.0714e-08 5.50627e-217 1.14643e-16 5.50627e-217
4.61997e-08 8.25392e-201 2.8059e-17 8.25392e-201
5.24246e-08 2.68494e-185 2.8275e-18 2.68494e-185
5.94881e-08 1.8953e-170 1.0274e-19 1.8953e-170
6.75034e-08 2.90332e-156 1.04418e-21 2.90332e-156
7.65987e-08 9.65122e-143 2.54556e-24 9.65122e-143
8.69194e-08 6.9621e-130 1.40075e-27 6.9621e-130
9.86306e-08 1.08986e-117 1.70062e-31 1.08986e-117
1.1192e-07 3.70229e-106 4.51389e-36 3.70229e-106
1.27e-07 2.72924e-95 2.60902e-41 2.72924e-95
1.44111e-07 4.366e-85 3.27796e-47 4.366e-85
1.63528e-07 1.51565e-75 8.94459e-54 1.51565e-75
1.85562e-07 1.14178e-66 5.29869e-61 1.14178e-66
2.10564e-07 1.86655e-58 6.81302e-69 1.86655e-58
2.38935e-07 6.62164e-51 1.9012e-77 6.62164e-51
2.71128e-07 5.09757e-44 1.15136e-86 5.09757e-44
3.07659e-07 8.51594e-38 1.51314e-96 8.51594e-38
3.49113e-07 3.08726e-32 4.31542e-107 3.08726e-32
3.96151e-07 2.42876e-27 2.6708e-118 2.42876e-27
4.49528e-07 4.14636e-23 3.58702e-130 4.14636e-23
5.10096e-07 1.5361e-19 1.04543e-142 1.5361e-19
5.78825e-07 1.23494e-16 6.61199e-156 1.23494e-16
6.56814e-07 2.15447e-14 9.07484e-170 2.15447e-14
7.45312e-07 8.15657e-13 2.70282e-184 8.15657e-13
8.45733e-07 6.7014e-12 1.74689e-199 6.7014e-12
9.59685e-07 1.2011e-11 2.45011e-215 1.2011e-11
1.08899e-06 7.6357e-12 7.45722e-232 7.6357e-12
1.23572e-06 3.24023e-11 4.92537e-249 3.24023e-11
1.40222e-06 7.79044e-11 7.05947e-267 7.79044e-11
1.59115e-06 5.9006e-11 2.19572e-285 5.9006e-11
1.80553e-06 1.13567e-10 1.48201e-304 1.13567e-10
2.04881e-06 2.47821e-10 0 2.47821e-10
2.32486e-06 3.15986e-10 0 3.15986e-10
2.6381e-06 8.02305e-10 0 8.02305e-10
2.99355e-06 2.60882e-09 0 2.60882e-09
3.3969e-06 4.29181e-09 0 4.29181e-09
3.85459e-06 7.03394e-09 0 7.03394e-09
4.37394e-06 1.22406e-08 0 1.22406e-08
4.96328e-06 1.93031e-08 0 1.93031e-08
5.63202e-06 2.65598e-08 0 2.65598e-08
6.39086e-06 4.26583e-08 0 4.26583e-08
7.25195e-06 9.41806e-08 0 9.41806e-08
8.22906e-06 1.7482e-07 0 1.7482e-07
9.33782e-06 2.80904e-07 0 2.80904e-07
1.0596e-05 5.08932e-07 0 5.08932e-07
1.20236e-05 8.69779e-07 0 8.69779e-07
1.36437e-05 1.40376e-06 0 1.40376e-06
1.5482e-05 2.31428e-06 0 2.31428e-06
1.7568e-05 4.13623e-06 0 4.13623e-06
1.99351e-05 7.7806e-06 0 7.7806e-06
2.26211e-05 1.42063e-05 0 1.42063e-05
2.5669e-05 2.36123e-05 0 2.36123e-05
2.91275e-05 3.61971e-05 0 3.61971e-05
3.30521e-05 5.02388e-05 0 5.02388e-05
3.75055e-05 6.2825e-05 0 6.2825e-05
4.25589e-05 7.07583e-05 0 7.07583e-05
4.82931e-05 8.12795e-05 0 8.12795e-05
5.48e-05 9.39907e-05 0 9.39907e-05
6.21836e-05 0.00010885 0 0.00010885
7.05621e-05 0.000139052 0 0.000139052
8.00695e-05 0.000188752 0 0.000188752
9.08578e-05 0.000236473 0 0.000236473
0.0001031 0.00028559 0 0.00028559
0.000116991 0.000340251 0 0.000340251
0.000132754 0.000399684 0 0.000399684
0.000150641 0.000475992 0 0.000475992
0.000170938 0.000580011 0 0.000580011
0.00019397 0.000682316 0 0.000682316
0.000220105 0.000752613 0 0.000752613
0.000249761 0.000727416 0 0.000727416
0.000283414 0.000665041 0 0.000665041
0.0003216 0.000565824 0 0.000565824
0.000364932 0.000411236 0 0.000411236
0.000414102 0.000288679 0 0.000288679
0.000469896 0.000251831 0 0.000251831
0.000533209 0.000187928 0 0.000187928
0.000605052 6.51675e-05 0 6.51675e-05
