# Initial particle size distribution
# Case: radius_log_normal_sampled
# Column 1: Radius (μm)
# Column 2: Number concentration (cm^-3)
#
1.000004e-03  2.018080e+02
1.268966e-03  1.273090e+03
1.610268e-03  6.835020e+03
2.043368e-03  3.369949e+04
2.592953e-03  1.406142e+05
3.290356e-03  5.380510e+05
4.175332e-03  1.793669e+06
5.298333e-03  5.440192e+06
6.723377e-03  1.473197e+07
8.531701e-03  3.447902e+07
1.082639e-02  7.305640e+07
1.373827e-02  1.429550e+08
1.743332e-02  2.368023e+08
2.212220e-02  3.415937e+08
2.807221e-02  4.677172e+08
3.562253e-02  5.357326e+08
4.520359e-02  5.888041e+08
5.736159e-02  5.273853e+08
7.278960e-02  4.401959e+08
9.236715e-02  3.305624e+08
1.172103e-01  2.147773e+08
1.487352e-01  1.250997e+08
1.887392e-01  6.620457e+07
2.395026e-01  3.086773e+07
3.039194e-01  1.262843e+07
3.856618e-01  4.581715e+06
4.893897e-01  1.494066e+06
6.210164e-01  4.462385e+05
7.880454e-01  1.132406e+05
