1e-09 0 5.78018e-22 0 0
1.07507e-09 0 1.63546e-21 0 0
1.15578e-09 0 3.70894e-21 0 0
1.24254e-09 0 8.32221e-21 0 0
1.33581e-09 0 1.7827e-20 0 0
1.43609e-09 0 3.71871e-20 0 0
1.54389e-09 0 7.75788e-20 0 0
1.65979e-09 0 1.61846e-19 0 0
1.78439e-09 0 3.3624e-19 0 0
1.91834e-09 0 6.86091e-19 0 0
2.06234e-09 0 1.40059e-18 0 0
2.21716e-09 0 2.81301e-18 0 0
2.38359e-09 0 5.49497e-18 0 0
2.56253e-09 0 1.06565e-17 0 0
2.75489e-09 0 2.03849e-17 0 0
2.96169e-09 0 3.80651e-17 0 0
3.18402e-09 0 7.17922e-17 0 0
3.42304e-09 0 1.35546e-16 0 0
3.68e-09 0 2.48742e-16 0 0
3.95625e-09 0 4.47406e-16 0 0
4.25323e-09 0 8.01532e-16 0 0
4.57251e-09 0 1.42527e-15 0 0
4.91576e-09 0 2.52553e-15 0 0
5.28478e-09 0 4.40801e-15 0 0
5.6815e-09 0 7.61265e-15 0 0
6.10799e-09 0 1.31832e-14 0 0
6.56651e-09 0 2.22356e-14 0 0
7.05944e-09 0 3.74307e-14 0 0
7.58938e-09 0 6.2149e-14 0 0
8.1591e-09 0 1.01029e-13 0 0
8.77158e-09 0 1.62785e-13 0 0
9.43005e-09 0 2.56467e-13 0 0
1.01379e-08 0 4.09056e-13 0 0
1.0899e-08 0 6.50753e-13 0 0
1.17171e-08 0 9.94659e-13 0 0
1.25967e-08 0 1.51253e-12 0 0
1.35423e-08 0 2.34295e-12 0 0
1.45589e-08 0 3.59545e-12 0 0
1.56518e-08 0 5.33268e-12 0 0
1.68268e-08 0 7.66467e-12 0 0
1.80899e-08 0 1.10139e-11 0 0
1.94479e-08 0 1.59621e-11 0 0
2.09078e-08 0 2.27057e-11 0 0
2.24773e-08 0 3.12009e-11 0 0
2.41646e-08 0 4.35961e-11 0 0
2.59786e-08 0 6.06695e-11 0 0
2.79288e-08 0 8.20433e-11 0 0
3.00253e-08 0 1.10874e-10 0 0
3.22793e-08 0 1.48754e-10 0 0
3.47024e-08 0 1.95446e-10 0 0
3.73074e-08 0 2.49126e-10 0 0
4.0108e-08 0 3.22107e-10 0 0
4.31188e-08 0 4.1411e-10 0 0
4.63557e-08 0 5.27055e-10 0 0
4.98355e-08 0 6.75847e-10 0 0
5.35765e-08 0 8.38943e-10 0 0
5.75984e-08 0 9.97533e-10 0 0
6.19222e-08 0 1.17281e-09 0 0
6.65706e-08 0 1.39773e-09 0 0
7.15679e-08 0 1.64661e-09 0 0
7.69403e-08 0 1.93595e-09 0 0
8.2716e-08 0 2.27483e-09 0 0
8.89254e-08 0 2.61432e-09 0 0
9.56008e-08 0 2.97676e-09 0 0
1.02777e-07 0 3.35383e-09 0 0
1.10493e-07 0 3.64365e-09 0 0
1.18787e-07 0 3.93837e-09 0 0
1.27704e-07 0 4.3235e-09 0 0
1.37291e-07 0 4.6747e-09 0 0
1.47597e-07 0 4.91277e-09 0 0
1.58676e-07 0 5.13962e-09 0 0
1.70588e-07 0 5.36836e-09 0 0
1.83394e-07 0 5.53082e-09 0 0
1.97161e-07 0 5.63272e-09 0 0
2.11961e-07 0 5.65599e-09 0 0
2.27872e-07 0 5.59132e-09 0 0
2.44978e-07 0 5.45985e-09 0 0
2.63368e-07 0 5.39454e-09 0 0
2.83139e-07 0 5.30651e-09 0 0
3.04393e-07 0 4.97138e-09 0 0
3.27244e-07 0 4.64202e-09 0 0
3.51809e-07 0 4.39325e-09 0 0
3.78219e-07 0 3.99811e-09 0 0
4.06611e-07 0 3.58521e-09 0 0
4.37134e-07 0 3.23949e-09 0 0
4.69949e-07 0 2.92358e-09 0 0
5.05227e-07 0 2.56654e-09 0 0
5.43153e-07 0 2.25636e-09 0 0
5.83926e-07 0 1.9716e-09 0 0
6.27761e-07 0 1.68849e-09 0 0
6.74885e-07 0 1.42502e-09 0 0
7.25547e-07 0 1.17071e-09 0 0
7.80013e-07 0 9.54048e-10 0 0
8.38566e-07 0 7.82942e-10 0 0
9.01516e-07 0 6.35286e-10 0 0
9.69191e-07 0 4.08533e-10 0 0
1.04195e-06 0 1.31259e-10 0 0
1.12016e-06 0 1.39785e-11 0 0
1.20425e-06 0 3.99659e-13 0 0
1.29465e-06 0 2.79451e-15 0 0
