2.22408e-09 0 7.95541e-15 0
2.56223e-09 0 5.09728e-15 0
2.9518e-09 0 1.48274e-15 0
3.40059e-09 0 3.25824e-16 0
3.91762e-09 0 8.38496e-17 0
4.51326e-09 0 2.34815e-17 0
5.19946e-09 6.49949e-311 7.83868e-18 6.49949e-311
5.98999e-09 4.75928e-295 3.23309e-18 4.75928e-295
6.90071e-09 1.29326e-279 1.58415e-18 1.29326e-279
7.9499e-09 1.30417e-264 1.14024e-18 1.30417e-264
9.15861e-09 4.88102e-250 1.12721e-18 4.88102e-250
1.05511e-08 6.78012e-236 1.14004e-18 6.78012e-236
1.21553e-08 3.49577e-222 1.06497e-18 3.49577e-222
1.40034e-08 6.69044e-209 9.65886e-19 6.69044e-209
1.61325e-08 4.75343e-196 9.51213e-19 4.75343e-196
1.85853e-08 1.25382e-183 1.16655e-18 1.25382e-183
2.1411e-08 1.22794e-171 1.39632e-18 1.22794e-171
2.46664e-08 4.4656e-160 1.76329e-18 4.4656e-160
2.84167e-08 6.03101e-149 2.19736e-18 6.03101e-149
3.27371e-08 3.02526e-138 2.43308e-18 3.02526e-138
3.77145e-08 5.6372e-128 3.28038e-18 5.6372e-128
4.34487e-08 3.90266e-118 6.87456e-18 3.90266e-118
5.00547e-08 1.00401e-108 1.7386e-17 1.00401e-108
5.7665e-08 9.60036e-100 2.9747e-17 9.60036e-100
6.64325e-08 3.41288e-91 3.69428e-17 3.41288e-91
7.65329e-08 4.51195e-83 5.64148e-17 4.51195e-83
8.81691e-08 2.21905e-75 9.32712e-17 2.21905e-75
1.01574e-07 4.0617e-68 1.3808e-16 4.0617e-68
1.17018e-07 2.76817e-61 3.52947e-16 2.76817e-61
1.34809e-07 7.02869e-55 1.22942e-15 7.02869e-55
1.55306e-07 6.65357e-49 2.96081e-15 6.65357e-49
1.78919e-07 2.35019e-43 4.79402e-15 2.35019e-43
2.06122e-07 3.10082e-38 6.82552e-15 3.10082e-38
2.37461e-07 1.53021e-33 1.03103e-14 1.53021e-33
2.73564e-07 2.82927e-29 1.54985e-14 2.82927e-29
3.15157e-07 1.96446e-25 2.12476e-14 1.96446e-25
3.63074e-07 5.13861e-22 2.4897e-14 5.13861e-22
4.18276e-07 5.08746e-19 2.4095e-14 5.08746e-19
4.81871e-07 1.91994e-16 1.70529e-14 1.91994e-16
5.55135e-07 2.79344e-14 7.3464e-15 2.79344e-14
6.39539e-07 1.59725e-12 1.79703e-15 1.59725e-12
7.36775e-07 3.71239e-11 2.49919e-16 3.71239e-11
8.48795e-07 3.73133e-10 1.80604e-17 3.73133e-10
9.77846e-07 1.82133e-09 5.86153e-19 1.82133e-09
1.12652e-06 5.32723e-09 7.7401e-21 5.32723e-09
1.2978e-06 1.24973e-08 3.96567e-23 1.24973e-08
1.49511e-06 2.81888e-08 7.71519e-26 2.81888e-08
1.72243e-06 6.17201e-08 5.63996e-29 6.17201e-08
1.98431e-06 1.32201e-07 1.5406e-32 1.32201e-07
2.28601e-06 2.79543e-07 1.56759e-36 2.79543e-07
2.63358e-06 5.7677e-07 5.93081e-41 5.7677e-07
3.03399e-06 1.16803e-06 8.33424e-46 1.16803e-06
3.49528e-06 2.32005e-06 4.34717e-51 2.32005e-06
4.0267e-06 4.4458e-06 8.41325e-57 4.4458e-06
4.63893e-06 8.16301e-06 6.03996e-63 8.16301e-06
5.34423e-06 1.428e-05 1.60824e-69 1.428e-05
6.15678e-06 2.36841e-05 1.5881e-76 2.36841e-05
7.09286e-06 3.67658e-05 5.81553e-84 3.67658e-05
8.17126e-06 5.20077e-05 7.89712e-92 5.20077e-05
9.41363e-06 6.51458e-05 3.97655e-100 6.51458e-05
1.08449e-05 7.00265e-05 7.42502e-109 7.00265e-05
1.24938e-05 6.22843e-05 5.14088e-118 6.22843e-05
1.43933e-05 4.44352e-05 1.31985e-127 4.44352e-05
1.65817e-05 2.50422e-05 1.25648e-137 2.50422e-05
1.91028e-05 1.11969e-05 4.43536e-148 1.11969e-05
2.20072e-05 4.03314e-06 5.80561e-159 4.03314e-06
2.53532e-05 1.26262e-06 2.81779e-170 1.26262e-06
2.92079e-05 4.18054e-07 5.07122e-182 4.18054e-07
3.36487e-05 1.65027e-07 3.38422e-194 1.65027e-07
3.87647e-05 8.9686e-08 8.37428e-207 8.9686e-08
4.46585e-05 7.3047e-08 7.68384e-220 7.3047e-08
5.14484e-05 6.45029e-08 2.61427e-233 6.45029e-08
5.92707e-05 5.33597e-08 3.29812e-247 5.33597e-08
6.82823e-05 4.58453e-08 1.54285e-261 4.58453e-08
7.8664e-05 4.85678e-08 2.67623e-276 4.85678e-08
9.06241e-05 5.78584e-08 1.72134e-291 5.78584e-08
0.000104403 6.96807e-08 4.10534e-307 6.96807e-08
0.000120276 8.68168e-08 3.45846e-323 8.68168e-08
0.000138563 9.52814e-08 0 9.52814e-08
0.00015963 1.15008e-07 0 1.15008e-07
0.000183901 2.04215e-07 0 2.04215e-07
0.000211861 5.20483e-07 0 5.20483e-07
0.000244073 1.02912e-06 0 1.02912e-06
0.000281182 1.30841e-06 0 1.30841e-06
0.000323933 1.74904e-06 0 1.74904e-06
0.000373184 3.0551e-06 0 3.0551e-06
0.000429923 4.65183e-06 0 4.65183e-06
0.000495289 7.56061e-06 0 7.56061e-06
0.000570593 2.43826e-05 0 2.43826e-05
0.000657347 7.87054e-05 0 7.87054e-05
0.00075729 0.000164809 0 0.000164809
0.000872429 0.000247338 0 0.000247338
0.00100507 0.000356999 0 0.000356999
0.00115789 0.000546251 0 0.000546251
0.00133393 0.000810134 0 0.000810134
0.00153675 0.0010709 0 0.0010709
0.00177039 0.00120105 0 0.00120105
0.00203957 0.00109807 0 0.00109807
0.00234966 0.00070061 0 0.00070061
0.00270691 0.000263484 0 0.000263484
