2.22408e-09 0 6.35879e-14 0
2.44142e-09 0 5.12728e-14 0
2.68e-09 0 2.68798e-14 0
2.9419e-09 0 9.16201e-15 0
3.22938e-09 0 2.0304e-15 0
3.54496e-09 0 2.92549e-16 0
3.89138e-09 0 2.74057e-17 0
4.27166e-09 0 1.6692e-18 0
4.68909e-09 1.23516e-322 6.61002e-20 1.23516e-322
5.14732e-09 6.45068e-312 1.70186e-21 6.45068e-312
5.65032e-09 2.13325e-301 2.84885e-23 2.13325e-301
6.20248e-09 4.58824e-291 3.10056e-25 4.58824e-291
6.8086e-09 6.41836e-281 2.19401e-27 6.41836e-281
7.47395e-09 5.83958e-271 1.0094e-29 5.83958e-271
8.20432e-09 3.45561e-261 3.01934e-32 3.45561e-261
9.00606e-09 1.33003e-251 5.87201e-35 1.33003e-251
9.88614e-09 3.32963e-242 7.42486e-38 3.32963e-242
1.08522e-08 5.42174e-233 6.10401e-41 5.42174e-233
1.19127e-08 5.74243e-224 3.26263e-44 5.74243e-224
1.30769e-08 3.95618e-215 1.13383e-47 3.95618e-215
1.43548e-08 1.77291e-206 2.56184e-51 1.77291e-206
1.57575e-08 5.16821e-198 3.76342e-55 5.16821e-198
1.72974e-08 9.80042e-190 3.59451e-59 9.80042e-190
1.89877e-08 1.20896e-181 2.23214e-63 1.20896e-181
2.08432e-08 9.70174e-174 9.01219e-68 9.70174e-174
2.28801e-08 5.06494e-166 2.36573e-72 5.06494e-166
2.5116e-08 1.72028e-158 4.03761e-77 1.72028e-158
2.75703e-08 3.80133e-151 4.48034e-82 3.80133e-151
3.02646e-08 5.46513e-144 3.23238e-87 5.46513e-144
3.32221e-08 5.11223e-137 1.51621e-92 5.11223e-137
3.64686e-08 3.1116e-130 4.62407e-98 3.1116e-130
4.00323e-08 1.23237e-123 9.16883e-104 1.23237e-123
4.39444e-08 3.17614e-117 1.18203e-109 3.17614e-117
4.82387e-08 5.32705e-111 9.90765e-116 5.32705e-111
5.29527e-08 5.81471e-105 5.39931e-122 5.81471e-105
5.81273e-08 4.13095e-99 1.91307e-128 4.13095e-99
6.38076e-08 1.91023e-93 4.40707e-135 1.91023e-93
7.0043e-08 5.75e-88 6.60078e-142 5.75e-88
7.68877e-08 1.12677e-82 6.42785e-149 1.12677e-82
8.44013e-08 1.43758e-77 4.0697e-156 1.43758e-77
9.26492e-08 1.19428e-72 1.67527e-163 1.19428e-72
1.01703e-07 6.46109e-68 4.48367e-171 6.46109e-68
1.11642e-07 2.27664e-63 7.80204e-179 2.27664e-63
1.22551e-07 5.22565e-59 8.8269e-187 5.22565e-59
1.34527e-07 7.81478e-55 6.49283e-195 7.81478e-55
1.47674e-07 7.61572e-51 3.10518e-203 7.61572e-51
1.62105e-07 4.83751e-47 9.65527e-212 4.83751e-47
1.77946e-07 2.00337e-43 1.95195e-220 2.00337e-43
1.95335e-07 5.41081e-40 2.56565e-229 5.41081e-40
2.14423e-07 9.53401e-37 2.19257e-238 9.53401e-37
2.35377e-07 1.09643e-33 1.21825e-247 1.09643e-33
2.58379e-07 8.2337e-31 4.40091e-257 8.2337e-31
2.83628e-07 4.03996e-28 1.03365e-266 4.03996e-28
3.11344e-07 1.29613e-25 1.57846e-276 1.29613e-25
3.4177e-07 2.72151e-23 1.56718e-286 2.72151e-23
3.75168e-07 3.74439e-21 1.01165e-296 3.74439e-21
4.1183e-07 3.38091e-19 4.24588e-307 3.38091e-19
4.52075e-07 2.00756e-17 1.16565e-317 2.00756e-17
4.96252e-07 7.8617e-16 0 7.8617e-16
5.44747e-07 2.03842e-14 0 2.03842e-14
5.9798e-07 3.51922e-13 0 3.51922e-13
6.56416e-07 4.07874e-12 0 4.07874e-12
7.20562e-07 3.21201e-11 0 3.21201e-11
7.90977e-07 1.75003e-10 0 1.75003e-10
8.68273e-07 6.77922e-10 0 6.77922e-10
9.53122e-07 1.94586e-09 0 1.94586e-09
1.04626e-06 4.40013e-09 0 4.40013e-09
1.14851e-06 8.51759e-09 0 8.51759e-09
1.26074e-06 1.53987e-08 0 1.53987e-08
1.38394e-06 2.74233e-08 0 2.74233e-08
1.51918e-06 4.85366e-08 0 4.85366e-08
1.66764e-06 8.50108e-08 0 8.50108e-08
1.8306e-06 1.47788e-07 0 1.47788e-07
2.00949e-06 2.56576e-07 0 2.56576e-07
2.20586e-06 4.45373e-07 0 4.45373e-07
2.42143e-06 7.70789e-07 0 7.70789e-07
2.65805e-06 1.3315e-06 0 1.3315e-06
2.9178e-06 2.30556e-06 0 2.30556e-06
3.20293e-06 3.99827e-06 0 3.99827e-06
3.51593e-06 6.90596e-06 0 6.90596e-06
3.85951e-06 1.184e-05 0 1.184e-05
4.23667e-06 2.01399e-05 0 2.01399e-05
4.65069e-06 3.39547e-05 0 3.39547e-05
5.10516e-06 5.66201e-05 0 5.66201e-05
5.60404e-06 9.31729e-05 0 9.31729e-05
6.15168e-06 0.000150702 0 0.000150702
6.75283e-06 0.000237959 0 0.000237959
7.41273e-06 0.000363814 0 0.000363814
8.13712e-06 0.000534059 0 0.000534059
8.93229e-06 0.000746184 0 0.000746184
9.80517e-06 0.000982563 0 0.000982563
1.07634e-05 0.00120487 0 0.00120487
1.18152e-05 0.00135637 0 0.00135637
1.29698e-05 0.00137927 0 0.00137927
1.42372e-05 0.0012458 0 0.0012458
1.56285e-05 0.000983135 0 0.000983135
1.71557e-05 0.000666492 0 0.000666492
1.88322e-05 0.000380989 0 0.000380989
2.06725e-05 0.000180058 0 0.000180058
2.26927e-05 6.89485e-05 0 6.89485e-05
