2.22408e-09 0 1.90896e-14 0
2.53663e-09 0 1.34906e-14 0
2.8931e-09 0 5.26604e-15 0
3.29967e-09 0 1.80421e-15 0
3.76337e-09 0 6.99648e-16 0
4.29224e-09 0 2.88384e-16 0
4.89543e-09 9.68549e-318 1.37197e-16 9.68549e-318
5.58338e-09 8.12102e-303 8.17389e-17 8.12102e-303
6.36801e-09 2.89401e-288 6.17291e-17 2.89401e-288
7.2629e-09 4.38334e-274 5.92478e-17 4.38334e-274
8.28356e-09 2.82192e-260 6.34075e-17 2.82192e-260
9.44765e-09 7.7221e-247 7.03531e-17 7.7221e-247
1.07753e-08 8.98253e-234 8.5916e-17 8.98253e-234
1.22896e-08 4.44177e-221 1.16135e-16 4.44177e-221
1.40166e-08 9.3375e-209 1.63766e-16 9.3375e-209
1.59864e-08 8.34544e-197 2.17947e-16 8.34544e-197
1.82329e-08 3.17132e-185 2.82098e-16 3.17132e-185
2.07952e-08 5.12429e-174 3.86936e-16 5.12429e-174
2.37176e-08 3.521e-163 5.2809e-16 3.521e-163
2.70506e-08 1.0289e-152 7.3099e-16 1.0289e-152
3.0852e-08 1.27879e-142 1.08162e-15 1.27879e-142
3.51876e-08 6.76074e-133 1.62906e-15 6.76074e-133
4.01325e-08 1.52058e-123 2.19258e-15 1.52058e-123
4.57724e-08 1.45513e-114 2.36121e-15 1.45513e-114
5.22047e-08 5.92581e-106 2.34861e-15 5.92581e-106
5.95411e-08 1.02712e-97 2.74076e-15 1.02712e-97
6.79084e-08 7.57907e-90 3.48447e-15 7.57907e-90
7.74515e-08 2.38142e-82 4.10452e-15 2.38142e-82
8.83358e-08 3.18714e-75 4.49973e-15 3.18714e-75
1.0075e-07 1.81742e-68 6.16096e-15 1.81742e-68
1.14908e-07 4.4174e-62 1.18172e-14 4.4174e-62
1.31056e-07 4.57858e-56 1.93865e-14 4.57858e-56
1.49473e-07 2.0248e-50 2.11345e-14 2.0248e-50
1.70479e-07 3.82299e-45 1.59679e-14 3.82299e-45
1.94436e-07 3.08416e-40 9.05701e-15 3.08416e-40
2.2176e-07 1.06416e-35 3.65351e-15 1.06416e-35
2.52924e-07 1.57232e-31 8.79385e-16 1.57232e-31
2.88467e-07 9.96389e-28 1.08606e-16 9.96389e-28
3.29005e-07 2.71384e-24 6.34677e-18 2.71384e-24
3.7524e-07 3.18617e-21 1.68808e-19 3.18617e-21
4.27973e-07 1.61917e-18 2.00215e-21 1.61917e-18
4.88116e-07 3.58398e-16 1.04588e-23 3.58398e-16
5.56711e-07 3.48919e-14 2.38617e-26 3.48919e-14
6.34945e-07 1.51803e-12 2.36335e-29 1.51803e-12
7.24174e-07 3.03227e-11 1.01154e-32 3.03227e-11
8.25942e-07 2.91596e-10 1.86444e-36 2.91596e-10
9.42011e-07 1.46978e-09 1.4758e-40 1.46978e-09
1.07439e-06 4.5138e-09 5.00571e-45 4.5138e-09
1.22538e-06 1.06068e-08 7.2628e-50 1.06068e-08
1.39758e-06 2.33255e-08 4.5012e-55 2.33255e-08
1.59398e-06 5.03741e-08 1.19027e-60 5.03741e-08
1.81798e-06 1.06398e-07 1.3417e-66 1.06398e-07
2.07346e-06 2.2287e-07 6.44226e-73 2.2287e-07
2.36484e-06 4.62049e-07 1.31686e-79 4.62049e-07
2.69718e-06 9.42154e-07 1.14539e-86 9.42154e-07
3.07621e-06 1.907e-06 4.23754e-94 1.907e-06
3.50851e-06 3.81637e-06 6.66643e-102 3.81637e-06
4.00156e-06 7.45873e-06 4.45846e-110 7.45873e-06
4.5639e-06 1.41707e-05 1.26738e-118 1.41707e-05
5.20526e-06 2.60623e-05 1.53107e-127 2.60623e-05
5.93675e-06 4.63048e-05 7.85952e-137 4.63048e-05
6.77105e-06 7.88611e-05 1.71423e-146 7.88611e-05
7.72258e-06 0.000126209 1.58847e-156 0.000126209
8.80783e-06 0.00018545 6.25318e-167 0.00018545
1.00456e-05 0.000244066 1.04572e-177 0.000244066
1.14573e-05 0.000279384 7.4286e-189 0.000279384
1.30674e-05 0.00027038 2.24161e-200 0.00027038
1.49038e-05 0.000216538 2.87321e-212 0.000216538
1.69982e-05 0.000142641 1.56429e-224 0.000142641
1.93869e-05 7.80176e-05 3.61748e-237 7.80176e-05
2.21114e-05 3.62373e-05 3.55326e-250 3.62373e-05
2.52187e-05 1.58069e-05 1.48244e-263 1.58069e-05
2.87626e-05 7.95228e-06 2.62697e-277 7.95228e-06
3.28047e-05 5.23248e-06 1.97721e-291 5.23248e-06
3.74147e-05 4.56259e-06 6.32084e-306 4.56259e-06
4.26726e-05 4.56032e-06 8.58192e-321 4.56032e-06
4.86693e-05 4.81893e-06 0 4.81893e-06
5.55088e-05 5.71098e-06 0 5.71098e-06
6.33095e-05 7.58061e-06 0 7.58061e-06
7.22063e-05 1.0449e-05 0 1.0449e-05
8.23535e-05 1.35998e-05 0 1.35998e-05
9.39266e-05 1.78658e-05 0 1.78658e-05
0.000107126 2.41214e-05 0 2.41214e-05
0.00012218 3.28161e-05 0 3.28161e-05
0.00013935 4.73352e-05 0 4.73352e-05
0.000158933 7.03238e-05 0 7.03238e-05
0.000181268 9.68017e-05 0 9.68017e-05
0.000206742 0.000108709 0 0.000108709
0.000235795 0.000106657 0 0.000106657
0.000268932 0.000118798 0 0.000118798
0.000306724 0.000151963 0 0.000151963
0.000349828 0.000188733 0 0.000188733
0.00039899 0.000210723 0 0.000210723
0.00045506 0.000247945 0 0.000247945
0.000519009 0.000429962 0 0.000429962
0.000591945 0.000820446 0 0.000820446
0.000675131 0.0010966 0 0.0010966
0.000770007 0.000968697 0 0.000968697
0.000878216 0.000623458 0 0.000623458
0.00100163 0.000301085 0 0.000301085
