2.22408e-09 0 5.71255e-14 0
2.47737e-09 0 4.56649e-14 0
2.75951e-09 0 2.37447e-14 0
3.07378e-09 0 1.00526e-14 0
3.42385e-09 0 4.30065e-15 0
3.81378e-09 0 1.87295e-15 0
4.24811e-09 0 8.27886e-16 0
4.73192e-09 1.42785e-321 4.07583e-16 1.42785e-321
5.27082e-09 3.17927e-309 2.45947e-16 3.17927e-309
5.87109e-09 3.97344e-297 1.86918e-16 3.97344e-297
6.53973e-09 2.79254e-285 1.70849e-16 2.79254e-285
7.28451e-09 1.10366e-273 1.63364e-16 1.10366e-273
8.11412e-09 2.4529e-262 1.41251e-16 2.4529e-262
9.03821e-09 3.06583e-251 1.07111e-16 3.06583e-251
1.00675e-08 2.155e-240 8.35446e-17 2.155e-240
1.12141e-08 8.51905e-230 7.98208e-17 8.51905e-230
1.24912e-08 1.89405e-219 7.52708e-17 1.89405e-219
1.39138e-08 2.36843e-209 5.72786e-17 2.36843e-209
1.54984e-08 1.66576e-199 4.94349e-17 1.66576e-199
1.72635e-08 6.58967e-190 6.60681e-17 6.58967e-190
1.92295e-08 1.46633e-180 7.46653e-17 1.46633e-180
2.14195e-08 1.8354e-171 5.09491e-17 1.8354e-171
2.38589e-08 1.29235e-162 1.98087e-17 1.29235e-162
2.65761e-08 5.11925e-154 4.35417e-18 5.11925e-154
2.96028e-08 1.14085e-145 5.40486e-19 1.14085e-145
3.29741e-08 1.43044e-137 3.78757e-20 1.43044e-137
3.67294e-08 1.00916e-129 1.49808e-21 1.00916e-129
4.09124e-08 4.00619e-122 3.34357e-23 4.00619e-122
4.55718e-08 8.94985e-115 4.20997e-25 8.94985e-115
5.07618e-08 1.12525e-107 2.98972e-27 1.12525e-107
5.65429e-08 7.96298e-101 1.19716e-29 7.96298e-101
6.29824e-08 3.17205e-94 2.70232e-32 3.17205e-94
7.01552e-08 7.11369e-88 3.43771e-35 7.11369e-88
7.81449e-08 8.98255e-82 2.46405e-38 8.98255e-82
8.70446e-08 6.38736e-76 9.94886e-42 6.38736e-76
9.69578e-08 2.5582e-70 2.26229e-45 2.5582e-70
1.08e-07 5.772e-65 2.89659e-49 5.772e-65
1.203e-07 7.33829e-60 2.08789e-53 7.33829e-60
1.34e-07 5.25841e-55 8.47099e-58 5.25841e-55
1.49261e-07 2.1244e-50 1.9342e-62 2.1244e-50
1.6626e-07 4.84054e-46 2.48511e-67 4.84054e-46
1.85195e-07 6.2231e-42 1.79644e-72 6.2231e-42
2.06286e-07 4.51636e-38 7.30554e-78 4.51636e-38
2.29779e-07 1.85138e-34 1.67117e-83 1.85138e-34
2.55947e-07 4.28986e-31 2.15019e-89 4.28986e-31
2.85096e-07 5.62364e-28 1.55592e-95 5.62364e-28
3.17565e-07 4.17554e-25 6.33169e-102 4.17554e-25
3.53731e-07 1.75862e-22 1.44893e-108 1.75862e-22
3.94017e-07 4.2097e-20 1.86443e-115 4.2097e-20
4.3889e-07 5.74288e-18 1.34894e-122 5.74288e-18
4.88873e-07 4.48202e-16 5.48745e-130 4.48202e-16
5.44549e-07 2.0124e-14 1.25505e-137 2.0124e-14
6.06566e-07 5.24199e-13 1.61381e-145 5.24199e-13
6.75646e-07 8.0251e-12 1.16662e-153 8.0251e-12
7.52593e-07 7.37008e-11 4.74115e-162 7.37008e-11
8.38303e-07 4.19635e-10 1.08319e-170 4.19635e-10
9.33774e-07 1.56255e-09 1.39117e-179 1.56255e-09
1.04012e-06 4.14355e-09 1.0044e-188 4.14355e-09
1.15857e-06 8.85664e-09 4.07641e-198 8.85664e-09
1.29052e-06 1.7424e-08 9.30006e-208 1.7424e-08
1.43749e-06 3.38541e-08 1.19269e-217 3.38541e-08
1.6012e-06 6.51218e-08 8.598e-228 6.51218e-08
1.78356e-06 1.23716e-07 3.48411e-238 1.23716e-07
1.98668e-06 2.34173e-07 7.93613e-249 2.34173e-07
2.21294e-06 4.4248e-07 1.01612e-259 4.4248e-07
2.46496e-06 8.30137e-07 7.31302e-271 8.30137e-07
2.74569e-06 1.55175e-06 2.95844e-282 1.55175e-06
3.05838e-06 2.90979e-06 6.7273e-294 2.90979e-06
3.40669e-06 5.44941e-06 8.59865e-306 5.44941e-06
3.79467e-06 1.01135e-05 6.17773e-318 1.01135e-05
4.22683e-06 1.8554e-05 0 1.8554e-05
4.70821e-06 3.35994e-05 0 3.35994e-05
5.24441e-06 5.99439e-05 0 5.99439e-05
5.84168e-06 0.000105132 0 0.000105132
6.50696e-06 0.000179979 0 0.000179979
7.24802e-06 0.000297211 0 0.000297211
8.07347e-06 0.000467409 0 0.000467409
8.99293e-06 0.000690484 0 0.000690484
1.00171e-05 0.000942828 0 0.000942828
1.11579e-05 0.00116815 0 0.00116815
1.24286e-05 0.00128851 0 0.00128851
1.38441e-05 0.00124358 0 0.00124358
1.54208e-05 0.00103696 0 0.00103696
1.7177e-05 0.000742496 0 0.000742496
1.91332e-05 0.000455895 0 0.000455895
2.13122e-05 0.00024142 0 0.00024142
2.37394e-05 0.000114109 0 0.000114109
2.6443e-05 5.28952e-05 0 5.28952e-05
2.94545e-05 2.78897e-05 0 2.78897e-05
3.28089e-05 1.89282e-05 0 1.89282e-05
3.65454e-05 1.59526e-05 0 1.59526e-05
4.07074e-05 1.3621e-05 0 1.3621e-05
4.53435e-05 1.01438e-05 0 1.01438e-05
5.05075e-05 7.0498e-06 0 7.0498e-06
5.62596e-05 5.70543e-06 0 5.70543e-06
6.26668e-05 4.91299e-06 0 4.91299e-06
6.98037e-05 3.53067e-06 0 3.53067e-06
7.77534e-05 2.85392e-06 0 2.85392e-06
8.66085e-05 3.80691e-06 0 3.80691e-06
9.6472e-05 4.43204e-06 0 4.43204e-06
