2.22408e-09 0 1.73117e-15 0
2.47858e-09 0 1.24902e-15 0
2.7622e-09 0 8.51703e-16 0
3.07827e-09 0 7.60971e-16 0
3.43052e-09 0 6.43011e-16 0
3.82306e-09 0 5.27834e-16 0
4.26053e-09 0 3.88637e-16 0
4.74806e-09 0 2.41421e-16 0
5.29137e-09 0 1.24049e-16 0
5.89685e-09 0 5.06461e-17 0
6.57162e-09 0 1.57159e-17 0
7.3236e-09 0 3.62551e-18 0
8.16163e-09 0 4.60857e-19 0
9.09555e-09 0 2.34584e-20 0
1.01363e-08 0 4.17696e-22 0
1.12962e-08 0 2.49307e-24 0
1.25888e-08 0 4.9196e-27 0
1.40294e-08 0 3.19304e-30 0
1.56347e-08 0 6.80033e-34 0
1.74238e-08 0 4.74593e-38 0
1.94176e-08 0 1.0844e-42 0
2.16395e-08 0 8.10662e-48 0
2.41156e-08 0 1.9817e-53 0
2.68752e-08 0 1.58339e-59 0
2.99504e-08 0 4.13348e-66 0
3.33776e-08 0 3.52426e-73 0
3.7197e-08 0 9.8108e-81 0
4.14534e-08 0 8.91454e-89 0
4.61968e-08 0 2.64322e-97 0
5.14831e-08 3.82407e-321 2.55683e-106 3.82407e-321
5.73742e-08 5.58119e-304 8.06679e-116 5.58119e-304
6.39394e-08 2.6498e-287 8.29928e-126 2.6498e-287
7.12559e-08 4.09478e-271 2.78379e-136 4.09478e-271
7.94096e-08 2.05958e-255 3.04376e-147 2.05958e-255
8.84963e-08 3.37177e-240 1.08466e-158 3.37177e-240
9.86228e-08 1.79668e-225 1.25956e-170 1.79668e-225
1.09908e-07 3.11613e-211 4.76578e-183 3.11613e-211
1.22485e-07 1.75912e-197 5.87466e-196 1.75912e-197
1.365e-07 3.23229e-184 2.35895e-209 3.23229e-184
1.5212e-07 1.93315e-171 3.08534e-223 1.93315e-171
1.69527e-07 3.76324e-159 1.3143e-237 3.76324e-159
1.88926e-07 2.38454e-147 1.82332e-252 2.38454e-147
2.10544e-07 4.91815e-136 8.23716e-268 4.91815e-136
2.34636e-07 3.30187e-125 1.21175e-283 3.30187e-125
2.61485e-07 7.21595e-115 5.80423e-300 7.21595e-115
2.91407e-07 5.13354e-105 9.05219e-317 5.13354e-105
3.24752e-07 1.18893e-95 0 1.18893e-95
3.61913e-07 8.96477e-87 0 8.96477e-87
4.03326e-07 2.20096e-78 0 2.20096e-78
4.49478e-07 1.75969e-70 0 1.75969e-70
5.00911e-07 4.58236e-63 0 4.58236e-63
5.58229e-07 3.88765e-56 0 3.88765e-56
6.22107e-07 1.07493e-49 0 1.07493e-49
6.93293e-07 9.69112e-44 0 9.69112e-44
7.72626e-07 2.85068e-38 0 2.85068e-38
8.61036e-07 2.73826e-33 0 2.73826e-33
9.59563e-07 8.59891e-29 0 8.59891e-29
1.06936e-06 8.84084e-25 0 8.84084e-25
1.19173e-06 2.98161e-21 0 2.98161e-21
1.3281e-06 3.30652e-18 0 3.30652e-18
1.48007e-06 1.20966e-15 0 1.20966e-15
1.64943e-06 1.46706e-13 0 1.46706e-13
1.83817e-06 5.95731e-12 0 5.95731e-12
2.04851e-06 8.34014e-11 0 8.34014e-11
2.28292e-06 4.48309e-10 0 4.48309e-10
2.54415e-06 1.29731e-09 0 1.29731e-09
2.83528e-06 3.0619e-09 0 3.0619e-09
3.15971e-06 5.75543e-09 0 5.75543e-09
3.52128e-06 9.22943e-09 0 9.22943e-09
3.92421e-06 1.44485e-08 0 1.44485e-08
4.37325e-06 2.11575e-08 0 2.11575e-08
4.87368e-06 4.08756e-08 0 4.08756e-08
5.43136e-06 9.85761e-08 0 9.85761e-08
6.05287e-06 2.19623e-07 0 2.19623e-07
6.74549e-06 4.30533e-07 0 4.30533e-07
7.51736e-06 7.53207e-07 0 7.53207e-07
8.37756e-06 1.26041e-06 0 1.26041e-06
9.33619e-06 2.2639e-06 0 2.2639e-06
1.04045e-05 4.08772e-06 0 4.08772e-06
1.15951e-05 7.53205e-06 0 7.53205e-06
1.29219e-05 1.42625e-05 0 1.42625e-05
1.44005e-05 2.53125e-05 0 2.53125e-05
1.60484e-05 4.29345e-05 0 4.29345e-05
1.78848e-05 7.22529e-05 0 7.22529e-05
1.99313e-05 0.000117101 0 0.000117101
2.2212e-05 0.000181808 0 0.000181808
2.47537e-05 0.000279389 0 0.000279389
2.75862e-05 0.000429765 0 0.000429765
3.07428e-05 0.000627016 0 0.000627016
3.42607e-05 0.000830387 0 0.000830387
3.81811e-05 0.00100893 0 0.00100893
4.25501e-05 0.0011174 0 0.0011174
4.7419e-05 0.00108865 0 0.00108865
5.28451e-05 0.000971192 0 0.000971192
5.88921e-05 0.000830486 0 0.000830486
6.56311e-05 0.000673514 0 0.000673514
7.31411e-05 0.000475639 0 0.000475639
8.15105e-05 0.000266753 0 0.000266753
9.08377e-05 0.000113274 0 0.000113274
0.000101232 3.64354e-05 0 3.64354e-05
