2.22408e-09 0 2.11539e-15 0
2.47632e-09 0 1.47207e-15 0
2.75717e-09 0 8.80398e-16 0
3.06987e-09 0 7.18047e-16 0
3.41804e-09 0 5.24815e-16 0
3.80569e-09 0 3.39428e-16 0
4.2373e-09 0 1.88965e-16 0
4.71787e-09 0 8.57994e-17 0
5.25294e-09 0 3.28027e-17 0
5.8487e-09 0 9.96046e-18 0
6.51202e-09 0 2.25856e-18 0
7.25057e-09 0 3.29544e-19 0
8.07288e-09 0 2.14979e-20 0
8.98845e-09 0 5.0788e-22 0
1.00079e-08 0 4.07391e-24 0
1.11429e-08 0 1.09089e-26 0
1.24066e-08 0 9.70681e-30 0
1.38137e-08 0 2.8663e-33 0
1.53804e-08 0 2.80765e-37 0
1.71247e-08 0 9.12193e-42 0
1.90669e-08 0 9.82954e-47 0
2.12294e-08 0 3.51299e-52 0
2.36371e-08 0 4.16406e-58 0
2.63178e-08 0 1.63701e-64 0
2.93026e-08 0 2.13442e-71 0
3.26259e-08 0 9.23004e-79 0
3.63261e-08 0 1.3238e-86 0
4.0446e-08 0 6.29701e-95 0
4.50332e-08 0 9.93438e-104 0
5.01405e-08 0 5.19807e-113 0
5.58271e-08 2.89922e-308 9.02065e-123 2.89922e-308
6.21587e-08 1.32588e-291 5.19192e-133 1.32588e-291
6.92083e-08 2.01106e-275 9.91088e-144 2.01106e-275
7.70575e-08 1.01167e-259 6.27468e-155 1.01167e-259
8.57968e-08 1.68791e-244 1.31754e-166 1.68791e-244
9.55274e-08 9.34025e-230 9.17556e-179 9.34025e-230
1.06361e-07 1.71421e-215 2.11931e-191 1.71421e-215
1.18424e-07 1.04344e-201 1.6235e-204 1.04344e-201
1.31855e-07 2.10655e-188 4.1248e-218 2.10655e-188
1.46809e-07 1.41052e-175 3.47575e-232 1.41052e-175
1.6346e-07 3.13249e-163 9.71378e-247 3.13249e-163
1.81998e-07 2.30734e-151 9.00374e-262 2.30734e-151
2.02639e-07 5.637e-140 2.76791e-277 5.637e-140
2.25621e-07 4.5678e-129 2.82212e-293 4.5678e-129
2.5121e-07 1.22772e-118 9.54318e-310 1.22772e-118
2.797e-07 1.09456e-108 0 1.09456e-108
3.11422e-07 3.23705e-99 0 3.23705e-99
3.46741e-07 3.1758e-90 0 3.1758e-90
3.86067e-07 1.03369e-81 0 1.03369e-81
4.29852e-07 1.11638e-73 0 1.11638e-73
4.78603e-07 4.00116e-66 0 4.00116e-66
5.32883e-07 4.76006e-59 0 4.76006e-59
5.93319e-07 1.88027e-52 0 1.88027e-52
6.60609e-07 2.46708e-46 0 2.46708e-46
7.35531e-07 1.07583e-40 0 1.07583e-40
8.18951e-07 1.56033e-35 0 1.56033e-35
9.11831e-07 7.53398e-31 0 7.53398e-31
1.01524e-06 1.21261e-26 0 1.21261e-26
1.13039e-06 6.51651e-23 0 6.51651e-23
1.25859e-06 1.17172e-19 0 1.17172e-19
1.40133e-06 7.06853e-17 0 7.06853e-17
1.56026e-06 1.43605e-14 0 1.43605e-14
1.73721e-06 9.88878e-13 0 9.88878e-13
1.93424e-06 2.3444e-11 0 2.3444e-11
2.15361e-06 2.01586e-10 0 2.01586e-10
2.39785e-06 7.59431e-10 0 7.59431e-10
2.6698e-06 1.93579e-09 0 1.93579e-09
2.97259e-06 4.16878e-09 0 4.16878e-09
3.30973e-06 7.07942e-09 0 7.07942e-09
3.68509e-06 1.1227e-08 0 1.1227e-08
4.10303e-06 1.68696e-08 0 1.68696e-08
4.56837e-06 2.61928e-08 0 2.61928e-08
5.08649e-06 5.79106e-08 0 5.79106e-08
5.66336e-06 1.38544e-07 0 1.38544e-07
6.30567e-06 2.95828e-07 0 2.95828e-07
7.02081e-06 5.50203e-07 0 5.50203e-07
7.81707e-06 9.22528e-07 0 9.22528e-07
8.70363e-06 1.59385e-06 0 1.59385e-06
9.69074e-06 2.98944e-06 0 2.98944e-06
1.07898e-05 5.50388e-06 0 5.50388e-06
1.20135e-05 1.02838e-05 0 1.02838e-05
1.3376e-05 1.896e-05 0 1.896e-05
1.4893e-05 3.2951e-05 0 3.2951e-05
1.65821e-05 5.64253e-05 0 5.64253e-05
1.84627e-05 9.59175e-05 0 9.59175e-05
2.05567e-05 0.00015719 0 0.00015719
2.28881e-05 0.000250118 0 0.000250118
2.54839e-05 0.000392546 0 0.000392546
2.83741e-05 0.00059238 0 0.00059238
3.15921e-05 0.000829557 0 0.000829557
3.51751e-05 0.00105943 0 0.00105943
3.91644e-05 0.00122548 0 0.00122548
4.36062e-05 0.00125515 0 0.00125515
4.85517e-05 0.00111314 0 0.00111314
5.40581e-05 0.000871483 0 0.000871483
6.0189e-05 0.000617122 0 0.000617122
6.70153e-05 0.000391998 0 0.000391998
7.46157e-05 0.000206775 0 0.000206775
8.30782e-05 8.66511e-05 0 8.66511e-05
9.25003e-05 2.56859e-05 0 2.56859e-05
