2.22408e-09 0 2.50905e-17 0
2.55963e-09 0 1.81811e-18 0
2.9458e-09 0 1.16423e-18 0
3.39023e-09 0 1.09429e-18 0
3.90172e-09 0 1.17578e-18 0
4.49037e-09 0 1.38842e-18 0
5.16783e-09 0 1.68091e-18 0
5.9475e-09 0 2.03909e-18 0
6.8448e-09 0 2.74429e-18 0
7.87748e-09 0 3.92091e-18 0
9.06596e-09 0 5.35406e-18 0
1.04337e-08 0 7.37097e-18 0
1.20079e-08 0 1.03151e-17 0
1.38195e-08 0 1.41988e-17 0
1.59045e-08 0 2.04433e-17 0
1.8304e-08 0 3.05153e-17 0
2.10655e-08 0 4.51395e-17 0
2.42436e-08 0 6.80955e-17 0
2.79013e-08 0 1.06488e-16 0
3.21108e-08 0 1.5369e-16 0
3.69553e-08 0 2.31601e-16 0
4.25308e-08 0 3.55973e-16 0
4.89474e-08 0 4.94681e-16 0
5.63321e-08 5.96256e-290 6.33893e-16 5.96256e-290
6.48309e-08 4.00374e-254 7.64712e-16 4.00374e-254
7.46119e-08 8.78366e-221 7.88597e-16 8.78366e-221
8.58687e-08 6.29597e-190 7.70244e-16 6.29597e-190
9.88237e-08 1.47445e-161 6.52887e-16 1.47445e-161
1.13733e-07 1.12821e-135 4.54107e-16 1.12821e-135
1.30892e-07 2.82077e-112 2.32221e-16 2.82077e-112
1.5064e-07 2.30473e-91 7.4337e-17 2.30473e-91
1.73367e-07 6.15607e-73 1.27911e-17 6.15607e-73
1.99523e-07 5.38028e-57 5.18378e-19 5.38028e-57
2.29625e-07 1.54201e-43 2.11404e-22 1.54201e-43
2.64268e-07 1.45719e-32 3.40304e-28 1.45719e-32
3.04139e-07 4.59985e-24 1.85282e-36 4.59985e-24
3.50024e-07 4.99193e-18 3.31787e-47 4.99193e-18
4.02832e-07 1.96635e-14 1.94384e-60 1.96635e-14
4.63607e-07 3.28424e-13 3.72201e-76 3.28424e-13
5.33552e-07 1.82024e-13 2.32869e-94 1.82024e-13
6.14049e-07 1.75909e-13 4.76041e-115 1.75909e-13
7.06691e-07 3.79836e-13 3.17957e-138 3.79836e-13
8.13309e-07 1.06777e-12 6.9388e-164 1.06777e-12
9.36013e-07 3.2412e-12 4.94755e-192 3.2412e-12
1.07723e-06 6.11819e-12 1.15262e-222 6.11819e-12
1.23975e-06 3.1407e-12 8.77354e-256 3.1407e-12
1.42679e-06 1.67979e-11 2.18199e-291 1.67979e-11
1.64205e-06 3.76883e-11 0 3.76883e-11
1.88979e-06 1.03466e-10 0 1.03466e-10
2.1749e-06 2.21107e-10 0 2.21107e-10
2.50303e-06 3.9307e-10 0 3.9307e-10
2.88066e-06 6.84924e-10 0 6.84924e-10
3.31527e-06 1.55469e-09 0 1.55469e-09
3.81544e-06 2.84963e-09 0 2.84963e-09
4.39108e-06 5.16809e-09 0 5.16809e-09
5.05356e-06 9.1251e-09 0 9.1251e-09
5.816e-06 1.5124e-08 0 1.5124e-08
6.69345e-06 2.20391e-08 0 2.20391e-08
7.7033e-06 3.43978e-08 0 3.43978e-08
8.86549e-06 4.97168e-08 0 4.97168e-08
1.0203e-05 6.82381e-08 0 6.82381e-08
1.17424e-05 9.93901e-08 0 9.93901e-08
1.35139e-05 1.39884e-07 0 1.39884e-07
1.55528e-05 1.90804e-07 0 1.90804e-07
1.78992e-05 2.76437e-07 0 2.76437e-07
2.05997e-05 4.07203e-07 0 4.07203e-07
2.37076e-05 6.2452e-07 0 6.2452e-07
2.72843e-05 9.32791e-07 0 9.32791e-07
3.14007e-05 1.21903e-06 0 1.21903e-06
3.61382e-05 1.37564e-06 0 1.37564e-06
4.15903e-05 1.39272e-06 0 1.39272e-06
4.78651e-05 1.37213e-06 0 1.37213e-06
5.50865e-05 1.48994e-06 0 1.48994e-06
6.33974e-05 1.73494e-06 0 1.73494e-06
7.29622e-05 2.05917e-06 0 2.05917e-06
8.397e-05 2.62899e-06 0 2.62899e-06
9.66385e-05 3.52882e-06 0 3.52882e-06
0.000111218 4.98047e-06 0 4.98047e-06
0.000127998 6.8272e-06 0 6.8272e-06
0.000147309 9.39465e-06 0 9.39465e-06
0.000169533 1.30826e-05 0 1.30826e-05
0.000195111 1.81432e-05 0 1.81432e-05
0.000224547 2.63232e-05 0 2.63232e-05
0.000258425 3.92291e-05 0 3.92291e-05
0.000297414 5.7686e-05 0 5.7686e-05
0.000342284 8.93995e-05 0 8.93995e-05
0.000393925 0.000136772 0 0.000136772
0.000453356 0.000197132 0 0.000197132
0.000521754 0.000301662 0 0.000301662
0.000600471 0.000456508 0 0.000456508
0.000691065 0.00061871 0 0.00061871
0.000795326 0.000796598 0 0.000796598
0.000915316 0.000931109 0 0.000931109
0.00105341 0.000943766 0 0.000943766
0.00121234 0.000907659 0 0.000907659
0.00139524 0.000745581 0 0.000745581
0.00160574 0.000504184 0 0.000504184
0.001848 0.000234911 0 0.000234911
0.00212681 6.74559e-05 0 6.74559e-05
0.00244768 1.06738e-05 0 1.06738e-05
