2.22408e-09 0 5.69784e-15 0
2.46874e-09 0 1.17519e-15 0
2.74031e-09 0 1.03109e-17 0
3.04175e-09 0 3.84842e-21 0
3.37636e-09 0 6.11027e-26 0
3.74777e-09 0 4.12698e-32 0
4.16004e-09 0 1.18576e-39 0
4.61766e-09 0 1.4493e-48 0
5.12562e-09 0 7.53549e-59 0
5.68946e-09 0 1.66671e-70 0
6.31533e-09 0 1.56819e-83 0
7.01004e-09 0 6.27675e-98 0
7.78117e-09 0 1.06872e-113 0
8.63713e-09 0 7.7408e-131 0
9.58725e-09 0 2.38508e-149 0
1.06419e-08 0 3.12617e-169 0
1.18125e-08 0 1.74307e-190 0
1.3112e-08 0 4.13441e-213 0
1.45543e-08 0 4.17162e-237 0
1.61554e-08 0 1.79057e-262 0
1.79325e-08 0 3.26941e-289 0
1.99052e-08 0 2.52557e-317 0
2.20948e-08 0 0 0
2.45253e-08 0 0 0
2.72232e-08 0 0 0
3.02179e-08 0 0 0
3.35419e-08 0 0 0
3.72317e-08 0 0 0
4.13273e-08 0 0 0
4.58735e-08 0 0 0
5.09197e-08 3.53904e-317 0 3.53904e-317
5.65211e-08 5.27824e-289 0 5.27824e-289
6.27387e-08 3.34877e-262 0 3.34877e-262
6.96402e-08 9.03809e-237 0 9.03809e-237
7.73009e-08 1.03768e-212 0 1.03768e-212
8.58043e-08 5.06809e-190 0 5.06809e-190
9.52431e-08 1.05299e-168 0 1.05299e-168
1.0572e-07 9.30685e-149 0 9.30685e-149
1.1735e-07 3.49937e-130 0 3.49937e-130
1.30259e-07 5.59757e-113 0 5.59757e-113
1.44588e-07 3.80941e-97 0 3.80941e-97
1.60493e-07 1.10311e-82 0 1.10311e-82
1.78148e-07 1.35953e-69 0 1.35953e-69
1.97745e-07 7.13481e-58 0 7.13481e-58
2.19497e-07 1.59593e-47 0 1.59593e-47
2.43643e-07 1.5244e-38 0 1.5244e-38
2.70445e-07 6.24038e-31 0 6.24038e-31
3.00195e-07 1.10235e-24 0 1.10235e-24
3.33217e-07 8.50632e-20 0 8.50632e-20
3.69873e-07 2.92548e-16 0 2.92548e-16
4.1056e-07 4.6176e-14 0 4.6176e-14
4.55723e-07 3.63629e-13 0 3.63629e-13
5.05855e-07 3.52035e-13 0 3.52035e-13
5.61501e-07 1.15187e-13 0 1.15187e-13
6.23268e-07 2.90523e-13 0 2.90523e-13
6.9183e-07 5.04543e-13 0 5.04543e-13
7.67934e-07 9.46812e-13 0 9.46812e-13
8.5241e-07 1.97825e-12 0 1.97825e-12
9.46178e-07 5.29101e-12 0 5.29101e-12
1.05026e-06 8.50502e-12 0 8.50502e-12
1.16579e-06 6.55952e-12 0 6.55952e-12
1.29404e-06 7.17685e-12 0 7.17685e-12
1.43639e-06 2.96069e-11 0 2.96069e-11
1.59439e-06 5.1263e-11 0 5.1263e-11
1.76978e-06 1.21075e-10 0 1.21075e-10
1.96447e-06 2.30324e-10 0 2.30324e-10
2.18057e-06 4.54843e-10 0 4.54843e-10
2.42044e-06 8.45705e-10 0 8.45705e-10
2.68669e-06 1.19466e-09 0 1.19466e-09
2.98224e-06 2.55292e-09 0 2.55292e-09
3.3103e-06 5.01836e-09 0 5.01836e-09
3.67444e-06 9.05896e-09 0 9.05896e-09
4.07865e-06 1.67125e-08 0 1.67125e-08
4.52732e-06 3.43811e-08 0 3.43811e-08
5.02534e-06 6.63672e-08 0 6.63672e-08
5.57814e-06 1.23192e-07 0 1.23192e-07
6.19176e-06 2.15836e-07 0 2.15836e-07
6.87288e-06 4.17984e-07 0 4.17984e-07
7.62893e-06 7.72594e-07 0 7.72594e-07
8.46814e-06 1.42235e-06 0 1.42235e-06
9.39967e-06 2.53287e-06 0 2.53287e-06
1.04337e-05 4.7479e-06 0 4.7479e-06
1.15814e-05 9.06561e-06 0 9.06561e-06
1.28554e-05 1.64639e-05 0 1.64639e-05
1.42696e-05 2.93891e-05 0 2.93891e-05
1.58393e-05 5.3009e-05 0 5.3009e-05
1.75816e-05 9.43192e-05 0 9.43192e-05
1.95157e-05 0.000163231 0 0.000163231
2.16625e-05 0.000274028 0 0.000274028
2.40455e-05 0.000449686 0 0.000449686
2.66906e-05 0.000696958 0 0.000696958
2.96266e-05 0.00101675 0 0.00101675
3.28857e-05 0.00134587 0 0.00134587
3.65032e-05 0.00155428 0 0.00155428
4.05187e-05 0.00154074 0 0.00154074
4.49759e-05 0.00122661 0 0.00122661
4.99235e-05 0.000729797 0 0.000729797
5.54153e-05 0.000304619 0 0.000304619
6.15111e-05 8.33431e-05 0 8.33431e-05
6.82776e-05 1.06358e-05 0 1.06358e-05
