2.22408e-09 0 3.27255e-15 0
2.46756e-09 0 1.95335e-15 0
2.7377e-09 0 4.15396e-16 0
3.03741e-09 0 3.14726e-17 0
3.36994e-09 0 8.49553e-19 0
3.73886e-09 0 8.17027e-21 0
4.14818e-09 0 2.79944e-23 0
4.6023e-09 0 3.41738e-26 0
5.10614e-09 0 1.48629e-29 0
5.66514e-09 0 2.30304e-33 0
6.28533e-09 0 1.27142e-37 0
6.97342e-09 0 2.5007e-42 0
7.73684e-09 0 1.75236e-47 0
8.58384e-09 0 4.37496e-53 0
9.52356e-09 0 3.89146e-59 0
1.05662e-08 0 1.23321e-65 0
1.17229e-08 0 1.39236e-72 0
1.30063e-08 0 5.60087e-80 0
1.44301e-08 0 8.02686e-88 0
1.60099e-08 0 4.09849e-96 0
1.77626e-08 0 7.45574e-105 0
1.97071e-08 2.12555e-314 4.8322e-114 2.12555e-314
2.18646e-08 3.77998e-298 1.1158e-123 3.77998e-298
2.42582e-08 2.39495e-282 9.17948e-134 2.39495e-282
2.69139e-08 5.40617e-267 2.69052e-144 5.40617e-267
2.98603e-08 4.34783e-252 2.80959e-155 4.34783e-252
3.31293e-08 1.24578e-237 1.04529e-166 1.24578e-237
3.67562e-08 1.27175e-223 1.38554e-178 1.27175e-223
4.07801e-08 4.62538e-210 6.54321e-191 4.62538e-210
4.52445e-08 5.99351e-197 1.1009e-203 5.99351e-197
5.01977e-08 2.76696e-184 6.59927e-217 2.76696e-184
5.56931e-08 4.55107e-172 1.40939e-230 4.55107e-172
6.17901e-08 2.66693e-160 1.07239e-244 2.66693e-160
6.85546e-08 5.56799e-149 2.90713e-259 5.56799e-149
7.60597e-08 4.14165e-138 2.80778e-274 4.14165e-138
8.43864e-08 1.09758e-127 9.66161e-290 1.09758e-127
9.36246e-08 1.0363e-117 1.18447e-305 1.0363e-117
1.03874e-07 3.48598e-108 0 3.48598e-108
1.15246e-07 4.17783e-99 0 4.17783e-99
1.27863e-07 1.78388e-90 0 1.78388e-90
1.4186e-07 2.71374e-82 0 2.71374e-82
1.57391e-07 1.47082e-74 0 1.47082e-74
1.74621e-07 2.84012e-67 0 2.84012e-67
1.93738e-07 1.95391e-60 0 1.95391e-60
2.14947e-07 4.78915e-54 0 4.78915e-54
2.38479e-07 4.18216e-48 0 4.18216e-48
2.64587e-07 1.30116e-42 0 1.30116e-42
2.93552e-07 1.44228e-37 0 1.44228e-37
3.25689e-07 5.69583e-33 0 5.69583e-33
3.61344e-07 8.01404e-29 0 8.01404e-29
4.00903e-07 4.0173e-25 0 4.0173e-25
4.44792e-07 7.17472e-22 0 7.17472e-22
4.93485e-07 4.56524e-19 0 4.56524e-19
5.4751e-07 1.03493e-16 0 1.03493e-16
6.07449e-07 8.35883e-15 0 8.35883e-15
6.7395e-07 2.4053e-13 0 2.4053e-13
7.47731e-07 2.46592e-12 0 2.46592e-12
8.29589e-07 9.00696e-12 0 9.00696e-12
9.20409e-07 1.1721e-11 0 1.1721e-11
1.02117e-06 5.43426e-12 0 5.43426e-12
1.13297e-06 8.97694e-13 0 8.97694e-13
1.257e-06 6.05424e-14 0 6.05424e-14
1.39461e-06 4.07342e-13 0 4.07342e-13
1.54728e-06 7.63889e-12 0 7.63889e-12
1.71667e-06 5.21968e-11 0 5.21968e-11
1.90461e-06 1.46995e-10 0 1.46995e-10
2.11311e-06 2.8475e-10 0 2.8475e-10
2.34445e-06 5.1357e-10 0 5.1357e-10
2.60111e-06 7.38957e-10 0 7.38957e-10
2.88587e-06 1.99985e-09 0 1.99985e-09
3.2018e-06 6.1511e-09 0 6.1511e-09
3.55232e-06 1.26058e-08 0 1.26058e-08
3.94121e-06 1.98606e-08 0 1.98606e-08
4.37268e-06 3.26649e-08 0 3.26649e-08
4.85138e-06 6.90373e-08 0 6.90373e-08
5.38249e-06 1.37245e-07 0 1.37245e-07
5.97174e-06 2.27513e-07 0 2.27513e-07
6.6255e-06 3.89014e-07 0 3.89014e-07
7.35083e-06 7.03656e-07 0 7.03656e-07
8.15557e-06 1.25502e-06 0 1.25502e-06
9.0484e-06 2.33093e-06 0 2.33093e-06
1.0039e-05 4.54603e-06 0 4.54603e-06
1.1138e-05 8.6847e-06 0 8.6847e-06
1.23573e-05 1.55902e-05 0 1.55902e-05
1.37102e-05 2.76654e-05 0 2.76654e-05
1.52111e-05 4.89224e-05 0 4.89224e-05
1.68763e-05 8.41328e-05 0 8.41328e-05
1.87239e-05 0.000143851 0 0.000143851
2.07737e-05 0.000245146 0 0.000245146
2.30479e-05 0.000396249 0 0.000396249
2.55711e-05 0.000597785 0 0.000597785
2.83705e-05 0.000859466 0 0.000859466
3.14764e-05 0.00116056 0 0.00116056
3.49223e-05 0.00140196 0 0.00140196
3.87454e-05 0.00147864 0 0.00147864
4.29871e-05 0.00133566 0 0.00133566
4.76932e-05 0.00095412 0 0.00095412
5.29144e-05 0.000502895 0 0.000502895
5.87072e-05 0.000193167 0 0.000193167
6.51342e-05 5.747e-05 0 5.747e-05
