2.22408e-09 0 4.96547e-17 0
2.52905e-09 0 3.70184e-17 0
2.87583e-09 0 3.67046e-17 0
3.27016e-09 0 4.16448e-17 0
3.71856e-09 0 4.8838e-17 0
4.22845e-09 0 5.77914e-17 0
4.80826e-09 0 6.68797e-17 0
5.46756e-09 0 7.98683e-17 0
6.21727e-09 0 9.78816e-17 0
7.06978e-09 0 1.17441e-16 0
8.03919e-09 0 1.34256e-16 0
9.14152e-09 0 1.54277e-16 0
1.0395e-08 0 1.90522e-16 0
1.18204e-08 0 2.32008e-16 0
1.34412e-08 0 2.76706e-16 0
1.52842e-08 0 3.42841e-16 0
1.738e-08 0 3.96491e-16 0
1.97631e-08 2.80559e-315 4.5971e-16 2.80559e-315
2.2473e-08 2.93002e-295 5.36472e-16 2.93002e-295
2.55545e-08 6.30937e-276 6.0197e-16 6.30937e-276
2.90586e-08 2.80138e-257 6.27286e-16 2.80138e-257
3.3043e-08 2.56466e-239 5.77775e-16 2.56466e-239
3.75739e-08 4.84126e-222 5.15219e-16 4.84126e-222
4.2726e-08 1.88433e-205 4.39902e-16 1.88433e-205
4.85846e-08 1.51226e-189 2.68115e-16 1.51226e-189
5.52465e-08 2.50246e-174 9.84359e-17 2.50246e-174
6.28219e-08 8.53842e-160 1.76613e-17 8.53842e-160
7.1436e-08 6.00702e-146 9.63252e-19 6.00702e-146
8.12313e-08 8.71387e-133 1.237e-20 8.71387e-133
9.23697e-08 2.60636e-120 3.45663e-23 2.60636e-120
1.05035e-07 1.60741e-108 2.04761e-26 1.60741e-108
1.19438e-07 2.04405e-97 2.54293e-30 2.04405e-97
1.35815e-07 5.35952e-87 6.58351e-35 5.35952e-87
1.54438e-07 2.89755e-77 3.54191e-40 2.89755e-77
1.75614e-07 3.23004e-68 3.95234e-46 3.23004e-68
1.99695e-07 7.42428e-60 9.13713e-53 7.42428e-60
2.27077e-07 3.51862e-52 4.37306e-60 3.51862e-52
2.58213e-07 3.43843e-45 4.33089e-68 3.43843e-45
2.9362e-07 6.92817e-39 8.87239e-77 6.92817e-39
3.33881e-07 2.87838e-33 3.75902e-86 2.87838e-33
3.79662e-07 2.46575e-28 3.29306e-96 2.46575e-28
4.31721e-07 4.35531e-24 5.96419e-107 4.35531e-24
4.90919e-07 1.58621e-20 2.23292e-118 1.58621e-20
5.58233e-07 1.19117e-17 1.72787e-130 1.19117e-17
6.34778e-07 1.8444e-15 2.76324e-143 1.8444e-15
7.21819e-07 5.88856e-14 9.13166e-157 5.88856e-14
8.20794e-07 3.87644e-13 6.23531e-171 3.87644e-13
9.33341e-07 5.26172e-13 8.79628e-186 5.26172e-13
1.06132e-06 1.47263e-13 2.56349e-201 1.47263e-13
1.20685e-06 8.49825e-15 1.54316e-217 8.49825e-15
1.37233e-06 1.0112e-16 1.91867e-234 1.0112e-16
1.56051e-06 2.48109e-19 4.9267e-252 2.48109e-19
1.77448e-06 1.08716e-19 2.61242e-270 1.08716e-19
2.0178e-06 1.52395e-16 2.86037e-289 1.52395e-16
2.29448e-06 4.58873e-14 6.46636e-309 4.58873e-14
2.6091e-06 3.05979e-12 0 3.05979e-12
2.96685e-06 4.86003e-11 0 4.86003e-11
3.37367e-06 2.23746e-10 0 2.23746e-10
3.83626e-06 4.49675e-10 0 4.49675e-10
4.36229e-06 7.22531e-10 0 7.22531e-10
4.96045e-06 1.97569e-09 0 1.97569e-09
5.64062e-06 4.34639e-09 0 4.34639e-09
6.41406e-06 7.9176e-09 0 7.9176e-09
7.29356e-06 1.62119e-08 0 1.62119e-08
8.29365e-06 3.40492e-08 0 3.40492e-08
9.43087e-06 8.13015e-08 0 8.13015e-08
1.0724e-05 1.95387e-07 0 1.95387e-07
1.21945e-05 3.94266e-07 0 3.94266e-07
1.38666e-05 7.24972e-07 0 7.24972e-07
1.5768e-05 1.41094e-06 0 1.41094e-06
1.79301e-05 2.69603e-06 0 2.69603e-06
2.03887e-05 4.98386e-06 0 4.98386e-06
2.31843e-05 8.45725e-06 0 8.45725e-06
2.63634e-05 1.29807e-05 0 1.29807e-05
2.99783e-05 1.77084e-05 0 1.77084e-05
3.40889e-05 2.31126e-05 0 2.31126e-05
3.87632e-05 3.04926e-05 0 3.04926e-05
4.40784e-05 3.90634e-05 0 3.90634e-05
5.01224e-05 5.04826e-05 0 5.04826e-05
5.69952e-05 6.24893e-05 0 6.24893e-05
6.48103e-05 7.25008e-05 0 7.25008e-05
7.36971e-05 8.80015e-05 0 8.80015e-05
8.38024e-05 0.000111692 0 0.000111692
9.52934e-05 0.000136335 0 0.000136335
0.00010836 0.000157359 0 0.000157359
0.000123218 0.000179182 0 0.000179182
0.000140114 0.000219343 0 0.000219343
0.000159326 0.000267874 0 0.000267874
0.000181173 0.000320526 0 0.000320526
0.000206015 0.000401243 0 0.000401243
0.000234264 0.000468248 0 0.000468248
0.000266386 0.000534407 0 0.000534407
0.000302913 0.000625497 0 0.000625497
0.000344449 0.00070815 0 0.00070815
0.000391679 0.000749938 0 0.000749938
0.000445386 0.000706269 0 0.000706269
0.000506457 0.000628969 0 0.000628969
0.000575903 0.000547733 0 0.000547733
0.00065487 0.000357602 0 0.000357602
0.000744666 0.000142433 0 0.000142433
