2.22408e-09 0 9.02149e-17 0
2.52381e-09 0 5.74603e-17 0
2.86393e-09 0 4.0343e-17 0
3.24988e-09 0 4.11433e-17 0
3.68785e-09 0 4.82677e-17 0
4.18484e-09 0 6.21122e-17 0
4.74881e-09 0 8.34346e-17 0
5.38878e-09 0 1.0758e-16 0
6.115e-09 0 1.31092e-16 0
6.93908e-09 0 1.54942e-16 0
7.87423e-09 0 1.98723e-16 0
8.93539e-09 0 2.49579e-16 0
1.01396e-08 0 3.00731e-16 0
1.1506e-08 0 3.61513e-16 0
1.30566e-08 0 4.18194e-16 0
1.48162e-08 0 4.64712e-16 0
1.68129e-08 0 5.49837e-16 0
1.90787e-08 0 6.189e-16 0
2.16498e-08 0 6.42933e-16 0
2.45674e-08 0 6.9235e-16 0
2.78782e-08 0 6.37471e-16 0
3.16352e-08 0 3.85405e-16 0
3.58985e-08 0 1.75167e-16 0
4.07364e-08 0 5.85618e-17 0
4.62262e-08 0 1.6263e-17 0
5.24558e-08 4.79868e-316 2.80344e-18 4.79868e-316
5.9525e-08 2.87555e-296 1.41422e-19 2.87555e-296
6.75469e-08 3.73916e-277 1.62887e-21 3.73916e-277
7.66498e-08 1.0551e-258 4.10436e-24 1.0551e-258
8.69795e-08 6.46091e-241 2.24651e-27 6.46091e-241
9.87012e-08 8.58596e-224 2.66761e-31 8.58596e-224
1.12003e-07 2.47625e-207 6.87041e-36 2.47625e-207
1.27097e-07 1.54997e-191 3.83768e-41 1.54997e-191
1.44225e-07 2.10569e-176 4.64919e-47 2.10569e-176
1.63661e-07 6.20898e-162 1.22154e-53 6.20898e-162
1.85717e-07 3.97392e-148 6.96077e-61 3.97392e-148
2.10745e-07 5.52085e-135 8.60258e-69 5.52085e-135
2.39146e-07 1.66493e-122 2.30579e-77 1.66493e-122
2.71374e-07 1.08996e-110 1.3404e-86 1.08996e-110
3.07946e-07 1.54903e-99 1.68992e-96 1.54903e-99
3.49446e-07 4.77926e-89 4.62084e-107 4.77926e-89
3.96539e-07 3.20134e-79 2.74029e-118 3.20134e-79
4.49978e-07 4.65573e-70 3.52445e-130 4.65573e-70
5.10619e-07 1.47008e-61 9.83125e-143 1.47008e-61
5.79432e-07 1.00788e-53 5.94766e-156 1.00788e-53
6.57519e-07 1.50039e-46 7.80377e-170 1.50039e-46
7.46129e-07 4.84997e-40 2.22067e-184 4.84997e-40
8.46681e-07 3.40428e-34 1.37051e-199 3.40428e-34
9.60784e-07 5.18889e-29 1.83444e-215 5.18889e-29
1.09026e-06 1.71754e-24 5.32532e-232 1.71754e-24
1.23719e-06 1.23469e-20 3.3528e-249 1.23469e-20
1.40392e-06 1.92842e-17 4.57816e-267 1.92842e-17
1.59312e-06 6.55585e-15 1.3558e-285 6.55585e-15
1.80782e-06 4.8968e-13 8.70802e-305 4.8968e-13
2.05145e-06 8.44568e-12 0 8.44568e-12
2.32791e-06 4.23862e-11 0 4.23862e-11
2.64163e-06 1.06467e-10 0 1.06467e-10
2.99762e-06 1.97759e-10 0 1.97759e-10
3.4016e-06 3.79602e-10 0 3.79602e-10
3.86001e-06 7.91079e-10 0 7.91079e-10
4.3802e-06 1.46898e-09 0 1.46898e-09
4.9705e-06 2.63952e-09 0 2.63952e-09
5.64035e-06 7.74262e-09 0 7.74262e-09
6.40047e-06 1.81827e-08 0 1.81827e-08
7.26302e-06 3.14416e-08 0 3.14416e-08
8.24182e-06 5.89706e-08 0 5.89706e-08
9.35252e-06 1.18188e-07 0 1.18188e-07
1.06129e-05 2.21704e-07 0 2.21704e-07
1.20432e-05 4.80094e-07 0 4.80094e-07
1.36661e-05 1.00716e-06 0 1.00716e-06
1.55079e-05 1.81518e-06 0 1.81518e-06
1.75978e-05 3.2155e-06 0 3.2155e-06
1.99693e-05 5.91954e-06 0 5.91954e-06
2.26605e-05 1.10407e-05 0 1.10407e-05
2.57143e-05 1.90401e-05 0 1.90401e-05
2.91797e-05 2.98324e-05 0 2.98324e-05
3.31121e-05 4.20016e-05 0 4.20016e-05
3.75744e-05 5.20072e-05 0 5.20072e-05
4.26381e-05 5.70505e-05 0 5.70505e-05
4.83842e-05 6.11339e-05 0 6.11339e-05
5.49046e-05 7.51157e-05 0 7.51157e-05
6.23038e-05 9.39334e-05 0 9.39334e-05
7.07002e-05 0.000119696 0 0.000119696
8.0228e-05 0.000148228 0 0.000148228
9.10399e-05 0.000171752 0 0.000171752
0.000103309 0.000216535 0 0.000216535
0.000117231 0.000277061 0 0.000277061
0.00013303 0.000334918 0 0.000334918
0.000150958 0.000407207 0 0.000407207
0.000171301 0.000485433 0 0.000485433
0.000194387 0.000543272 0 0.000543272
0.000220583 0.000619712 0 0.000619712
0.00025031 0.000722989 0 0.000722989
0.000284043 0.000768193 0 0.000768193
0.000322321 0.000809214 0 0.000809214
0.000365759 0.000836784 0 0.000836784
0.00041505 0.000603415 0 0.000603415
0.000470984 0.000304334 0 0.000304334
0.000534456 0.000116692 0 0.000116692
0.000606482 3.39967e-05 0 3.39967e-05
