2.22408e-09 0 3.27255e-15 0
2.46752e-09 0 1.9537e-15 0
2.7376e-09 0 4.1569e-16 0
3.03725e-09 0 3.15227e-17 0
3.3697e-09 0 8.51958e-19 0
3.73853e-09 0 8.20645e-21 0
4.14773e-09 0 2.8173e-23 0
4.60173e-09 0 3.4471e-26 0
5.10541e-09 0 1.50319e-29 0
5.66423e-09 0 2.33624e-33 0
6.28421e-09 0 1.29408e-37 0
6.97206e-09 0 2.55475e-42 0
7.73519e-09 0 1.79753e-47 0
8.58185e-09 0 4.50759e-53 0
9.52119e-09 0 4.0286e-59 0
1.05633e-08 0 1.28324e-65 0
1.17196e-08 0 1.4568e-72 0
1.30023e-08 0 5.89433e-80 0
1.44255e-08 0 8.49985e-88 0
1.60045e-08 0 4.36847e-96 0
1.77563e-08 0 8.00182e-105 0
1.96998e-08 0 5.22384e-114 0
2.1856e-08 0 1.21544e-123 0
2.42483e-08 0 1.0079e-133 0
2.69024e-08 0 2.9788e-144 0
2.98471e-08 0 3.13768e-155 0
3.3114e-08 0 1.17792e-166 0
3.67385e-08 4.63928e-321 1.57604e-178 4.63928e-321
4.07598e-08 1.31066e-304 7.51552e-191 1.31066e-304
4.52212e-08 1.31944e-288 1.2773e-203 1.31944e-288
5.01709e-08 4.73399e-273 7.73689e-217 4.73399e-273
5.56624e-08 6.05351e-258 1.67025e-230 6.05351e-258
6.1755e-08 2.75886e-243 1.28511e-244 2.75886e-243
6.85144e-08 4.48118e-229 3.52403e-259 4.48118e-229
7.60137e-08 2.59416e-215 3.44413e-274 2.59416e-215
8.43339e-08 5.35234e-202 1.19967e-289 5.35234e-202
9.35647e-08 3.93579e-189 1.48931e-305 3.93579e-189
1.03806e-07 1.03148e-176 0 1.03148e-176
1.15168e-07 9.63456e-165 0 9.63456e-165
1.27774e-07 3.20734e-153 0 3.20734e-153
1.41759e-07 3.80538e-142 0 3.80538e-142
1.57276e-07 1.60914e-131 0 1.60914e-131
1.74491e-07 2.42511e-121 0 2.42511e-121
1.9359e-07 1.30259e-111 0 1.30259e-111
2.14779e-07 2.49361e-102 0 2.49361e-102
2.38288e-07 1.70134e-93 0 1.70134e-93
2.6437e-07 4.13708e-85 0 4.13708e-85
2.93307e-07 3.58541e-77 0 3.58541e-77
3.25411e-07 1.10745e-69 0 1.10745e-69
3.61029e-07 1.21914e-62 0 1.21914e-62
4.00546e-07 4.78323e-56 0 4.78323e-56
4.44388e-07 6.68854e-50 0 6.68854e-50
4.93029e-07 3.33337e-44 0 3.33337e-44
5.46994e-07 5.92076e-39 0 5.92076e-39
6.06866e-07 3.74811e-34 0 3.74811e-34
6.73291e-07 8.45647e-30 0 8.45647e-30
7.46987e-07 6.79997e-26 0 6.79997e-26
8.28749e-07 1.9488e-22 0 1.9488e-22
9.1946e-07 1.99053e-19 0 1.99053e-19
1.0201e-06 7.24628e-17 0 7.24628e-17
1.13176e-06 9.40223e-15 0 9.40223e-15
1.25563e-06 4.35011e-13 0 4.35011e-13
1.39307e-06 7.20079e-12 0 7.20079e-12
1.54555e-06 4.37682e-11 0 4.37682e-11
1.71472e-06 1.16831e-10 0 1.16831e-10
1.90241e-06 2.56046e-10 0 2.56046e-10
2.11064e-06 5.92705e-10 0 5.92705e-10
2.34166e-06 1.07612e-09 0 1.07612e-09
2.59796e-06 1.54959e-09 0 1.54959e-09
2.88233e-06 1.68376e-09 0 1.68376e-09
3.19782e-06 1.99029e-09 0 1.99029e-09
3.54783e-06 5.19005e-09 0 5.19005e-09
3.93617e-06 1.56651e-08 0 1.56651e-08
4.367e-06 3.12281e-08 0 3.12281e-08
4.845e-06 5.098e-08 0 5.098e-08
5.37531e-06 9.9131e-08 0 9.9131e-08
5.96367e-06 2.03648e-07 0 2.03648e-07
6.61643e-06 3.77191e-07 0 3.77191e-07
7.34064e-06 6.77011e-07 0 6.77011e-07
8.14411e-06 1.25331e-06 0 1.25331e-06
9.03553e-06 2.31915e-06 0 2.31915e-06
1.00245e-05 4.2468e-06 0 4.2468e-06
1.11218e-05 7.92984e-06 0 7.92984e-06
1.23391e-05 1.53622e-05 0 1.53622e-05
1.36897e-05 2.81984e-05 0 2.81984e-05
1.51881e-05 4.81374e-05 0 4.81374e-05
1.68505e-05 8.16941e-05 0 8.16941e-05
1.86949e-05 0.000140754 0 0.000140754
2.07412e-05 0.000242114 0 0.000242114
2.30115e-05 0.000393127 0 0.000393127
2.55302e-05 0.000590654 0 0.000590654
2.83246e-05 0.000849273 0 0.000849273
3.14249e-05 0.00116439 0 0.00116439
3.48646e-05 0.00143547 0 0.00143547
3.86807e-05 0.00152946 0 0.00152946
4.29145e-05 0.00136387 0 0.00136387
4.76118e-05 0.000971801 0 0.000971801
5.28232e-05 0.000531901 0 0.000531901
5.8605e-05 0.000224545 0 0.000224545
6.50196e-05 7.13075e-05 0 7.13075e-05
