2.22408e-09 0 9.11858e-20 0
2.56764e-09 0 5.05025e-20 0
2.96426e-09 0 3.43049e-20 0
3.42215e-09 0 3.42508e-20 0
3.95077e-09 0 4.21267e-20 0
4.56105e-09 0 5.85607e-20 0
5.26559e-09 0 8.16893e-20 0
6.07897e-09 0 1.05805e-19 0
7.01799e-09 0 1.15805e-19 0
8.10206e-09 0 1.53408e-19 0
9.35359e-09 0 2.47586e-19 0
1.07984e-08 0 3.44026e-19 0
1.24665e-08 0 4.8605e-19 0
1.43922e-08 0 6.45953e-19 0
1.66153e-08 0 8.89208e-19 0
1.91819e-08 0 1.5561e-18 0
2.2145e-08 0 3.05498e-18 0
2.55657e-08 0 5.82161e-18 0
2.95148e-08 0 1.11747e-17 0
3.4074e-08 0 2.4223e-17 0
3.93374e-08 0 4.715e-17 0
4.54139e-08 0 7.17279e-17 0
5.2429e-08 4.83715e-319 1.07871e-16 4.83715e-319
6.05277e-08 1.29407e-296 1.6996e-16 1.29407e-296
6.98774e-08 4.81961e-275 2.66756e-16 4.81961e-275
8.06714e-08 2.49904e-254 4.0328e-16 2.49904e-254
9.31328e-08 1.80412e-234 5.65065e-16 1.80412e-234
1.07519e-07 1.81346e-215 7.341e-16 1.81346e-215
1.24128e-07 2.53819e-197 9.6722e-16 2.53819e-197
1.43302e-07 4.94687e-180 1.04009e-15 4.94687e-180
1.65437e-07 1.3426e-163 8.21865e-16 1.3426e-163
1.90993e-07 5.07439e-148 4.42435e-16 5.07439e-148
2.20495e-07 2.67091e-133 1.30187e-16 2.67091e-133
2.54555e-07 1.95788e-119 2.14804e-17 1.95788e-119
2.93876e-07 1.99881e-106 1.49082e-18 1.99881e-106
3.39272e-07 2.84198e-94 2.50646e-20 2.84198e-94
3.91679e-07 5.62785e-83 7.46751e-23 5.62785e-83
4.52182e-07 1.55216e-72 3.44488e-26 1.55216e-72
5.2203e-07 5.96214e-63 2.31914e-30 5.96214e-63
6.02669e-07 3.1896e-54 2.21949e-35 3.1896e-54
6.95763e-07 2.37648e-46 2.98445e-41 2.37648e-46
8.03238e-07 2.46596e-39 5.60819e-48 2.46596e-39
9.27314e-07 3.56358e-33 1.46899e-55 3.56358e-33
1.07056e-06 7.17177e-28 5.3569e-64 7.17177e-28
1.23593e-06 2.01018e-23 2.71788e-73 2.01018e-23
1.42684e-06 7.85072e-20 1.91792e-83 7.85072e-20
1.64724e-06 4.28347e-17 1.88209e-94 4.28347e-17
1.90169e-06 3.31169e-15 2.56815e-106 3.31169e-15
2.19545e-06 3.89873e-14 4.87248e-119 3.89873e-14
2.53458e-06 9.48588e-14 1.28534e-132 9.48588e-14
2.9261e-06 1.69385e-13 4.7143e-147 1.69385e-13
3.37809e-06 6.66314e-13 2.40406e-162 6.66314e-13
3.89991e-06 1.68839e-12 1.70452e-178 1.68839e-12
4.50233e-06 2.78685e-12 1.68028e-195 2.78685e-12
5.19781e-06 6.42836e-12 2.30298e-213 6.42836e-12
6.00071e-06 1.51776e-11 4.38856e-232 1.51776e-11
6.92764e-06 2.68888e-11 1.16273e-251 2.68888e-11
7.99776e-06 5.5867e-11 4.28313e-272 5.5867e-11
9.23318e-06 1.38544e-10 2.19365e-293 1.38544e-10
1.06594e-05 2.6464e-10 1.56207e-315 2.6464e-10
1.2306e-05 5.85078e-10 0 5.85078e-10
1.42069e-05 1.33151e-09 0 1.33151e-09
1.64014e-05 2.59443e-09 0 2.59443e-09
1.8935e-05 4.79713e-09 0 4.79713e-09
2.18599e-05 9.30222e-09 0 9.30222e-09
2.52366e-05 1.73035e-08 0 1.73035e-08
2.91349e-05 2.85648e-08 0 2.85648e-08
3.36354e-05 3.90328e-08 0 3.90328e-08
3.8831e-05 4.67208e-08 0 4.67208e-08
4.48293e-05 4.84743e-08 0 4.84743e-08
5.17541e-05 5.06122e-08 0 5.06122e-08
5.97485e-05 6.64189e-08 0 6.64189e-08
6.89779e-05 8.84646e-08 0 8.84646e-08
7.96329e-05 1.16107e-07 0 1.16107e-07
9.19339e-05 1.32201e-07 0 1.32201e-07
0.000106135 1.64691e-07 0 1.64691e-07
0.00012253 2.55916e-07 0 2.55916e-07
0.000141457 3.62625e-07 0 3.62625e-07
0.000163308 5.24668e-07 0 5.24668e-07
0.000188534 7.1039e-07 0 7.1039e-07
0.000217657 9.34967e-07 0 9.34967e-07
0.000251278 1.52023e-06 0 1.52023e-06
0.000290093 2.8748e-06 0 2.8748e-06
0.000334904 5.65681e-06 0 5.65681e-06
0.000386637 1.06123e-05 0 1.06123e-05
0.000446361 2.20716e-05 0 2.20716e-05
0.00051531 4.65588e-05 0 4.65588e-05
0.00059491 7.56388e-05 0 7.56388e-05
0.000686806 0.000111694 0 0.000111694
0.000792897 0.000173966 0 0.000173966
0.000915377 0.000276374 0 0.000276374
0.00105678 0.000420801 0 0.000420801
0.00122002 0.000614183 0 0.000614183
0.00140847 0.000803503 0 0.000803503
0.00162604 0.00106751 0 0.00106751
0.00187721 0.00126477 0 0.00126477
0.00216719 0.00110894 0 0.00110894
0.00250195 0.000701536 0 0.000701536
0.00288843 0.000256437 0 0.000256437
0.00333461 5.18237e-05 0 5.18237e-05
