2.22408e-09 0 1.6636e-18 0
2.55516e-09 0 9.52655e-19 0
2.93553e-09 0 6.41043e-19 0
3.37252e-09 0 6.50498e-19 0
3.87456e-09 0 8.07547e-19 0
4.45133e-09 0 1.09903e-18 0
5.11396e-09 0 1.55602e-18 0
5.87524e-09 0 2.04994e-18 0
6.74984e-09 0 2.36747e-18 0
7.75463e-09 0 2.87366e-18 0
8.909e-09 0 4.13066e-18 0
1.02352e-08 0 5.96165e-18 0
1.17588e-08 0 8.33531e-18 0
1.35093e-08 0 1.16713e-17 0
1.55203e-08 0 1.56774e-17 0
1.78307e-08 0 2.12489e-17 0
2.0485e-08 0 3.7045e-17 0
2.35344e-08 0 6.57743e-17 0
2.70378e-08 0 1.04549e-16 0
3.10627e-08 0 1.70223e-16 0
3.56868e-08 0 2.76465e-16 0
4.09992e-08 0 3.94407e-16 0
4.71024e-08 0 4.8532e-16 0
5.41142e-08 9.28004e-313 5.6854e-16 9.28004e-313
6.21697e-08 2.91325e-291 6.53099e-16 2.91325e-291
7.14244e-08 1.45171e-270 7.27319e-16 1.45171e-270
8.20568e-08 1.14837e-250 7.15753e-16 1.14837e-250
9.42719e-08 1.44211e-231 6.77768e-16 1.44211e-231
1.08305e-07 2.87512e-213 5.88501e-16 2.87512e-213
1.24428e-07 9.10069e-196 3.53807e-16 9.10069e-196
1.42951e-07 4.57378e-179 1.20376e-16 4.57378e-179
1.6423e-07 3.64987e-163 2.21245e-17 3.64987e-163
1.88678e-07 4.62489e-148 1.42004e-18 4.62489e-148
2.16765e-07 9.30604e-134 1.98624e-20 9.30604e-134
2.49033e-07 2.97363e-120 4.93548e-23 2.97363e-120
2.86105e-07 1.50897e-107 2.03982e-26 1.50897e-107
3.28695e-07 1.21609e-95 1.37104e-30 1.21609e-95
3.77625e-07 1.5565e-84 1.48471e-35 1.5565e-84
4.33839e-07 3.16407e-74 2.57804e-41 3.16407e-74
4.98421e-07 1.02156e-64 7.15763e-48 1.02156e-64
5.72617e-07 5.23859e-56 3.1716e-55 5.23859e-56
6.57858e-07 4.26675e-48 2.24006e-63 4.26675e-48
7.55788e-07 5.51973e-41 2.51945e-72 5.51973e-41
8.68296e-07 1.13417e-34 4.50926e-82 1.13417e-34
9.97552e-07 3.70152e-29 1.28356e-92 3.70152e-29
1.14605e-06 1.91887e-24 5.80817e-104 1.91887e-24
1.31665e-06 1.58049e-20 4.17652e-116 1.58049e-20
1.51265e-06 2.07155e-17 4.77096e-129 2.07155e-17
1.73783e-06 4.3577e-15 8.65564e-143 4.3577e-15
1.99652e-06 1.54066e-13 2.49343e-157 1.54066e-13
2.29373e-06 1.12917e-12 1.1403e-172 1.12917e-12
2.63518e-06 2.86841e-12 8.2773e-189 2.86841e-12
3.02746e-06 5.59703e-12 9.53567e-206 5.59703e-12
3.47813e-06 1.38071e-11 1.74322e-223 1.38071e-11
3.99589e-06 3.10201e-11 5.05648e-242 3.10201e-11
4.59073e-06 4.78691e-11 2.32703e-261 4.78691e-11
5.27411e-06 1.12035e-10 1.69894e-281 1.12035e-10
6.05923e-06 3.05481e-10 1.96767e-302 3.05481e-10
6.96122e-06 5.57121e-10 4.94066e-324 5.57121e-10
7.99748e-06 1.01773e-09 0 1.01773e-09
9.188e-06 2.34589e-09 0 2.34589e-09
1.05557e-05 4.41831e-09 0 4.41831e-09
1.21271e-05 9.39548e-09 0 9.39548e-09
1.39324e-05 2.09626e-08 0 2.09626e-08
1.60063e-05 4.05006e-08 0 4.05006e-08
1.83891e-05 7.69358e-08 0 7.69358e-08
2.11265e-05 1.48659e-07 0 1.48659e-07
2.42715e-05 2.6847e-07 0 2.6847e-07
2.78846e-05 4.51822e-07 0 4.51822e-07
3.20355e-05 6.68323e-07 0 6.68323e-07
3.68044e-05 8.40676e-07 0 8.40676e-07
4.22831e-05 9.08633e-07 0 9.08633e-07
4.85775e-05 9.31893e-07 0 9.31893e-07
5.58088e-05 1.17465e-06 0 1.17465e-06
6.41166e-05 1.52483e-06 0 1.52483e-06
7.36612e-05 2.05113e-06 0 2.05113e-06
8.46265e-05 2.56305e-06 0 2.56305e-06
9.72242e-05 2.97281e-06 0 2.97281e-06
0.000111697 3.89935e-06 0 3.89935e-06
0.000128325 5.49981e-06 0 5.49981e-06
0.000147427 7.96001e-06 0 7.96001e-06
0.000169374 1.125e-05 0 1.125e-05
0.000194587 1.55302e-05 0 1.55302e-05
0.000223553 2.05733e-05 0 2.05733e-05
0.000256832 2.98455e-05 0 2.98455e-05
0.000295064 5.47112e-05 0 5.47112e-05
0.000338988 9.22293e-05 0 9.22293e-05
0.000389451 0.000147537 0 0.000147537
0.000447425 0.000239602 0 0.000239602
0.00051403 0.000380712 0 0.000380712
0.000590549 0.000512867 0 0.000512867
0.00067846 0.000616103 0 0.000616103
0.000779456 0.000716055 0 0.000716055
0.000895488 0.000821587 0 0.000821587
0.00102879 0.000880108 0 0.000880108
0.00118194 0.000847108 0 0.000847108
0.00135789 0.000794796 0 0.000794796
0.00156002 0.000636606 0 0.000636606
0.00179225 0.000319129 0 0.000319129
0.00205905 9.04564e-05 0 9.04564e-05
