2.22408e-09 0 6.35879e-14 0 0
2.44133e-09 0 5.12821e-14 0 0
2.67979e-09 0 2.68992e-14 0 0
2.94155e-09 0 9.1769e-15 0 0
3.22888e-09 0 2.03627e-15 0 0
3.54427e-09 0 2.9387e-16 0 0
3.89047e-09 0 2.75842e-17 0 0
4.27049e-09 0 1.68402e-18 0 0
4.68763e-09 4.94066e-323 6.68675e-20 4.94066e-323 0
5.14551e-09 2.78382e-312 1.7269e-21 2.78382e-312 0
5.64812e-09 9.18953e-302 2.90068e-23 9.18953e-302 0
6.19982e-09 1.9735e-291 3.16896e-25 1.9735e-291 0
6.80541e-09 2.75729e-281 2.25173e-27 2.75729e-281 0
7.47015e-09 2.5063e-271 1.04063e-29 2.5063e-271 0
8.19983e-09 1.48217e-261 3.12796e-32 1.48217e-261 0
9.00078e-09 5.70275e-252 6.11515e-35 5.70275e-252 0
9.87997e-09 1.42759e-242 7.77564e-38 1.42759e-242 0
1.0845e-08 2.32521e-233 6.43054e-41 2.32521e-233 0
1.19044e-08 2.46419e-224 3.45893e-44 2.46419e-224 0
1.30672e-08 1.69921e-215 1.21009e-47 1.69921e-215 0
1.43436e-08 7.62425e-207 2.75345e-51 7.62425e-207 0
1.57446e-08 2.22605e-198 4.07491e-55 2.22605e-198 0
1.72825e-08 4.22937e-190 3.92232e-59 4.22937e-190 0
1.89707e-08 5.2292e-182 2.45555e-63 5.2292e-182 0
2.08237e-08 4.20757e-174 9.99857e-68 4.20757e-174 0
2.28577e-08 2.20334e-166 2.64795e-72 2.20334e-166 0
2.50905e-08 7.50939e-159 4.56104e-77 7.50939e-159 0
2.75413e-08 1.66581e-151 5.10976e-82 1.66581e-151 0
3.02315e-08 2.40527e-144 3.72323e-87 2.40527e-144 0
3.31844e-08 2.26074e-137 1.7645e-92 2.26074e-137 0
3.64259e-08 1.38328e-130 5.43882e-98 1.38328e-130 0
3.99839e-08 5.51029e-124 1.09036e-103 5.51029e-124 0
4.38895e-08 1.42915e-117 1.42174e-109 1.42915e-117 0
4.81766e-08 2.41355e-111 1.20574e-115 2.41355e-111 0
5.28824e-08 2.6543e-105 6.65069e-122 2.6543e-105 0
5.80479e-08 1.90109e-99 2.38596e-128 1.90109e-99 0
6.37179e-08 8.86878e-94 5.56727e-135 8.86878e-94 0
6.99418e-08 2.69515e-88 8.44898e-142 2.69515e-88 0
7.67737e-08 5.33606e-83 8.33966e-149 5.33606e-83 0
8.42728e-08 6.88395e-78 5.35396e-156 6.88395e-78 0
9.25045e-08 5.78769e-73 2.23555e-163 5.78769e-73 0
1.0154e-07 3.17174e-68 6.07122e-171 3.17174e-68 0
1.11459e-07 1.13319e-63 1.07238e-178 1.13319e-63 0
1.22346e-07 2.64002e-59 1.23199e-186 2.64002e-59 0
1.34296e-07 4.01162e-55 9.20548e-195 4.01162e-55 0
1.47414e-07 3.97697e-51 4.47372e-203 3.97697e-51 0
1.61814e-07 2.57297e-47 1.41408e-211 2.57297e-47 0
1.77619e-07 1.0867e-43 2.9071e-220 1.0867e-43 0
1.94969e-07 2.9974e-40 3.88713e-229 2.9974e-40 0
2.14013e-07 5.40163e-37 3.3805e-238 5.40163e-37 0
2.34918e-07 6.36307e-34 1.91212e-247 6.36307e-34 0
2.57864e-07 4.9026e-31 7.03448e-257 4.9026e-31 0
2.83052e-07 2.47231e-28 1.68318e-266 2.47231e-28 0
3.10701e-07 8.16689e-26 2.61947e-276 8.16689e-26 0
3.41049e-07 1.769e-23 2.65141e-286 1.769e-23 0
3.74363e-07 2.51571e-21 1.74552e-296 2.51571e-21 0
4.1093e-07 2.35251e-19 7.47402e-307 2.35251e-19 0
4.51069e-07 1.44948e-17 2.07226e-317 1.44948e-17 0
4.95129e-07 5.89972e-16 0 5.89972e-16 0
5.43493e-07 1.59184e-14 0 1.59184e-14 0
5.96581e-07 2.86084e-13 0 2.86084e-13 0
6.54854e-07 3.44817e-12 0 3.44817e-12 0
7.18819e-07 2.81627e-11 0 2.81627e-11 0
7.89033e-07 1.58445e-10 0 1.58445e-10 0
8.66105e-07 6.30887e-10 0 6.30887e-10 0
9.50705e-07 1.85842e-09 0 1.85842e-09 0
1.04357e-06 4.32673e-09 0 4.32673e-09 0
1.1455e-06 8.61424e-09 0 8.61424e-09 0
1.25739e-06 1.5665e-08 0 1.5665e-08 0
1.38022e-06 2.71227e-08 0 2.71227e-08 0
1.51503e-06 4.62854e-08 0 4.62854e-08 0
1.66302e-06 8.01585e-08 0 8.01585e-08 0
1.82546e-06 1.41345e-07 0 1.41345e-07 0
2.00377e-06 2.49808e-07 0 2.49808e-07 0
2.1995e-06 4.37622e-07 0 4.37622e-07 0
2.41434e-06 7.58307e-07 0 7.58307e-07 0
2.65017e-06 1.3042e-06 0 1.3042e-06 0
2.90904e-06 2.24336e-06 0 2.24336e-06 0
3.19319e-06 3.87682e-06 0 3.87682e-06 0
3.5051e-06 6.70737e-06 0 6.70737e-06 0
3.84747e-06 1.15528e-05 0 1.15528e-05 0
4.22329e-06 1.97467e-05 0 1.97467e-05 0
4.63581e-06 3.3416e-05 0 3.3416e-05 0
5.08864e-06 5.58412e-05 0 5.58412e-05 0
5.58569e-06 9.18826e-05 0 9.18826e-05 0
6.13129e-06 0.000148327 0 0.000148327 0
6.73019e-06 0.00023385 0 0.00023385 0
7.38759e-06 0.000358011 0 0.000358011 0
8.1092e-06 0.000528012 0 0.000528012 0
8.9013e-06 0.00074188 0 0.00074188 0
9.77076e-06 0.000980146 0 0.000980146 0
1.07252e-05 0.00120235 0 0.00120235 0
1.17728e-05 0.00135282 0 0.00135282 0
1.29227e-05 0.00137659 0 0.00137659 0
1.4185e-05 0.00124544 0 0.00124544 0
1.55706e-05 0.00098369 0 0.00098369 0
1.70915e-05 0.000666451 0 0.000666451 0
1.8761e-05 0.000380711 0 0.000380711 0
2.05935e-05 0.000179997 0 0.000179997 0
2.26051e-05 6.8963e-05 0 6.8963e-05 0
