2.22408e-09 0 1.62335e-14 0 0
2.53977e-09 0 1.1263e-14 0 0
2.90026e-09 0 4.15207e-15 0 0
3.31192e-09 0 1.30169e-15 0 0
3.78201e-09 0 4.68373e-16 0 0
4.31883e-09 0 1.78144e-16 0 0
4.93184e-09 3.32726e-317 7.73762e-17 3.32726e-317 0
5.63186e-09 3.6882e-302 4.46268e-17 3.6882e-302 0
6.43124e-09 1.70946e-287 3.65969e-17 1.70946e-287 0
7.34409e-09 3.31315e-273 3.90342e-17 3.31315e-273 0
8.3865e-09 2.68523e-259 4.25362e-17 2.68523e-259 0
9.57687e-09 9.10134e-246 4.42376e-17 9.10134e-246 0
1.09362e-08 1.29015e-232 5.05402e-17 1.29015e-232 0
1.24885e-08 7.64924e-220 6.51433e-17 7.64924e-220 0
1.42611e-08 1.89702e-207 9.12017e-17 1.89702e-207 0
1.62853e-08 1.96807e-195 1.26939e-16 1.96807e-195 0
1.85968e-08 8.54216e-184 1.70873e-16 8.54216e-184 0
2.12364e-08 1.55132e-172 2.44862e-16 1.55132e-172 0
2.42507e-08 1.17895e-161 3.37906e-16 1.17895e-161 0
2.76929e-08 3.74983e-151 4.30685e-16 3.74983e-151 0
3.16236e-08 4.9925e-141 5.89178e-16 4.9925e-141 0
3.61122e-08 2.78288e-131 8.47168e-16 2.78288e-131 0
4.12379e-08 6.49572e-122 1.22593e-15 6.49572e-122 0
4.70912e-08 6.35061e-113 2.17677e-15 6.35061e-113 0
5.37753e-08 2.60119e-104 3.45174e-15 2.60119e-104 0
6.14082e-08 4.465e-96 4.17653e-15 4.465e-96 0
7.01244e-08 3.21299e-88 5.08773e-15 3.21299e-88 0
8.00778e-08 9.69609e-81 7.41175e-15 9.69609e-81 0
9.1444e-08 1.22764e-73 1.11133e-14 1.22764e-73 0
1.04423e-07 6.52438e-67 1.50619e-14 6.52438e-67 0
1.19245e-07 1.45629e-60 1.7142e-14 1.45629e-60 0
1.36171e-07 1.36608e-54 1.69443e-14 1.36608e-54 0
1.55499e-07 5.38945e-49 1.52635e-14 5.38945e-49 0
1.7757e-07 8.95032e-44 1.12475e-14 8.95032e-44 0
2.02774e-07 6.26347e-39 6.20094e-15 6.26347e-39 0
2.31556e-07 1.84939e-34 2.69733e-15 1.84939e-34 0
2.64423e-07 2.30768e-30 9.30514e-16 2.30768e-30 0
3.01955e-07 1.21937e-26 2.03749e-16 1.21937e-26 0
3.44814e-07 2.73575e-23 2.26468e-17 2.73575e-23 0
3.93757e-07 2.6155e-20 1.14598e-18 2.6155e-20 0
4.49647e-07 1.07088e-17 2.52481e-20 1.07088e-17 0
5.13469e-07 1.89123e-15 2.37518e-22 1.89123e-15 0
5.86351e-07 1.45622e-13 9.45092e-25 1.45622e-13 0
6.69577e-07 4.97367e-12 1.58265e-27 4.97367e-12 0
7.64616e-07 7.76826e-11 1.11226e-30 7.76826e-11 0
8.73145e-07 5.88943e-10 3.27513e-34 5.88943e-10 0
9.97079e-07 2.44265e-09 4.03664e-38 2.44265e-09 0
1.1386e-06 6.75406e-09 2.08125e-42 6.75406e-09 0
1.30022e-06 1.51979e-08 4.48726e-47 1.51979e-08 0
1.48477e-06 3.14762e-08 4.04475e-52 3.14762e-08 0
1.69551e-06 6.59078e-08 1.52404e-57 6.59078e-08 0
1.93618e-06 1.41686e-07 2.40026e-63 1.41686e-07 0
2.21099e-06 2.99697e-07 1.57998e-69 2.99697e-07 0
2.52482e-06 6.16547e-07 4.34675e-76 6.16547e-07 0
2.88319e-06 1.24547e-06 4.9979e-83 1.24547e-06 0
3.29243e-06 2.50267e-06 2.40167e-90 2.50267e-06 0
3.75976e-06 4.94929e-06 4.82325e-98 4.94929e-06 0
4.29341e-06 9.49518e-06 4.04823e-106 9.49518e-06 0
4.90282e-06 1.76538e-05 1.41999e-114 1.76538e-05 0
5.59872e-06 3.17292e-05 2.08163e-123 3.17292e-05 0
6.3934e-06 5.44241e-05 1.27532e-132 5.44241e-05 0
7.30087e-06 8.79604e-05 3.26533e-142 8.79604e-05 0
8.33716e-06 0.000132182 3.49406e-152 0.000132182 0
9.52053e-06 0.000179666 1.56253e-162 0.000179666 0
1.08719e-05 0.000213355 2.92027e-173 0.000213355 0
1.2415e-05 0.000215299 2.28093e-184 0.000215299 0
1.41772e-05 0.000180539 7.44552e-196 0.000180539 0
1.61895e-05 0.000124054 1.01572e-207 0.000124054 0
1.84874e-05 6.98849e-05 5.7909e-220 6.98849e-05 0
2.11115e-05 3.25082e-05 1.37979e-232 3.25082e-05 0
2.4108e-05 1.32743e-05 1.37397e-245 1.32743e-05 0
2.75299e-05 5.82335e-06 5.71786e-259 5.82335e-06 0
3.14375e-05 3.50242e-06 9.94456e-273 3.50242e-06 0
3.58997e-05 3.02384e-06 7.22824e-287 3.02384e-06 0
4.09953e-05 2.98651e-06 2.1957e-301 2.98651e-06 0
4.68142e-05 2.92394e-06 2.78747e-316 2.92394e-06 0
5.34589e-05 3.09398e-06 0 3.09398e-06 0
6.10468e-05 3.84887e-06 0 3.84887e-06 0
6.97118e-05 5.29487e-06 0 5.29487e-06 0
7.96066e-05 7.07307e-06 0 7.07307e-06 0
9.09059e-05 9.48773e-06 0 9.48773e-06 0
0.000103809 1.35055e-05 0 1.35055e-05 0
0.000118544 1.80224e-05 0 1.80224e-05 0
0.00013537 2.29598e-05 0 2.29598e-05 0
0.000154584 3.19482e-05 0 3.19482e-05 0
0.000176525 4.38086e-05 0 4.38086e-05 0
0.000201581 6.69664e-05 0 6.69664e-05 0
0.000230194 0.000120635 0 0.000120635 0
0.000262867 0.000173469 0 0.000173469 0
0.000300178 0.000201456 0 0.000201456 0
0.000342786 0.000260278 0 0.000260278 0
0.00039144 0.000393676 0 0.000393676 0
0.000447001 0.000586261 0 0.000586261 0
0.000510448 0.000777299 0 0.000777299 0
0.000582901 0.000862289 0 0.000862289 0
0.000665637 0.000839635 0 0.000839635 0
0.000760117 0.000737084 0 0.000737084 0
0.000868008 0.000516835 0 0.000516835 0
0.000991212 0.000271199 0 0.000271199 0
0.0011319 0.000113867 0 0.000113867 0
