2.22408e-09 0 5.72325e-14 0 0
2.47417e-09 0 4.59317e-14 0 0
2.75238e-09 0 2.4103e-14 0 0
3.06188e-09 0 1.02338e-14 0 0
3.40617e-09 0 4.35416e-15 0 0
3.78919e-09 0 1.87183e-15 0 0
4.21527e-09 0 8.12243e-16 0 0
4.68926e-09 5.92879e-323 4.04901e-16 5.92879e-323 0
5.21655e-09 1.00902e-310 2.52136e-16 1.00902e-310 0
5.80313e-09 9.64079e-299 1.87757e-16 9.64079e-299 0
6.45567e-09 5.25094e-287 1.55544e-16 5.25094e-287 0
7.18159e-09 1.63036e-275 1.31081e-16 1.63036e-275 0
7.98913e-09 2.88579e-264 1.2168e-16 2.88579e-264 0
8.88748e-09 2.91199e-253 1.45186e-16 2.91199e-253 0
9.88685e-09 1.67523e-242 1.7791e-16 1.67523e-242 0
1.09986e-08 5.49453e-232 1.7981e-16 5.49453e-232 0
1.22353e-08 1.02749e-221 1.57028e-16 1.02749e-221 0
1.36112e-08 1.09554e-211 1.32417e-16 1.09554e-211 0
1.51417e-08 6.66045e-202 1.07987e-16 6.66045e-202 0
1.68443e-08 2.309e-192 7.92281e-17 2.309e-192 0
1.87384e-08 4.56471e-183 4.53507e-17 4.56471e-183 0
2.08455e-08 5.1463e-174 1.73204e-17 5.1463e-174 0
2.31894e-08 3.309e-165 4.01801e-18 3.309e-165 0
2.5797e-08 1.21352e-156 5.43868e-19 1.21352e-156 0
2.86978e-08 2.53853e-148 4.23122e-20 2.53853e-148 0
3.19248e-08 3.02925e-140 1.88175e-21 3.02925e-140 0
3.55146e-08 2.06228e-132 4.77449e-23 2.06228e-132 0
3.95081e-08 8.01053e-125 6.90629e-25 8.01053e-125 0
4.39506e-08 1.77553e-117 5.69377e-27 1.77553e-117 0
4.88927e-08 2.24594e-110 2.67514e-29 2.24594e-110 0
5.43905e-08 1.62156e-103 7.1626e-32 1.62156e-103 0
6.05065e-08 6.68338e-97 1.09286e-34 6.68338e-97 0
6.73103e-08 1.57276e-90 9.50221e-38 1.57276e-90 0
7.48791e-08 2.11353e-84 4.70816e-41 2.11353e-84 0
8.32989e-08 1.62228e-78 1.32936e-44 1.62228e-78 0
9.26656e-08 7.11398e-73 2.13896e-48 7.11398e-73 0
1.03086e-07 1.7827e-67 1.96122e-52 1.7827e-67 0
1.14677e-07 2.55356e-62 1.02475e-56 2.55356e-62 0
1.27572e-07 2.09148e-57 3.05121e-61 2.09148e-57 0
1.41917e-07 9.79841e-53 5.17718e-66 9.79841e-53 0
1.57875e-07 2.62682e-48 5.00588e-71 2.62682e-48 0
1.75628e-07 4.03161e-44 2.75825e-76 4.03161e-44 0
1.95376e-07 3.54434e-40 8.66066e-82 3.54434e-40 0
2.17346e-07 1.78598e-36 1.54966e-87 1.78598e-36 0
2.41786e-07 5.1621e-33 1.5801e-93 5.1621e-33 0
2.68973e-07 8.56603e-30 9.18122e-100 8.56603e-30 0
2.99219e-07 8.17e-27 3.04005e-106 8.17e-27 0
3.32865e-07 4.48495e-24 5.73625e-113 4.48495e-24 0
3.70294e-07 1.41958e-21 6.16794e-120 1.41958e-21 0
4.11932e-07 2.59672e-19 3.77936e-127 2.59672e-19 0
4.58252e-07 2.75346e-17 1.31966e-134 2.75346e-17 0
5.09781e-07 1.69945e-15 2.62586e-142 1.69945e-15 0
5.67104e-07 6.14063e-14 2.97747e-150 6.14063e-14 0
6.30873e-07 1.30986e-12 1.92392e-158 1.30986e-12 0
7.01813e-07 1.67084e-11 7.08426e-167 1.67084e-11 0
7.80729e-07 1.30192e-10 1.48651e-175 1.30192e-10 0
8.68519e-07 6.43133e-10 1.77748e-184 6.43133e-10 0
9.66181e-07 2.14929e-09 1.21118e-193 2.14929e-09 0
1.07482e-06 5.37179e-09 4.70303e-203 5.37179e-09 0
1.19568e-06 1.12528e-08 1.04067e-212 1.12528e-08 0
1.33013e-06 2.14816e-08 1.31224e-222 2.14816e-08 0
1.4797e-06 3.95228e-08 9.4293e-233 3.95228e-08 0
1.64609e-06 7.36475e-08 3.8611e-243 7.36475e-08 0
1.83119e-06 1.40727e-07 9.00967e-254 1.40727e-07 0
2.0371e-06 2.69264e-07 1.19804e-264 2.69264e-07 0
2.26616e-06 5.07725e-07 9.07823e-276 5.07725e-07 0
2.52098e-06 9.42963e-07 3.92009e-287 9.42963e-07 0
2.80446e-06 1.74009e-06 9.64621e-299 1.74009e-06 0
3.11981e-06 3.22626e-06 1.35264e-310 3.22626e-06 0
3.47062e-06 6.0021e-06 1.08694e-322 6.0021e-06 0
3.86088e-06 1.10888e-05 0 1.10888e-05 0
4.29502e-06 2.02244e-05 0 2.02244e-05 0
4.77798e-06 3.63947e-05 0 3.63947e-05 0
5.31525e-06 6.45466e-05 0 6.45466e-05 0
5.91293e-06 0.000112197 0 0.000112197 0
6.57782e-06 0.000189766 0 0.000189766 0
7.31747e-06 0.000310087 0 0.000310087 0
8.1403e-06 0.00048444 0 0.00048444 0
9.05564e-06 0.000711626 0 0.000711626 0
1.00739e-05 0.000963747 0 0.000963747 0
1.12067e-05 0.0011821 0 0.0011821 0
1.24668e-05 0.00129238 0 0.00129238 0
1.38687e-05 0.00123901 0 0.00123901 0
1.54282e-05 0.00102679 0 0.00102679 0
1.7163e-05 0.000729502 0 0.000729502 0
1.90929e-05 0.000442526 0 0.000442526 0
2.12399e-05 0.000229733 0 0.000229733 0
2.36282e-05 0.000106273 0 0.000106273 0
2.62851e-05 4.98559e-05 0 4.98559e-05 0
2.92408e-05 2.77697e-05 0 2.77697e-05 0
3.25288e-05 1.88232e-05 0 1.88232e-05 0
3.61866e-05 1.46042e-05 0 1.46042e-05 0
4.02556e-05 1.2272e-05 0 1.2272e-05 0
4.47822e-05 1.17094e-05 0 1.17094e-05 0
4.98178e-05 1.24489e-05 0 1.24489e-05 0
5.54196e-05 1.21596e-05 0 1.21596e-05 0
6.16514e-05 1.04669e-05 0 1.04669e-05 0
6.85839e-05 8.66837e-06 0 8.66837e-06 0
7.62959e-05 6.92569e-06 0 6.92569e-06 0
8.48751e-05 4.97067e-06 0 4.97067e-06 0
