2.22408e-09 0 6.80683e-15 0 0
2.56571e-09 0 4.28247e-15 0 0
2.95981e-09 0 1.16738e-15 0 0
3.41445e-09 0 2.25439e-16 0 0
3.93893e-09 0 5.13635e-17 0 0
4.54396e-09 0 1.27244e-17 0 0
5.24194e-09 2.64983e-310 3.68416e-18 2.64983e-310 0
6.04712e-09 2.61245e-294 1.47254e-18 2.61245e-294 0
6.97599e-09 9.37547e-279 8.35664e-19 9.37547e-279 0
8.04753e-09 1.22484e-263 7.07114e-19 1.22484e-263 0
9.28366e-09 5.82551e-249 6.57523e-19 5.82551e-249 0
1.07097e-08 1.00877e-234 5.44122e-19 1.00877e-234 0
1.23547e-08 6.36052e-221 4.54633e-19 6.36052e-221 0
1.42525e-08 1.46041e-207 4.34281e-19 1.46041e-207 0
1.64417e-08 1.2212e-194 5.02962e-19 1.2212e-194 0
1.89672e-08 3.71952e-182 7.68938e-19 3.71952e-182 0
2.18807e-08 4.12695e-170 9.26724e-19 4.12695e-170 0
2.52416e-08 1.66835e-158 7.48295e-19 1.66835e-158 0
2.91189e-08 2.45776e-147 8.27314e-19 2.45776e-147 0
3.35916e-08 1.3197e-136 1.29352e-18 1.3197e-136 0
3.87515e-08 2.58342e-126 2.66811e-18 2.58342e-126 0
4.47039e-08 1.84424e-116 6.25628e-18 1.84424e-116 0
5.15706e-08 4.80256e-107 1.08618e-17 4.80256e-107 0
5.9492e-08 4.56367e-98 1.91284e-17 4.56367e-98 0
6.86303e-08 1.58312e-89 3.37208e-17 1.58312e-89 0
7.91722e-08 2.00572e-81 6.85475e-17 2.00572e-81 0
9.13334e-08 9.28563e-74 1.67215e-16 9.28563e-74 0
1.05363e-07 1.57181e-66 3.68668e-16 1.57181e-66 0
1.21547e-07 9.7351e-60 7.7207e-16 9.7351e-60 0
1.40217e-07 2.20794e-53 1.5796e-15 2.20794e-53 0
1.61755e-07 1.83552e-47 2.84576e-15 1.83552e-47 0
1.86601e-07 5.59959e-42 4.67542e-15 5.59959e-42 0
2.15264e-07 6.2775e-37 7.44805e-15 6.2775e-37 0
2.48329e-07 2.59066e-32 1.10245e-14 2.59066e-32 0
2.86474e-07 3.94457e-28 1.49193e-14 3.94457e-28 0
3.30477e-07 2.22247e-24 1.88896e-14 2.22247e-24 0
3.8124e-07 4.65224e-21 2.12705e-14 4.65224e-21 0
4.398e-07 3.63858e-18 2.0918e-14 3.63858e-18 0
5.07355e-07 1.07206e-15 1.84113e-14 1.07206e-15 0
5.85287e-07 1.20503e-13 1.20396e-14 1.20503e-13 0
6.7519e-07 5.27604e-12 4.50723e-15 5.27604e-12 0
7.78902e-07 9.34992e-11 8.50366e-16 9.34992e-11 0
8.98544e-07 7.26015e-10 7.70221e-17 7.26015e-10 0
1.03656e-06 2.91188e-09 3.15253e-18 2.91188e-09 0
1.19579e-06 7.80141e-09 5.39063e-20 7.80141e-09 0
1.37946e-06 1.73777e-08 3.61601e-22 1.73777e-08 0
1.59135e-06 3.67934e-08 9.17135e-25 3.67934e-08 0
1.83579e-06 8.0337e-08 8.63366e-28 8.0337e-08 0
2.11778e-06 1.74908e-07 2.98985e-31 1.74908e-07 0
2.44308e-06 3.6699e-07 3.79246e-35 3.6699e-07 0
2.81835e-06 7.45188e-07 1.75812e-39 7.45188e-07 0
3.25126e-06 1.4896e-06 2.97512e-44 1.4896e-06 0
3.75067e-06 2.90663e-06 1.83643e-49 2.90663e-06 0
4.32678e-06 5.4222e-06 4.1329e-55 5.4222e-06 0
4.9914e-06 9.64027e-06 3.39003e-61 9.64027e-06 0
5.7581e-06 1.62744e-05 1.01325e-67 1.62744e-05 0
6.64257e-06 2.56282e-05 1.10335e-74 2.56282e-05 0
7.66289e-06 3.7017e-05 4.37657e-82 3.7017e-05 0
8.83995e-06 4.80974e-05 6.32306e-90 4.80974e-05 0
1.01978e-05 5.41128e-05 3.327e-98 5.41128e-05 0
1.17642e-05 5.05963e-05 6.37494e-107 5.05963e-05 0
1.35713e-05 3.81421e-05 4.44802e-116 3.81421e-05 0
1.56559e-05 2.26795e-05 1.13005e-125 2.26795e-05 0
1.80607e-05 1.0566e-05 1.04532e-135 1.0566e-05 0
2.08349e-05 3.873e-06 3.52048e-146 3.873e-06 0
2.40352e-05 1.14297e-06 4.31657e-157 1.14297e-06 0
2.77271e-05 3.23036e-07 1.92685e-168 3.23036e-07 0
3.19861e-05 1.18426e-07 3.13125e-180 1.18426e-07 0
3.68993e-05 6.32934e-08 1.85243e-192 6.32934e-08 0
4.25672e-05 4.67149e-08 3.98947e-205 4.67149e-08 0
4.91057e-05 3.46886e-08 3.12779e-218 3.46886e-08 0
5.66486e-05 2.48224e-08 8.9272e-232 2.48224e-08 0
6.53501e-05 2.17193e-08 9.27587e-246 2.17193e-08 0
7.53881e-05 2.52101e-08 3.5089e-260 2.52101e-08 0
8.6968e-05 3.5761e-08 4.83263e-275 3.5761e-08 0
0.000100327 3.82674e-08 2.42338e-290 3.82674e-08 0
0.000115737 3.13339e-08 4.42506e-306 3.13339e-08 0
0.000133515 3.8093e-08 2.96439e-322 3.8093e-08 0
0.000154024 5.97485e-08 0 5.97485e-08 0
0.000177682 1.38792e-07 0 1.38792e-07 0
0.000204975 2.84402e-07 0 2.84402e-07 0
0.00023646 4.61128e-07 0 4.61128e-07 0
0.000272781 8.24388e-07 0 8.24388e-07 0
0.000314682 1.41982e-06 0 1.41982e-06 0
0.000363018 2.91523e-06 0 2.91523e-06 0
0.000418779 7.19265e-06 0 7.19265e-06 0
0.000483106 1.57689e-05 0 1.57689e-05 0
0.000557313 3.28948e-05 0 3.28948e-05 0
0.000642919 6.76351e-05 0 6.76351e-05 0
0.000741674 0.000123012 0 0.000123012 0
0.000855598 0.000203308 0 0.000203308 0
0.000987022 0.000326747 0 0.000326747 0
0.00113863 0.00049145 0 0.00049145 0
0.00131353 0.000673038 0 0.000673038 0
0.0015153 0.000862767 0 0.000862767 0
0.00174805 0.000994075 0 0.000994075 0
0.00201656 0.000994642 0 0.000994642 0
0.00232631 0.000897689 0 0.000897689 0
0.00268364 0.000630418 0 0.000630418 0
0.00309586 0.000262499 0 0.000262499 0
