2.22408e-09 0 1.80999e-18 0
2.55605e-09 0 9.8536e-19 0
2.93757e-09 0 6.179e-19 0
3.37604e-09 0 6.7063e-19 0
3.87995e-09 0 8.41505e-19 0
4.45908e-09 0 1.16445e-18 0
5.12466e-09 0 1.64053e-18 0
5.88957e-09 0 2.24359e-18 0
6.76866e-09 0 3.08369e-18 0
7.77896e-09 0 4.09874e-18 0
8.94007e-09 0 5.57306e-18 0
1.02745e-08 0 7.60551e-18 0
1.18081e-08 0 1.02851e-17 0
1.35706e-08 0 1.44903e-17 0
1.55961e-08 0 2.08131e-17 0
1.7924e-08 0 3.01679e-17 0
2.05994e-08 0 4.19698e-17 0
2.36741e-08 0 6.15935e-17 0
2.72078e-08 0 9.05119e-17 0
3.12689e-08 0 1.3882e-16 0
3.59361e-08 0 2.2057e-16 0
4.13e-08 0 3.36603e-16 0
4.74645e-08 1.82296e-307 4.74125e-16 1.82296e-307
5.45492e-08 4.1518e-286 5.82316e-16 4.1518e-286
6.26913e-08 1.48603e-265 6.59777e-16 1.48603e-265
7.20487e-08 8.35913e-246 7.70079e-16 8.35913e-246
8.28028e-08 7.39e-227 8.48785e-16 7.39e-227
9.51622e-08 1.0268e-208 6.77236e-16 1.0268e-208
1.09366e-07 2.24234e-191 4.81939e-16 2.24234e-191
1.2569e-07 7.69661e-175 3.20428e-16 7.69661e-175
1.44451e-07 4.15232e-159 1.68628e-16 4.15232e-159
1.66012e-07 3.5212e-144 4.59202e-17 3.5212e-144
1.90792e-07 4.69365e-130 3.56268e-18 4.69365e-130
2.1927e-07 9.83483e-117 5.78609e-20 9.83483e-117
2.51998e-07 3.23947e-104 1.71493e-22 3.23947e-104
2.89612e-07 1.67745e-92 8.70354e-26 1.67745e-92
3.3284e-07 1.36556e-81 7.32819e-30 1.36556e-81
3.8252e-07 1.74772e-71 1.0056e-34 1.74772e-71
4.39616e-07 3.51686e-62 2.22374e-40 3.51686e-62
5.05234e-07 1.11271e-53 7.86416e-47 1.11271e-53
5.80646e-07 5.53562e-46 4.42399e-54 5.53562e-46
6.67315e-07 4.33048e-39 3.94414e-62 4.33048e-39
7.66919e-07 5.32733e-33 5.55826e-71 5.32733e-33
8.81391e-07 1.03065e-27 1.23591e-80 1.03065e-27
1.01295e-06 3.13589e-23 4.33061e-91 3.13589e-23
1.16414e-06 1.50068e-19 2.38916e-102 1.50068e-19
1.33791e-06 1.12959e-16 2.07401e-114 1.12959e-16
1.5376e-06 1.33795e-14 2.83176e-127 1.33795e-14
1.76711e-06 2.50952e-13 6.07932e-141 2.50952e-13
2.03087e-06 8.31719e-13 2.05168e-155 8.31719e-13
2.33401e-06 1.26747e-12 1.08833e-170 1.26747e-12
2.68238e-06 1.45147e-12 9.07303e-187 1.45147e-12
3.08276e-06 6.90803e-13 1.18866e-203 6.90803e-13
3.5429e-06 2.8627e-12 2.44709e-221 2.8627e-12
4.07172e-06 1.87789e-11 7.91612e-240 1.87789e-11
4.67947e-06 6.27798e-11 4.02376e-259 6.27798e-11
5.37794e-06 1.36965e-10 3.21365e-279 1.36965e-10
6.18066e-06 2.65816e-10 4.03281e-300 2.65816e-10
7.1032e-06 5.02634e-10 7.95446e-322 5.02634e-10
8.16344e-06 1.35396e-09 0 1.35396e-09
9.38193e-06 3.06551e-09 0 3.06551e-09
1.07823e-05 5.96663e-09 0 5.96663e-09
1.23917e-05 1.28007e-08 0 1.28007e-08
1.42413e-05 2.55782e-08 0 2.55782e-08
1.6367e-05 4.80543e-08 0 4.80543e-08
1.88099e-05 9.36721e-08 0 9.36721e-08
2.16175e-05 1.79867e-07 0 1.79867e-07
2.48442e-05 3.25971e-07 0 3.25971e-07
2.85525e-05 5.28957e-07 0 5.28957e-07
3.28143e-05 7.61667e-07 0 7.61667e-07
3.77122e-05 9.15779e-07 0 9.15779e-07
4.33412e-05 8.60113e-07 0 8.60113e-07
4.98104e-05 8.7144e-07 0 8.7144e-07
5.72453e-05 1.23125e-06 0 1.23125e-06
6.57898e-05 1.71009e-06 0 1.71009e-06
7.56097e-05 2.34726e-06 0 2.34726e-06
8.68954e-05 3.25817e-06 0 3.25817e-06
9.98655e-05 4.239e-06 0 4.239e-06
0.000114772 5.64321e-06 0 5.64321e-06
0.000131903 7.78685e-06 0 7.78685e-06
0.000151591 1.05658e-05 0 1.05658e-05
0.000174217 1.45563e-05 0 1.45563e-05
0.000200221 2.09387e-05 0 2.09387e-05
0.000230107 3.03065e-05 0 3.03065e-05
0.000264453 4.28039e-05 0 4.28039e-05
0.000303926 6.06892e-05 0 6.06892e-05
0.000349291 8.9509e-05 0 8.9509e-05
0.000401426 0.000134296 0 0.000134296
0.000461344 0.000209051 0 0.000209051
0.000530205 0.00033098 0 0.00033098
0.000609345 0.000484911 0 0.000484911
0.000700296 0.000644083 0 0.000644083
0.000804824 0.00074609 0 0.00074609
0.000924954 0.000852348 0 0.000852348
0.00106301 0.00100032 0 0.00100032
0.00122168 0.000950229 0 0.000950229
0.00140403 0.000686281 0 0.000686281
0.0016136 0.000484566 0 0.000484566
0.00185445 0.000292543 0 0.000292543
0.00213125 0.000121004 0 0.000121004
