2.22408e-09 0 3.27255e-15 0
2.46623e-09 0 1.96385e-15 0
2.73474e-09 0 4.24396e-16 0
3.03249e-09 0 3.30276e-17 0
3.36265e-09 0 9.25604e-19 0
3.72877e-09 0 9.34148e-21 0
4.13474e-09 0 3.39507e-23 0
4.58491e-09 0 4.44349e-26 0
5.0841e-09 0 2.09431e-29 0
5.63763e-09 0 3.55469e-33 0
6.25143e-09 0 2.17272e-37 0
6.93206e-09 0 4.78244e-42 0
7.6868e-09 0 3.79085e-47 0
8.5237e-09 0 1.0821e-52 0
9.45173e-09 0 1.11234e-58 0
1.04808e-08 0 4.11768e-65 0
1.16219e-08 0 5.4892e-72 0
1.28872e-08 0 2.63516e-79 0
1.42903e-08 0 4.55564e-87 0
1.58462e-08 3.47923e-314 2.83617e-95 3.47923e-314
1.75715e-08 4.94847e-298 6.35856e-104 4.94847e-298
1.94846e-08 2.53455e-282 5.13366e-113 2.53455e-282
2.1606e-08 4.67491e-267 1.49258e-122 4.67491e-267
2.39584e-08 3.10519e-252 1.56276e-132 3.10519e-252
2.65669e-08 7.42755e-238 5.89233e-143 7.42755e-238
2.94593e-08 6.39801e-224 8.00064e-154 6.39801e-224
3.26667e-08 1.98466e-210 3.91206e-165 1.98466e-210
3.62234e-08 2.21703e-197 6.88855e-177 2.21703e-197
4.01672e-08 8.91861e-185 4.3681e-189 8.91861e-185
4.45404e-08 1.29201e-172 9.9747e-202 1.29201e-172
4.93898e-08 6.74027e-161 8.20256e-215 6.74027e-161
5.47672e-08 1.26628e-149 2.42908e-228 1.26628e-149
6.073e-08 8.56697e-139 2.59046e-242 8.56697e-139
6.7342e-08 2.08721e-128 9.94839e-257 2.08721e-128
7.46739e-08 1.83124e-118 1.37585e-271 1.83124e-118
8.28041e-08 5.78588e-109 6.85226e-287 5.78588e-109
9.18195e-08 6.58317e-100 1.22896e-302 6.58317e-100
1.01816e-07 2.69738e-91 8.09477e-319 2.69738e-91
1.12902e-07 3.98009e-83 0 3.98009e-83
1.25194e-07 2.11488e-75 0 2.11488e-75
1.38825e-07 4.04688e-68 0 4.04688e-68
1.53939e-07 2.78867e-61 0 2.78867e-61
1.707e-07 6.92018e-55 0 6.92018e-55
1.89285e-07 6.18414e-49 0 6.18414e-49
2.09893e-07 1.99014e-43 0 1.99014e-43
2.32745e-07 2.30638e-38 0 2.30638e-38
2.58086e-07 9.62541e-34 0 9.62541e-34
2.86185e-07 1.44661e-29 0 1.44661e-29
3.17344e-07 7.82933e-26 0 7.82933e-26
3.51895e-07 1.52595e-22 0 1.52595e-22
3.90207e-07 1.07102e-19 0 1.07102e-19
4.32691e-07 2.70707e-17 0 2.70707e-17
4.79801e-07 2.46402e-15 0 2.46402e-15
5.3204e-07 8.07661e-14 0 8.07661e-14
5.89966e-07 9.5336e-13 0 9.5336e-13
6.54199e-07 4.05254e-12 0 4.05254e-12
7.25426e-07 6.20355e-12 0 6.20355e-12
8.04407e-07 3.41976e-12 0 3.41976e-12
8.91987e-07 6.79159e-13 0 6.79159e-13
9.89103e-07 7.35143e-14 0 7.35143e-14
1.09679e-06 8.23615e-13 0 8.23615e-13
1.21621e-06 1.02395e-11 0 1.02395e-11
1.34862e-06 5.07375e-11 0 5.07375e-11
1.49545e-06 1.08523e-10 0 1.08523e-10
1.65827e-06 1.29773e-10 0 1.29773e-10
1.83882e-06 2.13135e-10 0 2.13135e-10
2.03902e-06 4.55958e-10 0 4.55958e-10
2.26102e-06 8.28618e-10 0 8.28618e-10
2.50719e-06 1.05008e-09 0 1.05008e-09
2.78016e-06 7.59298e-10 0 7.59298e-10
3.08286e-06 1.18231e-09 0 1.18231e-09
3.41851e-06 3.80487e-09 0 3.80487e-09
3.7907e-06 9.63005e-09 0 9.63005e-09
4.20341e-06 2.23359e-08 0 2.23359e-08
4.66106e-06 4.47725e-08 0 4.47725e-08
5.16854e-06 8.18276e-08 0 8.18276e-08
5.73127e-06 1.52237e-07 0 1.52237e-07
6.35527e-06 2.77641e-07 0 2.77641e-07
7.0472e-06 5.2574e-07 0 5.2574e-07
7.81447e-06 1.07567e-06 0 1.07567e-06
8.66528e-06 2.08036e-06 0 2.08036e-06
9.60871e-06 3.60946e-06 0 3.60946e-06
1.06549e-05 6.16701e-06 0 6.16701e-06
1.18149e-05 1.10931e-05 0 1.10931e-05
1.31013e-05 2.03017e-05 0 2.03017e-05
1.45277e-05 3.61596e-05 0 3.61596e-05
1.61094e-05 6.27624e-05 0 6.27624e-05
1.78633e-05 0.000109671 0 0.000109671
1.98082e-05 0.000187852 0 0.000187852
2.19649e-05 0.000309461 0 0.000309461
2.43563e-05 0.000493181 0 0.000493181
2.70081e-05 0.00075049 0 0.00075049
2.99486e-05 0.00105964 0 0.00105964
3.32093e-05 0.00135458 0 0.00135458
3.6825e-05 0.00152407 0 0.00152407
4.08344e-05 0.00144153 0 0.00144153
4.52802e-05 0.0011368 0 0.0011368
5.02102e-05 0.000739027 0 0.000739027
5.56768e-05 0.000364436 0 0.000364436
6.17387e-05 0.000123952 0 0.000123952
