# Initial particle size distribution
# Case: radius_lognormal_autorange_sampled
# Column 1: Radius (μm)
# Column 2: Number concentration (cm^-3)
#
1.010045e-03  3.552842e+02
1.404808e-03  4.056057e+03
1.953860e-03  3.504564e+04
2.717501e-03  2.589912e+05
3.779602e-03  1.501041e+06
5.256813e-03  6.572585e+06
7.311372e-03  2.440524e+07
1.016893e-02  7.033112e+07
1.414333e-02  1.670563e+08
1.967107e-02  3.181860e+08
2.735926e-02  4.587038e+08
3.805228e-02  5.589423e+08
5.292453e-02  5.386448e+08
7.360942e-02  4.246920e+08
1.023787e-01  2.606575e+08
1.423922e-01  1.296649e+08
1.980444e-01  5.044853e+07
2.754475e-01  1.595738e+07
3.831027e-01  4.133225e+06
5.328336e-01  8.193226e+05
7.410849e-01  1.326137e+05
1.030729e+00  1.741074e+04
1.433576e+00  1.805152e+03
1.993871e+00  1.458108e+02
2.773150e+00  1.019470e+01
3.857001e+00  5.297963e-01
5.364462e+00  3.109370e-02
7.461094e+00  8.869192e-03
1.037717e+01  5.031736e-04
