1.01004e-09 0 6.54465e-22 0 0
1.11543e-09 0 2.6074e-21 0 0
1.23182e-09 0 7.49276e-21 0 0
1.36034e-09 0 2.12335e-20 0 0
1.50228e-09 0 6.05424e-20 0 0
1.65903e-09 0 1.64587e-19 0 0
1.83213e-09 0 4.34538e-19 0 0
2.0233e-09 0 1.13293e-18 0 0
2.23441e-09 0 2.86723e-18 0 0
2.46754e-09 0 7.19739e-18 0 0
2.72501e-09 0 1.79268e-17 0 0
3.00933e-09 0 4.46214e-17 0 0
3.32333e-09 0 1.04524e-16 0 0
3.67008e-09 0 2.43077e-16 0 0
4.05302e-09 0 5.48291e-16 0 0
4.47591e-09 0 1.23357e-15 0 0
4.94292e-09 0 2.76722e-15 0 0
5.45867e-09 0 5.73482e-15 0 0
6.02822e-09 0 1.18537e-14 0 0
6.65721e-09 0 2.40619e-14 0 0
7.35182e-09 0 4.89055e-14 0 0
8.11891e-09 0 9.66852e-14 0 0
8.96603e-09 0 1.89934e-13 0 0
9.90154e-09 0 3.56296e-13 0 0
1.09347e-08 0 6.52649e-13 0 0
1.20756e-08 0 1.19876e-12 0 0
1.33356e-08 0 2.09781e-12 0 0
1.4727e-08 0 3.72166e-12 0 0
1.62636e-08 0 6.3457e-12 0 0
1.79605e-08 0 1.06352e-11 0 0
1.98345e-08 0 1.75157e-11 0 0
2.19041e-08 0 2.85578e-11 0 0
2.41895e-08 0 4.50452e-11 0 0
2.67134e-08 0 6.76048e-11 0 0
2.95007e-08 0 1.01201e-10 0 0
3.25788e-08 0 1.51838e-10 0 0
3.59781e-08 0 2.20792e-10 0 0
3.9732e-08 0 3.16108e-10 0 0
4.38777e-08 0 4.33694e-10 0 0
4.84558e-08 0 5.89371e-10 0 0
5.35117e-08 0 7.97375e-10 0 0
5.90951e-08 0 1.05235e-09 0 0
6.52611e-08 0 1.35646e-09 0 0
7.20704e-08 0 1.70852e-09 0 0
7.95902e-08 0 2.12831e-09 0 0
8.78946e-08 0 2.61396e-09 0 0
9.70655e-08 0 3.06421e-09 0 0
1.07193e-07 0 3.50569e-09 0 0
1.18378e-07 0 4.07538e-09 0 0
1.30729e-07 0 4.54705e-09 0 0
1.4437e-07 0 4.94609e-09 0 0
1.59433e-07 0 5.37738e-09 0 0
1.76068e-07 0 5.55806e-09 0 0
1.94439e-07 0 5.69222e-09 0 0
2.14727e-07 0 5.69007e-09 0 0
2.37132e-07 0 5.51441e-09 0 0
2.61874e-07 0 5.42181e-09 0 0
2.89198e-07 0 5.08232e-09 0 0
3.19373e-07 0 4.80182e-09 0 0
3.52696e-07 0 4.41944e-09 0 0
3.89496e-07 0 3.89694e-09 0 0
4.30136e-07 0 3.4645e-09 0 0
4.75016e-07 0 2.92722e-09 0 0
5.24579e-07 0 2.48219e-09 0 0
5.79314e-07 0 1.99333e-09 0 0
6.39759e-07 0 1.56478e-09 0 0
7.06511e-07 0 1.25144e-09 0 0
7.80229e-07 0 9.55435e-10 0 0
8.61638e-07 0 7.579e-10 0 0
9.51541e-07 0 5.61718e-10 0 0
1.05082e-06 0 3.97769e-10 0 0
1.16047e-06 0 2.86959e-10 0 0
1.28155e-06 0 1.98474e-10 0 0
1.41527e-06 0 1.33965e-10 0 0
1.56293e-06 0 9.07043e-11 0 0
1.72601e-06 0 6.04712e-11 0 0
1.9061e-06 0 3.9204e-11 0 0
2.10498e-06 0 2.38045e-11 0 0
2.32462e-06 0 1.45108e-11 0 0
2.56717e-06 0 9.18279e-12 0 0
2.83503e-06 0 5.60403e-12 0 0
3.13083e-06 0 3.19474e-12 0 0
3.4575e-06 0 1.80574e-12 0 0
3.81826e-06 0 9.87577e-13 0 0
4.21665e-06 0 5.40933e-13 0 0
4.65662e-06 0 2.88254e-13 0 0
5.14249e-06 0 1.62981e-13 0 0
5.67905e-06 0 9.55712e-14 0 0
6.27161e-06 0 5.65918e-14 0 0
6.92598e-06 0 4.57495e-14 0 0
7.64864e-06 0 5.66459e-14 0 0
8.4467e-06 0 6.04753e-14 0 0
9.32802e-06 0 4.06458e-14 0 0
1.03013e-05 0 2.13406e-14 0 0
1.13761e-05 0 1.08495e-14 0 0
1.25631e-05 0 4.36198e-15 0 0
1.3874e-05 0 1.59241e-15 0 0
1.53216e-05 0 4.14443e-16 0 0
1.69202e-05 0 1.49233e-17 0 0
1.86857e-05 0 3.56846e-20 0 0
