2.22408e-09 0 4.48172e-15 0
2.47368e-09 0 9.5401e-16 0
2.7513e-09 0 7.80712e-16 0
3.06007e-09 0 4.46247e-16 0
3.40349e-09 0 2.39443e-16 0
3.78546e-09 0 1.00059e-16 0
4.21029e-09 0 3.15215e-17 0
4.6828e-09 0 7.30271e-18 0
5.20833e-09 0 7.56491e-19 0
5.79285e-09 0 1.35213e-20 0
6.44297e-09 0 1.6014e-23 0
7.16604e-09 0 8.34332e-28 0
7.97027e-09 0 1.71479e-33 0
8.86475e-09 0 1.34808e-40 0
9.85961e-09 0 4.01269e-49 0
1.09661e-08 0 4.50606e-59 0
1.21968e-08 0 1.90641e-70 0
1.35656e-08 0 3.03722e-83 0
1.50881e-08 0 1.82177e-97 0
1.67814e-08 0 4.11378e-113 0
1.86647e-08 0 3.49707e-130 0
2.07594e-08 0 1.11913e-148 0
2.30892e-08 0 1.34824e-168 0
2.56804e-08 0 6.11453e-190 0
2.85624e-08 0 1.04393e-212 0
3.17679e-08 0 6.70944e-237 0
3.53331e-08 0 1.62335e-262 0
3.92985e-08 0 1.47859e-289 0
4.37088e-08 0 5.06984e-318 0
4.86142e-08 0 0 0
5.407e-08 0 0 0
6.01381e-08 1.76647e-318 0 1.76647e-318
6.68873e-08 1.0502e-289 0 1.0502e-289
7.43938e-08 2.35043e-262 0 2.35043e-262
8.27428e-08 1.98031e-236 0 1.98031e-236
9.20288e-08 6.281e-212 0 6.281e-212
1.02357e-07 7.49952e-189 0 7.49952e-189
1.13844e-07 3.37092e-167 0 3.37092e-167
1.26621e-07 5.70392e-147 0 5.70392e-147
1.40831e-07 3.63336e-128 0 3.63336e-128
1.56636e-07 8.7127e-111 0 8.7127e-111
1.74215e-07 7.86515e-95 0 7.86515e-95
1.93766e-07 2.67283e-80 0 2.67283e-80
2.15512e-07 3.41936e-67 0 3.41936e-67
2.39699e-07 1.64675e-55 0 1.64675e-55
2.66599e-07 2.98554e-45 0 2.98554e-45
2.96519e-07 2.03763e-36 0 2.03763e-36
3.29797e-07 5.23526e-29 0 5.23526e-29
3.66809e-07 5.06362e-23 0 5.06362e-23
4.07975e-07 1.84372e-18 0 1.84372e-18
4.53761e-07 2.52718e-15 0 2.52718e-15
5.04685e-07 1.30403e-13 0 1.30403e-13
5.61324e-07 2.53309e-13 0 2.53309e-13
6.2432e-07 1.88396e-14 0 1.88396e-14
6.94386e-07 8.3883e-14 0 8.3883e-14
7.72315e-07 8.43433e-13 0 8.43433e-13
8.5899e-07 9.96718e-13 0 9.96718e-13
9.55392e-07 5.34189e-12 0 5.34189e-12
1.06261e-06 1.29026e-11 0 1.29026e-11
1.18187e-06 1.10418e-11 0 1.10418e-11
1.3145e-06 1.45905e-11 0 1.45905e-11
1.46203e-06 3.53972e-11 0 3.53972e-11
1.62611e-06 4.73097e-11 0 4.73097e-11
1.8086e-06 1.95112e-10 0 1.95112e-10
2.01157e-06 2.24985e-10 0 2.24985e-10
2.23733e-06 4.03518e-10 0 4.03518e-10
2.48842e-06 8.84567e-10 0 8.84567e-10
2.76769e-06 1.40333e-09 0 1.40333e-09
3.0783e-06 3.08955e-09 0 3.08955e-09
3.42376e-06 6.14864e-09 0 6.14864e-09
3.808e-06 1.16743e-08 0 1.16743e-08
4.23536e-06 1.97254e-08 0 1.97254e-08
4.71069e-06 4.19391e-08 0 4.19391e-08
5.23936e-06 7.86517e-08 0 7.86517e-08
5.82735e-06 1.54573e-07 0 1.54573e-07
6.48134e-06 2.79478e-07 0 2.79478e-07
7.20872e-06 5.13881e-07 0 5.13881e-07
8.01774e-06 9.68057e-07 0 9.68057e-07
8.91755e-06 1.83066e-06 0 1.83066e-06
9.91834e-06 3.39501e-06 0 3.39501e-06
1.10314e-05 6.04029e-06 0 6.04029e-06
1.22695e-05 1.12028e-05 0 1.12028e-05
1.36464e-05 2.08916e-05 0 2.08916e-05
1.51779e-05 3.74947e-05 0 3.74947e-05
1.68813e-05 6.58133e-05 0 6.58133e-05
1.87759e-05 0.000113536 0 0.000113536
2.0883e-05 0.000193259 0 0.000193259
2.32267e-05 0.000317445 0 0.000317445
2.58334e-05 0.000499937 0 0.000499937
2.87326e-05 0.00074703 0 0.00074703
3.19571e-05 0.00103325 0 0.00103325
3.55436e-05 0.00129376 0 0.00129376
3.95326e-05 0.00139353 0 0.00139353
4.39692e-05 0.00130386 0 0.00130386
4.89037e-05 0.00103876 0 0.00103876
5.4392e-05 0.000695572 0 0.000695572
6.04963e-05 0.000394974 0 0.000394974
6.72857e-05 0.000180303 0 0.000180303
7.48369e-05 6.10911e-05 0 6.10911e-05
8.32357e-05 1.20325e-05 0 1.20325e-05
