2.22408e-09 0 3.60601e-15 0
2.4785e-09 0 7.68706e-16 0
2.76201e-09 0 9.70969e-16 0
3.07796e-09 0 6.49634e-16 0
3.43006e-09 0 5.02958e-16 0
3.82242e-09 0 3.24022e-16 0
4.25967e-09 0 1.827e-16 0
4.74694e-09 0 7.73262e-17 0
5.28995e-09 0 2.63081e-17 0
5.89507e-09 0 6.26202e-18 0
6.56942e-09 0 3.78911e-19 0
7.3209e-09 0 1.67102e-21 0
8.15835e-09 0 3.18547e-25 0
9.09159e-09 0 2.27609e-30 0
1.01316e-08 0 5.78921e-37 0
1.12905e-08 0 5.10451e-45 0
1.25821e-08 0 1.53599e-54 0
1.40214e-08 0 1.56247e-65 0
1.56253e-08 0 5.34302e-78 0
1.74127e-08 0 6.12178e-92 0
1.94045e-08 0 2.34562e-107 0
2.16242e-08 0 3.00227e-124 0
2.40979e-08 0 1.28287e-142 0
2.68544e-08 0 1.82937e-162 0
2.99264e-08 0 8.70398e-184 0
3.33497e-08 0 1.3816e-206 0
3.71646e-08 0 7.31583e-231 0
4.14159e-08 0 1.29225e-256 0
4.61535e-08 0 7.61423e-284 0
5.1433e-08 0 1.49655e-312 0
5.73165e-08 0 0 0
6.3873e-08 5.26973e-302 0 5.26973e-302
7.11795e-08 1.53793e-273 0 1.53793e-273
7.93218e-08 1.49716e-246 0 1.49716e-246
8.83955e-08 4.8616e-221 0 4.8616e-221
9.85071e-08 5.2659e-197 0 5.2659e-197
1.09775e-07 1.90259e-174 0 1.90259e-174
1.22333e-07 2.29299e-153 0 2.29299e-153
1.36327e-07 9.21802e-134 0 9.21802e-134
1.51921e-07 1.2361e-115 0 1.2361e-115
1.693e-07 5.52909e-99 0 5.52909e-99
1.88666e-07 8.24961e-84 0 8.24961e-84
2.10248e-07 4.10577e-70 0 4.10577e-70
2.34298e-07 6.81611e-58 0 6.81611e-58
2.611e-07 3.7745e-47 0 3.7745e-47
2.90967e-07 6.97211e-38 0 6.97211e-38
3.24251e-07 4.29586e-30 0 4.29586e-30
3.61343e-07 8.8291e-24 0 8.8291e-24
4.02677e-07 6.05291e-19 0 6.05291e-19
4.4874e-07 1.38418e-15 0 1.38418e-15
5.00072e-07 1.05585e-13 0 1.05585e-13
5.57275e-07 2.68655e-13 0 2.68655e-13
6.21023e-07 2.30215e-14 0 2.30215e-14
6.92062e-07 7.39855e-14 0 7.39855e-14
7.71228e-07 8.35387e-13 0 8.35387e-13
8.5945e-07 1.00365e-12 0 1.00365e-12
9.57763e-07 5.49255e-12 0 5.49255e-12
1.06732e-06 1.31153e-11 0 1.31153e-11
1.18941e-06 1.08205e-11 0 1.08205e-11
1.32547e-06 1.59315e-11 0 1.59315e-11
1.4771e-06 3.60865e-11 0 3.60865e-11
1.64606e-06 5.53467e-11 0 5.53467e-11
1.83436e-06 2.1534e-10 0 2.1534e-10
2.04419e-06 2.2204e-10 0 2.2204e-10
2.27803e-06 4.76642e-10 0 4.76642e-10
2.53861e-06 9.16583e-10 0 9.16583e-10
2.82901e-06 1.60837e-09 0 1.60837e-09
3.15262e-06 3.57351e-09 0 3.57351e-09
3.51326e-06 7.15929e-09 0 7.15929e-09
3.91514e-06 1.31413e-08 0 1.31413e-08
4.363e-06 2.37975e-08 0 2.37975e-08
4.86209e-06 5.02142e-08 0 5.02142e-08
5.41826e-06 9.39083e-08 0 9.39083e-08
6.03807e-06 1.85877e-07 0 1.85877e-07
6.72877e-06 3.30214e-07 0 3.30214e-07
7.49848e-06 6.23335e-07 0 6.23335e-07
8.35624e-06 1.17473e-06 0 1.17473e-06
9.31212e-06 2.24524e-06 0 2.24524e-06
1.03773e-05 4.01767e-06 0 4.01767e-06
1.15644e-05 7.19653e-06 0 7.19653e-06
1.28873e-05 1.37559e-05 0 1.37559e-05
1.43615e-05 2.47624e-05 0 2.47624e-05
1.60043e-05 4.37077e-05 0 4.37077e-05
1.7835e-05 7.52259e-05 0 7.52259e-05
1.98752e-05 0.000127444 0 0.000127444
2.21488e-05 0.000211839 0 0.000211839
2.46824e-05 0.000341371 0 0.000341371
2.75058e-05 0.000526358 0 0.000526358
3.06523e-05 0.000754775 0 0.000754775
3.41586e-05 0.00100201 0 0.00100201
3.8066e-05 0.00117228 0 0.00117228
4.24204e-05 0.00121465 0 0.00121465
4.7273e-05 0.00113489 0 0.00113489
5.26806e-05 0.000947952 0 0.000947952
5.87068e-05 0.000729956 0 0.000729956
6.54223e-05 0.000487512 0 0.000487512
7.2906e-05 0.000267616 0 0.000267616
8.12458e-05 0.000121637 0 0.000121637
9.05396e-05 3.72069e-05 0 3.72069e-05
0.000100897 7.58329e-06 0 7.58329e-06
