2.22408e-09 0 5.08857e-14 0
2.48583e-09 0 4.059e-14 0
2.77839e-09 0 2.14433e-14 0
3.10537e-09 0 1.03639e-14 0
3.47084e-09 0 5.94381e-15 0
3.87932e-09 0 3.85528e-15 0
4.33588e-09 0 2.63035e-15 0
4.84616e-09 9.8744e-320 1.84903e-15 9.8744e-320
5.4165e-09 4.92355e-307 1.34001e-15 4.92355e-307
6.05397e-09 1.33018e-294 1.0114e-15 1.33018e-294
6.76646e-09 1.94723e-282 7.87022e-16 1.94723e-282
7.56279e-09 1.54455e-270 6.20075e-16 1.54455e-270
8.45285e-09 6.63859e-259 5.24073e-16 6.63859e-259
9.44766e-09 1.54612e-247 5.11236e-16 1.54612e-247
1.05596e-08 1.95126e-236 5.32292e-16 1.95126e-236
1.18023e-08 1.33444e-225 5.48115e-16 1.33444e-225
1.31913e-08 4.94542e-215 5.72913e-16 4.94542e-215
1.47438e-08 9.93212e-205 5.9981e-16 9.93212e-205
1.6479e-08 1.081e-194 5.89819e-16 1.081e-194
1.84184e-08 6.37631e-185 5.36129e-16 6.37631e-185
2.0586e-08 2.03838e-175 4.78531e-16 2.03838e-175
2.30087e-08 3.53176e-166 5.32306e-16 3.53176e-166
2.57166e-08 3.31668e-157 7.14709e-16 3.31668e-157
2.87432e-08 1.68827e-148 7.46987e-16 1.68827e-148
3.2126e-08 4.65832e-140 4.75047e-16 4.65832e-140
3.59068e-08 6.96767e-132 1.70998e-16 6.96767e-132
4.01327e-08 5.64996e-124 3.41351e-17 5.64996e-124
4.48559e-08 2.48388e-116 3.75264e-18 2.48388e-116
5.01349e-08 5.92076e-109 2.26463e-19 5.92076e-109
5.60353e-08 7.65285e-102 7.48674e-21 7.65285e-102
6.263e-08 5.36425e-95 1.35376e-22 5.36425e-95
7.00009e-08 2.0393e-88 1.33715e-24 2.0393e-88
7.82392e-08 4.20528e-82 7.2068e-27 4.20528e-82
8.74472e-08 4.70444e-76 2.11754e-29 4.70444e-76
9.77388e-08 2.85555e-70 3.38934e-32 2.85555e-70
1.09242e-07 9.40635e-65 2.95335e-35 9.40635e-65
1.22098e-07 1.68187e-59 1.40023e-38 1.68187e-59
1.36468e-07 1.63272e-54 3.61047e-42 1.63272e-54
1.52529e-07 8.60802e-50 5.06107e-46 8.60802e-50
1.70479e-07 2.46558e-45 3.85556e-50 2.46558e-45
1.90543e-07 3.83832e-41 1.59577e-54 3.83832e-41
2.12968e-07 3.24931e-37 3.5874e-59 3.24931e-37
2.38032e-07 1.49674e-33 4.3794e-64 1.49674e-33
2.66046e-07 3.75452e-30 2.90259e-69 3.75452e-30
2.97357e-07 5.13411e-27 1.04427e-74 5.13411e-27
3.32352e-07 3.83238e-24 2.03901e-80 3.83238e-24
3.71466e-07 1.5644e-21 2.16045e-86 1.5644e-21
4.15184e-07 3.50081e-19 1.24201e-92 3.50081e-19
4.64047e-07 4.30941e-17 3.87349e-99 4.30941e-17
5.1866e-07 2.93225e-15 6.55282e-106 2.93225e-15
5.79701e-07 1.11071e-13 6.01247e-113 1.11071e-13
6.47925e-07 2.36757e-12 2.99181e-120 2.36757e-12
7.24179e-07 2.88921e-11 8.0729e-128 2.88921e-11
8.09407e-07 2.0783e-10 1.18115e-135 2.0783e-10
9.04666e-07 9.28206e-10 9.3696e-144 9.28206e-10
1.01114e-06 2.81732e-09 4.02949e-152 2.81732e-09
1.13013e-06 6.6262e-09 9.39424e-161 6.6262e-09
1.26314e-06 1.37151e-08 1.18721e-169 1.37151e-08
1.4118e-06 2.68365e-08 8.13253e-179 2.68365e-08
1.57795e-06 5.13596e-08 3.01947e-188 5.13596e-08
1.76366e-06 9.8491e-08 6.07606e-198 9.8491e-08
1.97122e-06 1.91143e-07 6.62644e-208 1.91143e-07
2.20321e-06 3.71995e-07 3.91641e-218 3.71995e-07
2.46251e-06 7.17349e-07 1.25438e-228 7.17349e-07
2.75232e-06 1.37327e-06 2.17715e-239 1.37327e-06
3.07624e-06 2.62972e-06 2.04763e-250 2.62972e-06
3.43828e-06 5.01575e-06 1.04353e-261 5.01575e-06
3.84293e-06 9.46684e-06 2.88164e-273 9.46684e-06
4.2952e-06 1.77548e-05 4.31166e-285 1.77548e-05
4.80069e-06 3.3144e-05 3.4955e-297 3.3144e-05
5.36568e-06 6.08831e-05 1.53541e-309 6.08831e-05
5.99717e-06 0.000108711 3.65609e-322 0.000108711
6.70297e-06 0.000187787 0 0.000187787
7.49184e-06 0.000311607 0 0.000311607
8.37355e-06 0.000489342 0 0.000489342
9.35902e-06 0.000713382 0 0.000713382
1.04605e-05 0.000945861 0 0.000945861
1.16916e-05 0.00111789 0 0.00111789
1.30675e-05 0.00115794 0 0.00115794
1.46054e-05 0.00104198 0 0.00104198
1.63243e-05 0.000818683 0 0.000818683
1.82455e-05 0.000574703 0 0.000574703
2.03929e-05 0.000375207 0 0.000375207
2.27929e-05 0.000239158 0 0.000239158
2.54753e-05 0.000154136 0 0.000154136
2.84735e-05 0.000101267 0 0.000101267
3.18245e-05 6.84762e-05 0 6.84762e-05
3.557e-05 4.83071e-05 0 4.83071e-05
3.97562e-05 3.59232e-05 0 3.59232e-05
4.4435e-05 2.99216e-05 0 2.99216e-05
4.96645e-05 2.84735e-05 0 2.84735e-05
5.55095e-05 2.84273e-05 0 2.84273e-05
6.20424e-05 2.89678e-05 0 2.89678e-05
6.93441e-05 2.98643e-05 0 2.98643e-05
7.75052e-05 2.93839e-05 0 2.93839e-05
8.66267e-05 2.67455e-05 0 2.67455e-05
9.68217e-05 2.40343e-05 0 2.40343e-05
0.000108217 2.69661e-05 0 2.69661e-05
0.000120953 3.48388e-05 0 3.48388e-05
0.000135187 3.40214e-05 0 3.40214e-05
