2.22408e-09 0 3.20877e-18 0
2.57028e-09 0 2.19138e-18 0
2.97037e-09 0 8.8676e-19 0
3.43274e-09 0 4.3135e-19 0
3.96708e-09 0 2.65114e-19 0
4.58459e-09 0 1.73441e-19 0
5.29822e-09 1.09979e-313 1.22067e-19 1.09979e-313
6.12294e-09 1.67287e-297 9.48488e-20 1.67287e-297
7.07604e-09 9.03035e-282 7.79838e-20 9.03035e-282
8.17749e-09 1.73002e-266 6.60567e-20 1.73002e-266
9.4504e-09 1.17629e-251 5.39972e-20 1.17629e-251
1.09214e-08 2.8387e-237 5.35801e-20 2.8387e-237
1.26215e-08 2.43155e-223 7.97652e-20 2.43155e-223
1.45861e-08 7.39311e-210 1.3027e-19 7.39311e-210
1.68566e-08 7.97955e-197 1.73023e-19 7.97955e-197
1.94805e-08 3.0575e-184 1.70941e-19 3.0575e-184
2.25128e-08 4.15932e-172 1.7073e-19 4.15932e-172
2.60172e-08 2.00902e-160 2.09529e-19 2.00902e-160
3.0067e-08 3.44583e-149 2.48147e-19 3.44583e-149
3.47472e-08 2.09895e-138 3.09973e-19 2.09895e-138
4.0156e-08 4.5411e-128 4.84419e-19 4.5411e-128
4.64066e-08 3.4901e-118 8.60438e-19 3.4901e-118
5.36303e-08 9.53031e-109 1.52728e-18 9.53031e-109
6.19783e-08 9.24814e-100 2.46485e-18 9.24814e-100
7.16258e-08 3.18995e-91 5.77137e-18 3.18995e-91
8.27751e-08 3.91214e-83 1.80387e-17 3.91214e-83
9.56599e-08 1.70644e-75 5.10074e-17 1.70644e-75
1.1055e-07 2.64841e-68 1.21105e-16 2.64841e-68
1.27758e-07 1.46321e-61 2.36518e-16 1.46321e-61
1.47645e-07 2.87945e-55 4.58784e-16 2.87945e-55
1.70628e-07 2.01982e-49 9.85202e-16 2.01982e-49
1.97188e-07 5.055e-44 2.05694e-15 5.055e-44
2.27882e-07 4.51913e-39 3.77397e-15 4.51913e-39
2.63354e-07 1.44545e-34 6.36302e-15 1.44545e-34
3.04347e-07 1.65769e-30 1.05972e-14 1.65769e-30
3.51722e-07 6.8369e-27 1.68588e-14 6.8369e-27
4.06471e-07 1.01848e-23 2.34278e-14 1.01848e-23
4.69742e-07 5.51571e-21 2.76985e-14 5.51571e-21
5.42862e-07 1.09695e-18 2.7708e-14 1.09695e-18
6.27364e-07 8.14567e-17 2.14081e-14 8.14567e-17
7.25019e-07 2.32602e-15 1.0957e-14 2.32602e-15
8.37875e-07 2.70704e-14 3.26478e-15 2.70704e-14
9.68298e-07 1.45856e-13 5.10214e-16 1.45856e-13
1.11902e-06 4.71362e-13 3.78487e-17 4.71362e-13
1.29321e-06 1.24463e-12 1.22664e-18 1.24463e-12
1.49451e-06 3.04038e-12 1.63758e-20 3.04038e-12
1.72715e-06 7.10056e-12 8.64187e-23 7.10056e-12
1.99599e-06 1.64239e-11 1.74878e-25 1.64239e-11
2.30669e-06 3.76566e-11 1.3266e-28 3.76566e-11
2.66575e-06 8.62224e-11 3.71107e-32 8.62224e-11
3.0807e-06 1.98505e-10 3.78477e-36 1.98505e-10
3.56024e-06 4.49623e-10 1.3963e-40 4.49623e-10
4.11442e-06 1.00141e-09 1.8537e-45 1.00141e-09
4.75487e-06 2.21237e-09 8.82444e-51 2.21237e-09
5.49501e-06 4.72957e-09 1.50272e-56 4.72957e-09
6.35037e-06 9.59057e-09 9.13867e-63 9.59057e-09
7.33886e-06 1.82903e-08 1.98238e-69 1.82903e-08
8.48123e-06 3.19766e-08 1.53254e-76 3.19766e-08
9.80141e-06 4.91953e-08 4.2196e-84 4.91953e-08
1.13271e-05 6.3516e-08 4.13563e-92 6.3516e-08
1.30903e-05 6.60872e-08 1.44226e-100 6.60872e-08
1.51279e-05 5.46457e-08 1.78908e-109 5.46457e-08
1.74827e-05 3.72195e-08 7.89178e-119 3.72195e-08
2.02041e-05 2.26406e-08 1.23757e-128 2.26406e-08
2.3349e-05 1.33532e-08 6.89796e-139 1.33532e-08
2.69835e-05 8.31436e-09 1.36629e-149 8.31436e-09
3.11838e-05 5.80284e-09 9.61526e-161 5.80284e-09
3.60378e-05 4.39858e-09 2.40385e-172 4.39858e-09
4.16474e-05 3.39446e-09 2.13462e-184 3.39446e-09
4.81303e-05 2.78835e-09 6.73205e-197 2.78835e-09
5.56222e-05 3.30862e-09 7.53936e-210 3.30862e-09
6.42804e-05 5.27887e-09 2.99804e-223 5.27887e-09
7.42862e-05 7.63114e-09 4.23269e-237 7.63114e-09
8.58496e-05 8.16604e-09 2.12144e-251 8.16604e-09
9.92129e-05 7.67999e-09 3.7744e-266 7.67999e-09
0.000114656 8.86376e-09 2.38362e-281 8.86376e-09
0.000132504 1.06217e-08 5.34278e-297 1.06217e-08
0.000153129 1.2946e-08 4.25026e-313 1.2946e-08
0.000176965 1.90621e-08 0 1.90621e-08
0.000204512 3.26318e-08 0 3.26318e-08
0.000236346 5.89996e-08 0 5.89996e-08
0.000273135 9.52437e-08 0 9.52437e-08
0.000315652 1.94083e-07 0 1.94083e-07
0.000364786 5.98395e-07 0 5.98395e-07
0.000421568 1.74874e-06 0 1.74874e-06
0.000487189 4.37184e-06 0 4.37184e-06
0.000563025 8.874e-06 0 8.874e-06
0.000650665 1.68892e-05 0 1.68892e-05
0.000751948 3.55437e-05 0 3.55437e-05
0.000868996 7.59154e-05 0 7.59154e-05
0.00100426 0.0001441 0 0.0001441
0.00116059 0.000246041 0 0.000246041
0.00134124 0.000410229 0 0.000410229
0.00155002 0.000666336 0 0.000666336
0.0017913 0.000964165 0 0.000964165
0.00207013 0.00118703 0 0.00118703
0.00239237 0.00124466 0 0.00124466
0.00276476 0.00104184 0 0.00104184
0.00319512 0.000600891 0 0.000600891
0.00369247 0.000207781 0 0.000207781
