2.22408e-09 0 6.35879e-14 0
2.44239e-09 0 5.11788e-14 0
2.68213e-09 0 2.66831e-14 0
2.9454e-09 0 9.01185e-15 0
3.23451e-09 0 1.97162e-15 0
3.55201e-09 0 2.79423e-16 0
3.90066e-09 0 2.56527e-17 0
4.28354e-09 0 1.52558e-18 0
4.704e-09 3.45846e-323 5.87714e-20 3.45846e-323
5.16573e-09 2.08805e-312 1.46666e-21 2.08805e-312
5.67279e-09 7.85229e-302 2.37096e-23 7.85229e-302
6.22962e-09 1.91332e-291 2.48285e-25 1.91332e-291
6.8411e-09 3.02079e-281 1.68425e-27 3.02079e-281
7.5126e-09 3.09028e-271 7.40106e-30 3.09028e-271
8.25002e-09 2.04845e-261 2.10675e-32 2.04845e-261
9.05982e-09 8.79849e-252 3.88474e-35 8.79849e-252
9.94911e-09 2.44879e-242 4.64026e-38 2.44879e-242
1.09257e-08 4.41631e-233 3.59049e-41 4.41631e-233
1.19981e-08 5.16109e-224 1.79968e-44 5.16109e-224
1.31758e-08 3.90842e-215 5.84345e-48 3.90842e-215
1.44691e-08 1.918e-206 1.22906e-51 1.918e-206
1.58894e-08 6.0994e-198 1.67459e-55 6.0994e-198
1.74491e-08 1.25698e-189 1.478e-59 1.25698e-189
1.91618e-08 1.67873e-181 8.45032e-64 1.67873e-181
2.10427e-08 1.45296e-173 3.12969e-68 1.45296e-173
2.31082e-08 8.14994e-166 7.50863e-73 8.14994e-166
2.53764e-08 2.96277e-158 1.16695e-77 2.96277e-158
2.78673e-08 6.98061e-151 1.17482e-82 6.98061e-151
3.06027e-08 1.066e-143 7.6617e-88 1.066e-143
3.36066e-08 1.05511e-136 3.23674e-93 1.05511e-136
3.69053e-08 6.76915e-130 8.85774e-99 6.76915e-130
4.05278e-08 2.81503e-123 1.57025e-104 2.81503e-123
4.45059e-08 7.58857e-117 1.8032e-110 7.58857e-117
4.88745e-08 1.32613e-110 1.34138e-116 1.32613e-110
5.36719e-08 1.5024e-104 6.46384e-123 1.5024e-104
5.89402e-08 1.10351e-98 2.01771e-129 1.10351e-98
6.47256e-08 5.25518e-93 4.08e-136 5.25518e-93
7.1079e-08 1.62274e-87 5.34431e-143 1.62274e-87
7.80559e-08 3.24931e-82 4.53475e-150 3.24931e-82
8.57176e-08 4.21938e-77 2.49257e-157 4.21938e-77
9.41315e-08 3.55355e-72 8.87506e-165 3.55355e-72
1.03371e-07 1.94123e-67 2.04704e-172 1.94123e-67
1.13518e-07 6.87927e-63 3.05853e-180 6.87927e-63
1.2466e-07 1.58167e-58 2.96026e-188 1.58167e-58
1.36897e-07 2.35973e-54 1.856e-196 2.35973e-54
1.50334e-07 2.28486e-50 7.53804e-205 2.28486e-50
1.65091e-07 1.43613e-46 1.98321e-213 1.43613e-46
1.81296e-07 5.86093e-43 3.37995e-222 5.86093e-43
1.99091e-07 1.55347e-39 3.73149e-231 1.55347e-39
2.18633e-07 2.67516e-36 2.66861e-240 2.67516e-36
2.40094e-07 2.9942e-33 1.23629e-249 2.9942e-33
2.63661e-07 2.1793e-30 3.7101e-259 2.1793e-30
2.89541e-07 1.0321e-27 7.21243e-269 1.0321e-27
3.17962e-07 3.18299e-25 9.08257e-279 3.18299e-25
3.49172e-07 6.39853e-23 7.40913e-289 6.39853e-23
3.83446e-07 8.39465e-21 3.91522e-299 8.39465e-21
4.21084e-07 7.19965e-19 1.34022e-309 7.19965e-19
4.62416e-07 4.04523e-17 0 4.04523e-17
5.07806e-07 1.49333e-15 0 1.49333e-15
5.57651e-07 3.63643e-14 0 3.63643e-14
6.12388e-07 5.87412e-13 0 5.87412e-13
6.72499e-07 6.34647e-12 0 6.34647e-12
7.3851e-07 4.6443e-11 0 4.6443e-11
8.11e-07 2.34908e-10 0 2.34908e-10
8.90606e-07 8.492e-10 0 8.492e-10
9.78025e-07 2.31624e-09 0 2.31624e-09
1.07403e-06 5.14901e-09 0 5.14901e-09
1.17945e-06 1.01339e-08 0 1.01339e-08
1.29522e-06 1.86944e-08 0 1.86944e-08
1.42236e-06 3.31824e-08 0 3.31824e-08
1.56197e-06 5.76532e-08 0 5.76532e-08
1.71529e-06 9.97864e-08 0 9.97864e-08
1.88366e-06 1.74122e-07 0 1.74122e-07
2.06855e-06 3.06214e-07 0 3.06214e-07
2.2716e-06 5.37544e-07 0 5.37544e-07
2.49457e-06 9.34546e-07 0 9.34546e-07
2.73943e-06 1.61119e-06 0 1.61119e-06
3.00833e-06 2.77397e-06 0 2.77397e-06
3.30362e-06 4.77899e-06 0 4.77899e-06
3.62789e-06 8.20595e-06 0 8.20595e-06
3.984e-06 1.40274e-05 0 1.40274e-05
4.37506e-06 2.39243e-05 0 2.39243e-05
4.8045e-06 4.06081e-05 0 4.06081e-05
5.2761e-06 6.80156e-05 0 6.80156e-05
5.79399e-06 0.000111594 0 0.000111594
6.36271e-06 0.000178807 0 0.000178807
6.98726e-06 0.000278975 0 0.000278975
7.67311e-06 0.000421202 0 0.000421202
8.42628e-06 0.000609751 0 0.000609751
9.25338e-06 0.000836849 0 0.000836849
1.01617e-05 0.00107537 0 0.00107537
1.11591e-05 0.00127688 0 0.00127688
1.22545e-05 0.00138115 0 0.00138115
1.34573e-05 0.00133976 0 0.00133976
1.47783e-05 0.00114558 0 0.00114558
1.62289e-05 0.000847667 0 0.000847667
1.78219e-05 0.000532884 0 0.000532884
1.95712e-05 0.000279894 0 0.000279894
2.14923e-05 0.000121062 0 0.000121062
2.36019e-05 4.25617e-05 0 4.25617e-05
