2.22408e-09 0 4.60537e-16 0
2.55771e-09 0 3.23968e-16 0
2.94139e-09 0 1.38043e-16 0
3.38262e-09 0 6.80649e-17 0
3.89004e-09 0 4.22441e-17 0
4.47358e-09 0 2.85089e-17 0
5.14465e-09 6.92788e-315 2.09435e-17 6.92788e-315
5.91639e-09 3.71636e-299 1.68145e-17 3.71636e-299
6.8039e-09 7.57999e-284 1.40082e-17 7.57999e-284
7.82454e-09 5.8785e-269 1.1411e-17 5.8785e-269
8.99829e-09 1.7335e-254 9.17392e-18 1.7335e-254
1.03481e-08 1.94382e-240 9.22225e-18 1.94382e-240
1.19004e-08 8.28851e-227 1.20981e-17 8.28851e-227
1.36856e-08 1.34402e-213 1.64677e-17 1.34402e-213
1.57385e-08 8.28828e-201 2.10591e-17 8.28828e-201
1.80994e-08 1.9439e-188 2.37118e-17 1.9439e-188
2.08145e-08 1.73406e-176 2.66166e-17 1.73406e-176
2.39368e-08 5.88385e-165 3.87871e-17 5.88385e-165
2.75275e-08 7.59457e-154 6.02368e-17 7.59457e-154
3.16569e-08 3.7293e-143 7.56739e-17 3.7293e-143
3.64057e-08 6.96755e-133 9.87257e-17 6.96755e-133
4.18668e-08 4.95353e-123 1.53949e-16 4.95353e-123
4.81472e-08 1.34027e-113 2.20642e-16 1.34027e-113
5.53696e-08 1.38034e-104 2.90874e-16 1.38034e-104
6.36755e-08 5.41224e-96 4.05395e-16 5.41224e-96
7.32274e-08 8.08104e-88 6.9186e-16 8.08104e-88
8.42121e-08 4.59593e-80 1.44289e-15 4.59593e-80
9.68446e-08 9.95949e-73 3.09425e-15 9.95949e-73
1.11372e-07 8.2267e-66 5.65833e-15 8.2267e-66
1.28079e-07 2.59146e-59 8.52062e-15 2.59146e-59
1.47292e-07 3.1149e-53 1.14888e-14 3.1149e-53
1.69387e-07 1.42967e-47 1.516e-14 1.42967e-47
1.94796e-07 2.50789e-42 1.93312e-14 2.50789e-42
2.24017e-07 1.68331e-37 2.18553e-14 1.68331e-37
2.57621e-07 4.32966e-33 2.1215e-14 4.32966e-33
2.96267e-07 4.27607e-29 1.8486e-14 4.27607e-29
3.40709e-07 1.62601e-25 1.42803e-14 1.62601e-25
3.91818e-07 2.38974e-22 9.34104e-15 2.38974e-22
4.50594e-07 1.36499e-19 5.45163e-15 1.36499e-19
5.18187e-07 3.05536e-17 2.40379e-15 3.05536e-17
5.95919e-07 2.71507e-15 6.11642e-16 2.71507e-15
6.85312e-07 9.78706e-14 7.63271e-17 9.78706e-14
7.88114e-07 1.48851e-12 4.21843e-18 1.48851e-12
9.06338e-07 1.03531e-11 9.65014e-20 1.03531e-11
1.0423e-06 3.90845e-11 8.77965e-22 3.90845e-11
1.19865e-06 1.05684e-10 3.10919e-24 1.05684e-10
1.37846e-06 2.54029e-10 4.23837e-27 2.54029e-10
1.58524e-06 5.80783e-10 2.21113e-30 5.80783e-10
1.82303e-06 1.31477e-09 4.40114e-34 1.31477e-09
2.0965e-06 2.99244e-09 3.33678e-38 2.99244e-09
2.411e-06 6.73037e-09 9.62716e-43 6.73037e-09
2.77267e-06 1.50233e-08 1.05645e-47 1.50233e-08
3.18859e-06 3.36313e-08 4.40797e-53 3.36313e-08
3.6669e-06 7.4088e-08 6.99186e-59 7.4088e-08
4.21697e-06 1.60278e-07 4.21559e-65 1.60278e-07
4.84955e-06 3.44108e-07 9.66062e-72 3.44108e-07
5.57702e-06 7.18452e-07 8.41421e-79 7.18452e-07
6.41362e-06 1.42901e-06 2.7853e-86 1.42901e-06
7.37571e-06 2.67835e-06 3.50407e-94 2.67835e-06
8.48213e-06 4.61839e-06 1.67536e-102 4.61839e-06
9.75452e-06 7.06406e-06 3.04425e-111 7.06406e-06
1.12178e-05 9.18431e-06 2.10224e-120 9.18431e-06
1.29005e-05 9.78347e-06 5.51714e-130 9.78347e-06
1.48357e-05 8.42882e-06 5.50269e-140 8.42882e-06
1.70612e-05 6.0177e-06 2.08576e-150 6.0177e-06
1.96205e-05 3.80019e-06 3.00457e-161 3.80019e-06
2.25638e-05 2.32944e-06 1.64486e-172 2.32944e-06
2.59485e-05 1.50427e-06 3.42217e-184 1.50427e-06
2.9841e-05 1.06221e-06 2.70584e-196 1.06221e-06
3.43174e-05 7.9707e-07 8.13076e-209 7.9707e-07
3.94653e-05 5.97744e-07 9.28512e-222 5.97744e-07
4.53854e-05 4.85264e-07 4.02968e-235 4.85264e-07
5.21936e-05 5.33616e-07 6.64633e-249 5.33616e-07
6.0023e-05 6.98133e-07 4.16601e-263 6.98133e-07
6.9027e-05 9.17106e-07 9.92399e-278 9.17106e-07
7.93816e-05 1.08413e-06 8.9842e-293 1.08413e-06
9.12895e-05 1.17153e-06 3.09101e-308 1.17153e-06
0.000104984 1.52116e-06 0 1.52116e-06
0.000120732 2.39478e-06 0 2.39478e-06
0.000138843 3.19888e-06 0 3.19888e-06
0.00015967 3.95732e-06 0 3.95732e-06
0.000183622 5.98194e-06 0 5.98194e-06
0.000211167 8.92091e-06 0 8.92091e-06
0.000242844 1.18531e-05 0 1.18531e-05
0.000279272 1.59222e-05 0 1.59222e-05
0.000321166 2.53755e-05 0 2.53755e-05
0.000369343 5.05669e-05 0 5.05669e-05
0.000424747 0.000109881 0 0.000109881
0.000488463 0.000212893 0 0.000212893
0.000561736 0.000337679 0 0.000337679
0.000646002 0.000465248 0 0.000465248
0.000742907 0.000614925 0 0.000614925
0.000854349 0.00079936 0 0.00079936
0.000982508 0.000944608 0 0.000944608
0.00112989 0.000957628 0 0.000957628
0.00129939 0.000857506 0 0.000857506
0.0014943 0.000692911 0 0.000692911
0.00171846 0.000474254 0 0.000474254
0.00197625 0.000287056 0 0.000287056
0.0022727 0.000142086 0 0.000142086
