2.22408e-09 0 1.16038e-16 0 0
2.52775e-09 0 7.10801e-17 0 0
2.87288e-09 0 4.77769e-17 0 0
3.26514e-09 0 5.09189e-17 0 0
3.71095e-09 0 5.90396e-17 0 0
4.21764e-09 0 7.15951e-17 0 0
4.7935e-09 0 9.23316e-17 0 0
5.44799e-09 0 1.1914e-16 0 0
6.19185e-09 0 1.48762e-16 0 0
7.03727e-09 0 1.79948e-16 0 0
7.99812e-09 0 2.21436e-16 0 0
9.09016e-09 0 2.83113e-16 0 0
1.03313e-08 0 3.66956e-16 0 0
1.17419e-08 0 4.53888e-16 0 0
1.33451e-08 0 5.13171e-16 0 0
1.51672e-08 0 5.24554e-16 0 0
1.72381e-08 0 5.01319e-16 0 0
1.95918e-08 0 5.0963e-16 0 0
2.22668e-08 0 5.43354e-16 0 0
2.5307e-08 1.87745e-322 5.05867e-16 1.87745e-322 0
2.87624e-08 3.24776e-302 4.02089e-16 3.24776e-302 0
3.26895e-08 1.15874e-282 2.83192e-16 1.15874e-282 0
3.71529e-08 8.63208e-264 2.20654e-16 8.63208e-264 0
4.22256e-08 1.34268e-245 1.23207e-16 1.34268e-245 0
4.7991e-08 4.36068e-228 5.90992e-17 4.36068e-228 0
5.45436e-08 2.95708e-211 2.51926e-17 2.95708e-211 0
6.19908e-08 4.18697e-195 3.73143e-18 4.18697e-195 0
7.04548e-08 1.23783e-179 1.38466e-19 1.23783e-179 0
8.00746e-08 7.64103e-165 1.15803e-21 7.64103e-165 0
9.10077e-08 9.84846e-151 2.08364e-24 9.84846e-151 0
1.03434e-07 2.6504e-137 7.91599e-28 2.6504e-137 0
1.17556e-07 1.48929e-124 6.30526e-32 1.48929e-124 0
1.33607e-07 1.74734e-112 1.05024e-36 1.74734e-112 0
1.51849e-07 4.28055e-101 3.65465e-42 4.28055e-101 0
1.72583e-07 2.18952e-90 2.65597e-48 2.18952e-90 0
1.96147e-07 2.33843e-80 4.03054e-55 2.33843e-80 0
2.22928e-07 5.21468e-71 1.27715e-62 5.21468e-71 0
2.53366e-07 2.42805e-62 8.44994e-71 2.42805e-62 0
2.8796e-07 2.36055e-54 1.16733e-79 2.36055e-54 0
3.27277e-07 4.79178e-47 3.36714e-89 4.79178e-47 0
3.71963e-07 2.03098e-40 2.02795e-99 2.03098e-40 0
4.22749e-07 1.79739e-34 2.55022e-110 1.79739e-34 0
4.8047e-07 3.32129e-29 6.69616e-122 3.32129e-29 0
5.46073e-07 1.28146e-24 3.67114e-134 1.28146e-24 0
6.20632e-07 1.03242e-20 4.20245e-147 1.03242e-20 0
7.05371e-07 1.7374e-17 1.00446e-160 1.7374e-17 0
8.01681e-07 6.1167e-15 5.01286e-175 6.1167e-15 0
9.1114e-07 4.54264e-13 5.22357e-190 4.54264e-13 0
1.03554e-06 7.43082e-12 1.13652e-205 7.43082e-12 0
1.17694e-06 3.27926e-11 5.1631e-222 3.27926e-11 0
1.33763e-06 6.74577e-11 4.89747e-239 6.74577e-11 0
1.52027e-06 8.05053e-11 9.69975e-257 8.05053e-11 0
1.72784e-06 3.83037e-11 4.01121e-275 3.83037e-11 0
1.96376e-06 7.31026e-11 3.46351e-294 7.31026e-11 0
2.23188e-06 3.05994e-10 6.24432e-314 3.05994e-10 0
2.53662e-06 6.53699e-10 0 6.53699e-10 0
2.88296e-06 1.09799e-09 0 1.09799e-09 0
3.27659e-06 1.14552e-09 0 1.14552e-09 0
3.72397e-06 4.26625e-09 0 4.26625e-09 0
4.23243e-06 1.22773e-08 0 1.22773e-08 0
4.81031e-06 2.13978e-08 0 2.13978e-08 0
5.4671e-06 3.00242e-08 0 3.00242e-08 0
6.21357e-06 4.70849e-08 0 4.70849e-08 0
7.06195e-06 8.1541e-08 0 8.1541e-08 0
8.02617e-06 1.36208e-07 0 1.36208e-07 0
9.12204e-06 2.39295e-07 0 2.39295e-07 0
1.03675e-05 4.56684e-07 0 4.56684e-07 0
1.17831e-05 7.13141e-07 0 7.13141e-07 0
1.33919e-05 9.95876e-07 0 9.95876e-07 0
1.52204e-05 1.69266e-06 0 1.69266e-06 0
1.72986e-05 3.32812e-06 0 3.32812e-06 0
1.96605e-05 6.61544e-06 0 6.61544e-06 0
2.23449e-05 1.21093e-05 0 1.21093e-05 0
2.53958e-05 1.9724e-05 0 1.9724e-05 0
2.88633e-05 2.90111e-05 0 2.90111e-05 0
3.28042e-05 4.15463e-05 0 4.15463e-05 0
3.72832e-05 5.49648e-05 0 5.49648e-05 0
4.23737e-05 6.55456e-05 0 6.55456e-05 0
4.81593e-05 7.30875e-05 0 7.30875e-05 0
5.47349e-05 8.37898e-05 0 8.37898e-05 0
6.22082e-05 0.000100941 0 0.000100941 0
7.0702e-05 0.000130318 0 0.000130318 0
8.03554e-05 0.000166651 0 0.000166651 0
9.1327e-05 0.000200592 0 0.000200592 0
0.000103796 0.000242625 0 0.000242625 0
0.000117969 0.00030653 0 0.00030653 0
0.000134076 0.000400516 0 0.000400516 0
0.000152382 0.000505831 0 0.000505831 0
0.000173188 0.00059897 0 0.00059897 0
0.000196835 0.000646604 0 0.000646604 0
0.00022371 0.000629202 0 0.000629202 0
0.000254255 0.000612551 0 0.000612551 0
0.00028897 0.000649846 0 0.000649846 0
0.000328425 0.00065672 0 0.00065672 0
0.000373267 0.000572111 0 0.000572111 0
0.000424232 0.000421368 0 0.000421368 0
0.000482156 0.000313618 0 0.000313618 0
0.000547988 0.000222856 0 0.000222856 0
0.000622809 0.000104098 0 0.000104098 0
0.000707845 5.33902e-05 0 5.33902e-05 0
