2.22408e-09 0 3.27255e-15 0 0
2.46712e-09 0 1.95685e-15 0 0
2.73671e-09 0 4.1838e-16 0 0
3.03577e-09 0 3.19836e-17 0 0
3.36751e-09 0 8.7423e-19 0 0
3.73549e-09 0 8.54411e-21 0 0
4.14369e-09 0 2.98573e-23 0 0
4.59649e-09 0 3.73058e-26 0 0
5.09878e-09 0 1.66665e-29 0 0
5.65595e-09 0 2.66229e-33 0 0
6.27401e-09 0 1.52058e-37 0 0
6.95961e-09 0 3.1053e-42 0 0
7.72012e-09 0 2.26747e-47 0 0
8.56374e-09 0 5.92001e-53 0 0
9.49955e-09 0 5.52644e-59 0 0
1.05376e-08 0 1.84464e-65 0 0
1.16891e-08 0 2.2015e-72 0 0
1.29665e-08 0 9.3944e-80 0 0
1.43834e-08 0 1.43338e-87 0 0
1.59551e-08 0 7.81982e-96 0 0
1.76986e-08 0 1.52537e-104 0 0
1.96327e-08 0 1.06388e-113 0 0
2.1778e-08 0 2.65312e-123 0 0
2.41578e-08 0 2.36571e-133 0 0
2.67977e-08 3.36384e-313 7.54239e-144 3.36384e-313 0
2.9726e-08 5.33514e-297 8.59803e-155 5.33514e-297 0
3.29744e-08 3.02551e-281 3.50454e-166 3.02551e-281 0
3.65777e-08 6.13471e-266 5.10747e-178 6.13471e-266 0
4.05747e-08 4.44766e-251 2.66148e-190 4.44766e-251 0
4.50085e-08 1.15295e-236 4.95887e-203 1.15295e-236 0
4.99269e-08 1.06865e-222 3.30358e-216 1.06865e-222 0
5.53827e-08 3.5416e-209 7.86917e-230 3.5416e-209 0
6.14346e-08 4.19669e-196 6.70217e-244 4.19669e-196 0
6.8148e-08 1.7781e-183 2.04101e-258 1.7781e-183 0
7.55949e-08 2.6937e-171 2.22237e-273 2.6937e-171 0
8.38555e-08 1.4591e-159 8.65229e-289 1.4591e-159 0
9.30189e-08 2.82593e-148 1.20445e-304 2.82593e-148 0
1.03184e-07 1.95696e-137 0 1.95696e-137 0
1.14459e-07 4.84556e-127 0 4.84556e-127 0
1.26967e-07 4.28992e-117 0 4.28992e-117 0
1.40841e-07 1.35799e-107 0 1.35799e-107 0
1.56231e-07 1.53704e-98 0 1.53704e-98 0
1.73304e-07 6.22039e-90 0 6.22039e-90 0
1.92242e-07 9.00102e-82 0 9.00102e-82 0
2.13249e-07 4.65703e-74 0 4.65703e-74 0
2.36552e-07 8.61525e-67 0 8.61525e-67 0
2.62401e-07 5.69862e-60 0 5.69862e-60 0
2.91075e-07 1.34776e-53 0 1.34776e-53 0
3.22883e-07 1.13973e-47 0 1.13973e-47 0
3.58166e-07 3.44611e-42 0 3.44611e-42 0
3.97305e-07 3.72564e-37 0 3.72564e-37 0
4.4072e-07 1.44018e-32 0 1.44018e-32 0
4.8888e-07 1.99055e-28 0 1.99055e-28 0
5.42303e-07 9.83735e-25 0 9.83735e-25 0
6.01564e-07 1.73837e-21 0 1.73837e-21 0
6.673e-07 1.09853e-18 0 1.09853e-18 0
7.40219e-07 2.48355e-16 0 2.48355e-16 0
8.21107e-07 2.01197e-14 0 2.01197e-14 0
9.10834e-07 5.87668e-13 0 5.87668e-13 0
1.01037e-06 6.33523e-12 0 6.33523e-12 0
1.12077e-06 2.74151e-11 0 2.74151e-11 0
1.24325e-06 6.02726e-11 0 6.02726e-11 0
1.3791e-06 9.15532e-11 0 9.15532e-11 0
1.52981e-06 9.28727e-11 0 9.28727e-11 0
1.69698e-06 5.09387e-11 0 5.09387e-11 0
1.88242e-06 5.446e-11 0 5.446e-11 0
2.08812e-06 2.372e-10 0 2.372e-10 0
2.3163e-06 5.62472e-10 0 5.62472e-10 0
2.56941e-06 1.08488e-09 0 1.08488e-09 0
2.85019e-06 2.04453e-09 0 2.04453e-09 0
3.16164e-06 2.73758e-09 0 2.73758e-09 0
3.50713e-06 5.5544e-09 0 5.5544e-09 0
3.89038e-06 1.59785e-08 0 1.59785e-08 0
4.3155e-06 3.54851e-08 0 3.54851e-08 0
4.78708e-06 6.47838e-08 0 6.47838e-08 0
5.31019e-06 1.06189e-07 0 1.06189e-07 0
5.89047e-06 1.81813e-07 0 1.81813e-07 0
6.53415e-06 3.2267e-07 0 3.2267e-07 0
7.24817e-06 5.79036e-07 0 5.79036e-07 0
8.04022e-06 1.10656e-06 0 1.10656e-06 0
8.91882e-06 2.18674e-06 0 2.18674e-06 0
9.89343e-06 4.26965e-06 0 4.26965e-06 0
1.09745e-05 7.88907e-06 0 7.88907e-06 0
1.21738e-05 1.34112e-05 0 1.34112e-05 0
1.35041e-05 2.28982e-05 0 2.28982e-05 0
1.49798e-05 4.08737e-05 0 4.08737e-05 0
1.66167e-05 7.51527e-05 0 7.51527e-05 0
1.84325e-05 0.000137404 0 0.000137404 0
2.04467e-05 0.000235709 0 0.000235709 0
2.2681e-05 0.000374629 0 0.000374629 0
2.51595e-05 0.000567175 0 0.000567175 0
2.79088e-05 0.000818308 0 0.000818308 0
3.09586e-05 0.00110618 0 0.00110618 0
3.43416e-05 0.00135785 0 0.00135785 0
3.80943e-05 0.00146679 0 0.00146679 0
4.22571e-05 0.00138699 0 0.00138699 0
4.68748e-05 0.00111151 0 0.00111151 0
5.1997e-05 0.00068188 0 0.00068188 0
5.7679e-05 0.000292516 0 0.000292516 0
6.39819e-05 8.30437e-05 0 8.30437e-05 0
