2.22408e-09 0 8.47998e-18 0 0
2.56768e-09 0 3.24964e-18 0 0
2.96435e-09 0 3.2303e-19 0 0
3.42231e-09 0 1.28153e-19 0 0
3.95102e-09 0 1.12775e-19 0 0
4.56141e-09 0 1.30442e-19 0 0
5.26609e-09 0 1.50489e-19 0 0
6.07964e-09 0 1.60182e-19 0 0
7.01887e-09 0 1.76122e-19 0 0
8.10321e-09 0 2.24318e-19 0 0
9.35506e-09 0 3.07604e-19 0 0
1.08003e-08 0 4.7314e-19 0 0
1.24688e-08 0 7.17454e-19 0 0
1.43951e-08 0 1.0721e-18 0 0
1.6619e-08 0 1.39998e-18 0 0
1.91865e-08 0 1.93826e-18 0 0
2.21505e-08 0 3.37468e-18 0 0
2.55726e-08 6.65506e-321 6.02109e-18 6.65506e-321 0
2.95232e-08 2.65629e-298 9.39453e-18 2.65629e-298 0
3.40842e-08 1.47314e-276 1.70787e-17 1.47314e-276 0
3.93498e-08 1.1354e-255 3.44897e-17 1.1354e-255 0
4.54289e-08 1.21616e-235 5.50087e-17 1.21616e-235 0
5.24472e-08 1.81038e-216 1.02017e-16 1.81038e-216 0
6.05497e-08 3.74529e-198 1.83023e-16 3.74529e-198 0
6.99039e-08 1.07681e-180 2.74934e-16 1.07681e-180 0
8.07032e-08 4.30255e-164 3.72881e-16 4.30255e-164 0
9.3171e-08 2.38919e-148 5.14821e-16 2.38919e-148 0
1.07565e-07 1.8438e-133 6.65388e-16 1.8438e-133 0
1.24182e-07 1.97748e-119 8.3932e-16 1.97748e-119 0
1.43367e-07 2.94745e-106 9.74847e-16 2.94745e-106 0
1.65516e-07 6.10545e-94 8.99215e-16 6.10545e-94 0
1.91086e-07 1.75762e-82 5.81076e-16 1.75762e-82 0
2.20607e-07 7.03187e-72 2.28252e-16 7.03187e-72 0
2.54688e-07 3.90978e-62 5.17252e-17 3.90978e-62 0
2.94034e-07 3.02114e-53 4.02322e-18 3.02114e-53 0
3.39459e-07 3.24433e-45 6.29179e-20 3.24433e-45 0
3.91901e-07 4.8419e-38 1.61423e-22 4.8419e-38 0
4.52446e-07 1.00426e-31 6.31019e-26 1.00426e-31 0
5.22343e-07 2.89477e-26 3.62914e-30 2.89477e-26 0
6.03039e-07 1.15969e-21 3.01209e-35 1.15969e-21 0
6.96202e-07 6.45906e-18 3.567e-41 6.45906e-18 0
8.03757e-07 5.01129e-15 5.98508e-48 5.01129e-15 0
9.27929e-07 5.48538e-13 1.41642e-55 5.48538e-13 0
1.07128e-06 9.17336e-12 4.71312e-64 9.17336e-12 0
1.23678e-06 3.47848e-11 2.20008e-73 3.47848e-11 0
1.42785e-06 6.11453e-11 1.43825e-83 6.11453e-11 0
1.64844e-06 4.07087e-11 1.31493e-94 4.07087e-11 0
1.9031e-06 2.86886e-11 1.67946e-106 2.86886e-11 0
2.19711e-06 1.6077e-10 2.99397e-119 1.6077e-10 0
2.53654e-06 3.6426e-10 7.44416e-133 3.6426e-10 0
2.92841e-06 5.8552e-10 2.57993e-147 5.8552e-10 0
3.38081e-06 6.33794e-10 1.24567e-162 6.33794e-10 0
3.90311e-06 2.6714e-09 8.37565e-179 2.6714e-09 0
4.5061e-06 6.07076e-09 7.83978e-196 6.07076e-09 0
5.20223e-06 8.55023e-09 1.02125e-213 8.55023e-09 0
6.00592e-06 1.08225e-08 1.85098e-232 1.08225e-08 0
6.93377e-06 1.5963e-08 4.66688e-252 1.5963e-08 0
8.00495e-06 2.22156e-08 1.63657e-272 2.22156e-08 0
9.24163e-06 3.16954e-08 7.98116e-294 3.16954e-08 0
1.06694e-05 4.95168e-08 5.41221e-316 4.95168e-08 0
1.23176e-05 5.65383e-08 0 5.65383e-08 0
1.42206e-05 5.91819e-08 0 5.91819e-08 0
1.64175e-05 8.28863e-08 0 8.28863e-08 0
1.89538e-05 1.25405e-07 0 1.25405e-07 0
2.1882e-05 1.74876e-07 0 1.74876e-07 0
2.52625e-05 2.12551e-07 0 2.12551e-07 0
2.91652e-05 2.21685e-07 0 2.21685e-07 0
3.36709e-05 2.24781e-07 0 2.24781e-07 0
3.88727e-05 2.11094e-07 0 2.11094e-07 0
4.48781e-05 1.78629e-07 0 1.78629e-07 0
5.18112e-05 1.48762e-07 0 1.48762e-07 0
5.98155e-05 1.47682e-07 0 1.47682e-07 0
6.90563e-05 1.65325e-07 0 1.65325e-07 0
7.97247e-05 1.90738e-07 0 1.90738e-07 0
9.20412e-05 2.04994e-07 0 2.04994e-07 0
0.000106261 2.4887e-07 0 2.4887e-07 0
0.000122677 3.25172e-07 0 3.25172e-07 0
0.000141629 4.90203e-07 0 4.90203e-07 0
0.000163509 7.46288e-07 0 7.46288e-07 0
0.000188769 1.13943e-06 0 1.13943e-06 0
0.000217932 1.5277e-06 0 1.5277e-06 0
0.000251599 2.04174e-06 0 2.04174e-06 0
0.000290469 3.29813e-06 0 3.29813e-06 0
0.000335343 6.01447e-06 0 6.01447e-06 0
0.000387149 9.79383e-06 0 9.79383e-06 0
0.000446959 1.58194e-05 0 1.58194e-05 0
0.00051601 3.36615e-05 0 3.36615e-05 0
0.000595727 5.61289e-05 0 5.61289e-05 0
0.00068776 9.77806e-05 0 9.77806e-05 0
0.000794011 0.000182879 0 0.000182879 0
0.000916677 0.000294411 0 0.000294411 0
0.00105829 0.000404079 0 0.000404079 0
0.00122179 0.000558341 0 0.000558341 0
0.00141054 0.000741818 0 0.000741818 0
0.00162845 0.000937944 0 0.000937944 0
0.00188003 0.00114493 0 0.00114493 0
0.00217047 0.00116405 0 0.00116405 0
0.00250578 0.000872572 0 0.000872572 0
0.0028929 0.000413393 0 0.000413393 0
0.00333982 0.000117678 0 0.000117678 0
