2.22408e-09 0 1.37758e-17 0 0
2.56006e-09 0 5.83247e-18 0 0
2.94679e-09 0 1.29875e-18 0 0
3.39194e-09 0 1.01437e-18 0 0
3.90433e-09 0 1.13689e-18 0 0
4.49414e-09 0 1.47802e-18 0 0
5.17303e-09 0 1.91603e-18 0 0
5.95449e-09 0 2.25648e-18 0 0
6.85399e-09 0 2.65377e-18 0 0
7.88938e-09 0 3.51404e-18 0 0
9.08117e-09 0 4.8694e-18 0 0
1.0453e-08 0 7.64875e-18 0 0
1.20321e-08 0 1.24764e-17 0 0
1.38497e-08 0 1.80165e-17 0 0
1.59418e-08 0 2.20388e-17 0 0
1.83501e-08 0 2.79666e-17 0 0
2.11221e-08 0 4.10931e-17 0 0
2.43128e-08 0 6.26897e-17 0 0
2.79856e-08 1.36829e-306 9.40726e-17 1.36829e-306 0
3.22132e-08 5.64374e-285 1.39693e-16 5.64374e-285 0
3.70794e-08 3.50738e-264 2.1605e-16 3.50738e-264 0
4.26808e-08 3.28415e-244 2.99443e-16 3.28415e-244 0
4.91283e-08 4.63329e-225 4.26874e-16 4.63329e-225 0
5.65497e-08 9.84875e-207 6.20465e-16 9.84875e-207 0
6.50923e-08 3.15427e-189 7.49079e-16 3.15427e-189 0
7.49254e-08 1.52209e-172 7.43182e-16 1.52209e-172 0
8.62438e-08 1.10665e-156 7.154e-16 1.10665e-156 0
9.92721e-08 1.21228e-141 5.95618e-16 1.21228e-141 0
1.14268e-07 2.00089e-127 4.83881e-16 2.00089e-127 0
1.3153e-07 4.97585e-114 3.51634e-16 4.97585e-114 0
1.514e-07 1.86439e-101 2.0187e-16 1.86439e-101 0
1.7427e-07 1.05253e-89 7.18256e-17 1.05253e-89 0
2.00596e-07 8.95272e-79 1.52719e-17 8.95272e-79 0
2.30899e-07 1.14737e-68 9.65561e-19 1.14737e-68 0
2.65779e-07 2.21551e-59 1.12486e-20 2.21551e-59 0
3.05929e-07 6.44573e-51 2.11589e-23 6.44573e-51 0
3.52143e-07 2.8255e-43 6.19719e-27 2.8255e-43 0
4.05339e-07 1.86614e-36 2.78725e-31 1.86614e-36 0
4.66571e-07 1.85704e-30 1.91126e-36 1.85704e-30 0
5.37052e-07 2.78437e-25 1.98952e-42 2.78437e-25 0
6.18181e-07 6.29061e-21 3.13526e-49 6.29061e-21 0
7.11565e-07 2.14236e-17 7.46684e-57 2.14236e-17 0
8.19057e-07 1.10257e-14 2.68444e-65 1.10257e-14 0
9.42786e-07 8.7075e-13 1.45584e-74 8.7075e-13 0
1.08521e-06 1.15677e-11 1.1905e-84 1.15677e-11 0
1.24914e-06 3.93742e-11 1.46748e-95 3.93742e-11 0
1.43784e-06 6.63008e-11 2.72628e-107 6.63008e-11 0
1.65504e-06 4.27242e-11 7.63261e-120 4.27242e-11 0
1.90506e-06 3.26299e-11 3.21997e-133 3.26299e-11 0
2.19284e-06 1.79627e-10 2.04686e-147 1.79627e-10 0
2.5241e-06 4.08662e-10 1.96051e-162 4.08662e-10 0
2.9054e-06 6.80737e-10 2.82935e-178 6.80737e-10 0
3.3443e-06 7.11255e-10 6.15232e-195 7.11255e-10 0
3.8495e-06 2.94519e-09 2.01568e-212 2.94519e-09 0
4.43102e-06 7.20238e-09 9.9502e-231 7.20238e-09 0
5.10038e-06 1.08306e-08 7.40065e-250 1.08306e-08 0
5.87086e-06 1.39929e-08 8.29343e-270 1.39929e-08 0
6.75773e-06 2.12502e-08 1.40031e-290 2.12502e-08 0
7.77858e-06 3.13573e-08 3.5624e-312 3.13573e-08 0
8.95363e-06 4.62747e-08 0 4.62747e-08 0
1.03062e-05 7.8078e-08 0 7.8078e-08 0
1.18631e-05 1.05396e-07 0 1.05396e-07 0
1.36552e-05 1.16575e-07 0 1.16575e-07 0
1.57179e-05 1.68618e-07 0 1.68618e-07 0
1.80923e-05 2.84402e-07 0 2.84402e-07 0
2.08254e-05 4.65548e-07 0 4.65548e-07 0
2.39714e-05 6.87611e-07 0 6.87611e-07 0
2.75926e-05 8.85628e-07 0 8.85628e-07 0
3.17608e-05 1.06736e-06 0 1.06736e-06 0
3.65587e-05 1.2635e-06 0 1.2635e-06 0
4.20813e-05 1.35934e-06 0 1.35934e-06 0
4.84383e-05 1.35903e-06 0 1.35903e-06 0
5.57555e-05 1.51222e-06 0 1.51222e-06 0
6.41781e-05 1.87803e-06 0 1.87803e-06 0
7.38731e-05 2.40431e-06 0 2.40431e-06 0
8.50326e-05 2.88971e-06 0 2.88971e-06 0
9.78778e-05 3.40709e-06 0 3.40709e-06 0
0.000112664 4.56346e-06 0 4.56346e-06 0
0.000129683 6.48008e-06 0 6.48008e-06 0
0.000149273 1.05641e-05 0 1.05641e-05 0
0.000171823 1.67772e-05 0 1.67772e-05 0
0.000197779 2.30047e-05 0 2.30047e-05 0
0.000227656 2.78231e-05 0 2.78231e-05 0
0.000262046 3.6862e-05 0 3.6862e-05 0
0.000301632 5.51297e-05 0 5.51297e-05 0
0.000347197 8.38272e-05 0 8.38272e-05 0
0.000399646 0.000125127 0 0.000125127 0
0.000460018 0.00018616 0 0.00018616 0
0.00052951 0.000287071 0 0.000287071 0
0.000609499 0.000390858 0 0.000390858 0
0.000701572 0.000568827 0 0.000568827 0
0.000807554 0.000807673 0 0.000807673 0
0.000929545 0.000916656 0 0.000916656 0
0.00106997 0.000902446 0 0.000902446 0
0.0012316 0.000842367 0 0.000842367 0
0.00141765 0.000694019 0 0.000694019 0
0.0016318 0.000552748 0 0.000552748 0
0.00187831 0.000390857 0 0.000390857 0
0.00216205 0.000201242 0 0.000201242 0
0.00248865 6.53184e-05 0 6.53184e-05 0
