2.22408e-09 0 2.16125e-16 0
2.52818e-09 0 3.15984e-17 0
2.87385e-09 0 5.59759e-17 0
3.26679e-09 0 5.43179e-17 0
3.71346e-09 0 6.29951e-17 0
4.2212e-09 0 7.40835e-17 0
4.79836e-09 0 9.0052e-17 0
5.45443e-09 0 1.10202e-16 0
6.20021e-09 0 1.38482e-16 0
7.04796e-09 0 1.77802e-16 0
8.01162e-09 0 2.28218e-16 0
9.10705e-09 0 2.84701e-16 0
1.03522e-08 0 3.47507e-16 0
1.17677e-08 0 4.03644e-16 0
1.33767e-08 0 4.75143e-16 0
1.52057e-08 0 5.40471e-16 0
1.72847e-08 0 5.86892e-16 0
1.96481e-08 0 6.09781e-16 0
2.23345e-08 0 5.89218e-16 0
2.53883e-08 0 5.08116e-16 0
2.88596e-08 0 4.16999e-16 0
3.28056e-08 0 2.89191e-16 0
3.7291e-08 0 1.56131e-16 0
4.23898e-08 0 6.27299e-17 0
4.81857e-08 0 2.04687e-17 0
5.47741e-08 2.2974e-297 3.32498e-18 2.2974e-297
6.22634e-08 3.8753e-264 3.41196e-20 3.8753e-264
7.07766e-08 5.5941e-233 3.56249e-24 5.5941e-233
8.04538e-08 6.91054e-204 3.23046e-30 6.91054e-204
9.14542e-08 7.30554e-177 2.52775e-38 7.30554e-177
1.03959e-07 6.60931e-152 1.70541e-48 6.60931e-152
1.18173e-07 5.11722e-129 9.91479e-61 5.11722e-129
1.3433e-07 3.39087e-108 4.96386e-75 3.39087e-108
1.52697e-07 1.92328e-89 2.13872e-91 1.92328e-89
1.73576e-07 9.34031e-73 7.92514e-110 9.34031e-73
1.97308e-07 3.8866e-58 2.52414e-130 3.8866e-58
2.24286e-07 1.38792e-45 6.906e-153 1.38792e-45
2.54953e-07 4.26911e-35 1.62225e-177 4.26911e-35
2.89812e-07 1.14033e-26 3.2703e-204 1.14033e-26
3.29438e-07 2.69127e-20 5.65525e-233 2.69127e-20
3.74482e-07 5.8001e-16 8.386e-264 5.8001e-16
4.25684e-07 1.20626e-13 1.06601e-296 1.20626e-13
4.83888e-07 3.50185e-13 0 3.50185e-13
5.50049e-07 1.35774e-13 0 1.35774e-13
6.25257e-07 2.81142e-13 0 2.81142e-13
7.10748e-07 4.18152e-13 0 4.18152e-13
8.07928e-07 1.15376e-12 0 1.15376e-12
9.18395e-07 3.16167e-12 0 3.16167e-12
1.04397e-06 7.45393e-12 0 7.45393e-12
1.18671e-06 5.00401e-12 0 5.00401e-12
1.34896e-06 1.13115e-11 0 1.13115e-11
1.53341e-06 3.06705e-11 0 3.06705e-11
1.74307e-06 8.07108e-11 0 8.07108e-11
1.9814e-06 1.7622e-10 0 1.7622e-10
2.25231e-06 4.07118e-10 0 4.07118e-10
2.56027e-06 6.15422e-10 0 6.15422e-10
2.91033e-06 1.197e-09 0 1.197e-09
3.30826e-06 2.66493e-09 0 2.66493e-09
3.76059e-06 5.04425e-09 0 5.04425e-09
4.27478e-06 9.48e-09 0 9.48e-09
4.85926e-06 1.73281e-08 0 1.73281e-08
5.52367e-06 3.34082e-08 0 3.34082e-08
6.27891e-06 5.24666e-08 0 5.24666e-08
7.13743e-06 9.02171e-08 0 9.02171e-08
8.11332e-06 1.57806e-07 0 1.57806e-07
9.22265e-06 2.53101e-07 0 2.53101e-07
1.04837e-05 4.22996e-07 0 4.22996e-07
1.19171e-05 7.37676e-07 0 7.37676e-07
1.35465e-05 1.24305e-06 0 1.24305e-06
1.53987e-05 2.05898e-06 0 2.05898e-06
1.75041e-05 3.6565e-06 0 3.6565e-06
1.98975e-05 6.51219e-06 0 6.51219e-06
2.2618e-05 1.19208e-05 0 1.19208e-05
2.57106e-05 2.13259e-05 0 2.13259e-05
2.92259e-05 3.52274e-05 0 3.52274e-05
3.3222e-05 5.05559e-05 0 5.05559e-05
3.77644e-05 6.17898e-05 0 6.17898e-05
4.29279e-05 6.9174e-05 0 6.9174e-05
4.87974e-05 7.58757e-05 0 7.58757e-05
5.54694e-05 8.73939e-05 0 8.73939e-05
6.30537e-05 0.000102247 0 0.000102247
7.1675e-05 0.000123685 0 0.000123685
8.1475e-05 0.000156516 0 0.000156516
9.26151e-05 0.000197043 0 0.000197043
0.000105278 0.000252489 0 0.000252489
0.000119673 0.000319257 0 0.000319257
0.000136036 0.00039414 0 0.00039414
0.000154636 0.000464954 0 0.000464954
0.000175779 0.000541918 0 0.000541918
0.000199813 0.00062773 0 0.00062773
0.000227133 0.000694371 0 0.000694371
0.000258189 0.000733013 0 0.000733013
0.000293491 0.000734167 0 0.000734167
0.00033362 0.000664099 0 0.000664099
0.000379235 0.000557319 0 0.000557319
0.000431088 0.000410623 0 0.000410623
0.00049003 0.000259478 0 0.000259478
0.000557031 0.000112095 0 0.000112095
0.000633194 4.16491e-05 0 4.16491e-05
0.00071977 9.70818e-06 0 9.70818e-06
