2.22408e-09 0 1.51273e-17 0
2.56999e-09 0 7.99209e-19 0
2.96971e-09 0 1.65651e-19 0
3.43158e-09 0 1.2578e-19 0
3.9653e-09 0 1.10434e-19 0
4.58203e-09 0 1.11261e-19 0
5.29467e-09 0 1.13744e-19 0
6.11815e-09 0 1.23943e-19 0
7.06971e-09 0 1.64048e-19 0
8.16927e-09 0 2.20606e-19 0
9.43984e-09 0 2.9715e-19 0
1.0908e-08 0 4.00465e-19 0
1.26046e-08 0 5.72934e-19 0
1.45649e-08 0 8.27029e-19 0
1.68302e-08 0 1.26037e-18 0
1.94478e-08 0 2.02675e-18 0
2.24726e-08 0 3.19327e-18 0
2.59678e-08 0 5.58599e-18 0
3.00065e-08 0 1.02279e-17 0
3.46735e-08 0 1.88367e-17 0
4.00662e-08 0 3.66294e-17 0
4.62978e-08 0 7.04016e-17 0
5.34985e-08 9.58085e-304 1.17489e-16 9.58085e-304
6.18191e-08 5.51201e-266 1.98955e-16 5.51201e-266
7.14339e-08 7.41913e-231 3.03459e-16 7.41913e-231
8.2544e-08 2.33634e-198 4.5354e-16 2.33634e-198
9.53821e-08 1.72131e-168 6.34482e-16 1.72131e-168
1.10217e-07 2.96712e-141 8.2853e-16 2.96712e-141
1.27359e-07 1.19669e-116 9.69339e-16 1.19669e-116
1.47167e-07 1.12942e-94 9.76044e-16 1.12942e-94
1.70056e-07 2.49516e-75 7.57175e-16 2.49516e-75
1.96505e-07 1.29145e-58 3.30587e-16 1.29145e-58
2.27068e-07 1.56939e-44 6.75491e-17 1.56939e-44
2.62384e-07 4.50233e-33 3.53575e-18 4.50233e-33
3.03192e-07 3.09046e-24 1.13835e-19 3.09046e-24
3.50348e-07 5.23279e-18 1.77586e-23 5.23279e-18
4.04838e-07 2.31792e-14 7.22771e-30 2.31792e-14
4.67802e-07 3.24569e-13 7.16821e-39 3.24569e-13
5.4056e-07 1.50301e-13 1.68683e-50 1.50301e-13
6.24633e-07 2.38538e-13 9.33061e-65 2.38538e-13
7.21783e-07 3.73618e-13 1.20936e-81 3.73618e-13
8.34042e-07 1.16302e-12 3.6691e-101 1.16302e-12
9.63761e-07 3.96946e-12 2.60479e-123 3.96946e-12
1.11366e-06 5.38124e-12 4.32658e-148 5.38124e-12
1.28686e-06 3.87155e-12 1.68137e-175 3.87155e-12
1.48701e-06 1.92002e-11 1.52869e-205 1.92002e-11
1.71828e-06 4.82015e-11 3.25173e-238 4.82015e-11
1.98553e-06 1.14765e-10 1.61825e-273 1.14765e-10
2.29434e-06 2.74123e-10 1.88414e-311 2.74123e-10
2.65118e-06 3.70537e-10 0 3.70537e-10
3.06352e-06 8.90037e-10 0 8.90037e-10
3.53999e-06 1.65991e-09 0 1.65991e-09
4.09057e-06 3.07074e-09 0 3.07074e-09
4.72677e-06 5.28257e-09 0 5.28257e-09
5.46193e-06 9.42698e-09 0 9.42698e-09
6.31143e-06 1.31592e-08 0 1.31592e-08
7.29305e-06 1.94615e-08 0 1.94615e-08
8.42734e-06 2.79139e-08 0 2.79139e-08
9.73804e-06 3.56615e-08 0 3.56615e-08
1.12526e-05 4.82588e-08 0 4.82588e-08
1.30027e-05 6.31739e-08 0 6.31739e-08
1.5025e-05 7.70372e-08 0 7.70372e-08
1.73619e-05 9.90736e-08 0 9.90736e-08
2.00622e-05 1.27536e-07 0 1.27536e-07
2.31825e-05 1.67469e-07 0 1.67469e-07
2.67881e-05 2.13324e-07 0 2.13324e-07
3.09544e-05 2.35453e-07 0 2.35453e-07
3.57688e-05 2.19703e-07 0 2.19703e-07
4.13319e-05 1.83012e-07 0 1.83012e-07
4.77603e-05 1.46547e-07 0 1.46547e-07
5.51885e-05 1.3169e-07 0 1.3169e-07
6.3772e-05 1.29497e-07 0 1.29497e-07
7.36905e-05 1.32353e-07 0 1.32353e-07
8.51516e-05 1.56662e-07 0 1.56662e-07
9.83952e-05 1.97902e-07 0 1.97902e-07
0.000113699 2.7134e-07 0 2.7134e-07
0.000131382 3.65315e-07 0 3.65315e-07
0.000151816 4.95389e-07 0 4.95389e-07
0.000175428 7.0063e-07 0 7.0063e-07
0.000202713 1.02523e-06 0 1.02523e-06
0.000234241 1.57166e-06 0 1.57166e-06
0.000270672 2.50982e-06 0 2.50982e-06
0.00031277 3.97378e-06 0 3.97378e-06
0.000361415 6.99533e-06 0 6.99533e-06
0.000417627 1.29309e-05 0 1.29309e-05
0.00048258 2.38244e-05 0 2.38244e-05
0.000557636 4.62402e-05 0 4.62402e-05
0.000644366 8.87025e-05 0 8.87025e-05
0.000744584 0.000146397 0 0.000146397
0.00086039 0.000248089 0 0.000248089
0.000994206 0.000375307 0 0.000375307
0.00114884 0.000559828 0 0.000559828
0.00132751 0.000780138 0 0.000780138
0.00153398 0.00100712 0 0.00100712
0.00177256 0.00117089 0 0.00117089
0.00204825 0.00115873 0 0.00115873
0.00236682 0.000874337 0 0.000874337
0.00273493 0.00035774 0 0.00035774
0.0031603 6.77184e-05 0 6.77184e-05
0.00365182 3.50837e-06 0 3.50837e-06
