2.22408e-09 0 2.16554e-16 0
2.52776e-09 0 3.16041e-17 0
2.8729e-09 0 5.57703e-17 0
3.26516e-09 0 5.51439e-17 0
3.71099e-09 0 6.28624e-17 0
4.21768e-09 0 7.42236e-17 0
4.79356e-09 0 8.77689e-17 0
5.44808e-09 0 1.09872e-16 0
6.19196e-09 0 1.37547e-16 0
7.03741e-09 0 1.81625e-16 0
7.99829e-09 0 2.29576e-16 0
9.09038e-09 0 2.78507e-16 0
1.03316e-08 0 3.47124e-16 0
1.17422e-08 0 4.14098e-16 0
1.33455e-08 0 4.78154e-16 0
1.51677e-08 0 5.31759e-16 0
1.72387e-08 0 5.45131e-16 0
1.95925e-08 0 5.87067e-16 0
2.22677e-08 0 5.89762e-16 0
2.53081e-08 0 5.27423e-16 0
2.87636e-08 0 4.16524e-16 0
3.2691e-08 0 3.10225e-16 0
3.71547e-08 0 1.975e-16 0
4.22277e-08 0 6.08984e-17 0
4.79935e-08 0 1.33035e-17 0
5.45465e-08 0 1.86294e-18 0
6.19943e-08 0 1.05469e-20 0
7.0459e-08 0 6.50641e-25 0
8.00795e-08 2.36193e-300 3.72045e-31 2.36193e-300
9.10135e-08 5.83311e-267 1.89543e-39 5.83311e-267
1.03441e-07 1.24813e-235 8.46327e-50 1.24813e-235
1.17564e-07 2.3139e-206 3.28933e-62 2.3139e-206
1.33616e-07 3.7167e-179 1.1097e-76 3.7167e-179
1.5186e-07 5.17249e-154 3.24598e-93 5.17249e-154
1.72595e-07 6.23702e-131 8.22886e-112 6.23702e-131
1.96162e-07 6.51629e-110 1.80763e-132 6.51629e-110
2.22945e-07 5.89934e-91 3.44052e-155 5.89934e-91
2.53386e-07 4.62877e-74 5.67379e-180 4.62877e-74
2.87984e-07 3.14916e-59 8.10684e-207 3.14916e-59
3.27305e-07 1.86e-46 1.00359e-235 1.86e-46
3.71995e-07 9.56596e-36 1.07644e-266 9.56596e-36
4.22787e-07 4.31606e-27 1.00034e-299 4.31606e-27
4.80515e-07 1.73887e-20 0 1.73887e-20
5.46124e-07 6.4965e-16 0 6.4965e-16
6.20692e-07 2.39928e-13 0 2.39928e-13
7.05441e-07 9.34377e-13 0 9.34377e-13
8.01762e-07 7.53954e-14 0 7.53954e-14
9.11234e-07 1.84735e-12 0 1.84735e-12
1.03565e-06 1.88119e-12 0 1.88119e-12
1.17706e-06 9.77548e-12 0 9.77548e-12
1.33778e-06 2.23488e-11 0 2.23488e-11
1.52044e-06 2.85322e-11 0 2.85322e-11
1.72804e-06 1.00364e-10 0 1.00364e-10
1.96398e-06 2.1329e-10 0 2.1329e-10
2.23215e-06 4.4914e-10 0 4.4914e-10
2.53692e-06 6.57615e-10 0 6.57615e-10
2.88331e-06 1.42246e-09 0 1.42246e-09
3.277e-06 2.65781e-09 0 2.65781e-09
3.72444e-06 5.14224e-09 0 5.14224e-09
4.23298e-06 9.3055e-09 0 9.3055e-09
4.81095e-06 1.72005e-08 0 1.72005e-08
5.46783e-06 3.09441e-08 0 3.09441e-08
6.21441e-06 4.94761e-08 0 4.94761e-08
7.06293e-06 8.79359e-08 0 8.79359e-08
8.0273e-06 1.49931e-07 0 1.49931e-07
9.12334e-06 2.59245e-07 0 2.59245e-07
1.0369e-05 4.38026e-07 0 4.38026e-07
1.17848e-05 7.01469e-07 0 7.01469e-07
1.33939e-05 1.17305e-06 0 1.17305e-06
1.52227e-05 2.00184e-06 0 2.00184e-06
1.73012e-05 3.48839e-06 0 3.48839e-06
1.96636e-05 6.28108e-06 0 6.28108e-06
2.23484e-05 1.14954e-05 0 1.14954e-05
2.53999e-05 1.98857e-05 0 1.98857e-05
2.8868e-05 3.2379e-05 0 3.2379e-05
3.28096e-05 4.74913e-05 0 4.74913e-05
3.72894e-05 6.10999e-05 0 6.10999e-05
4.23809e-05 6.94026e-05 0 6.94026e-05
4.81676e-05 7.56517e-05 0 7.56517e-05
5.47444e-05 8.54806e-05 0 8.54806e-05
6.22191e-05 9.81774e-05 0 9.81774e-05
7.07145e-05 0.000120905 0 0.000120905
8.03699e-05 0.000151134 0 0.000151134
9.13436e-05 0.000194316 0 0.000194316
0.000103816 0.000251153 0 0.000251153
0.000117991 0.000306643 0 0.000306643
0.000134101 0.000384564 0 0.000384564
0.000152411 0.000461813 0 0.000461813
0.000173221 0.00054951 0 0.00054951
0.000196873 0.000616974 0 0.000616974
0.000223754 0.000658852 0 0.000658852
0.000254305 0.000689407 0 0.000689407
0.000289028 0.000726963 0 0.000726963
0.000328492 0.000695528 0 0.000695528
0.000373344 0.000569773 0 0.000569773
0.000424321 0.00043509 0 0.00043509
0.000482257 0.000326539 0 0.000326539
0.000548105 0.000147349 0 0.000147349
0.000622943 3.37489e-05 0 3.37489e-05
0.000707999 7.76327e-06 0 7.76327e-06
