2.22408e-09 0 3.27255e-15 0 0
2.46744e-09 0 1.95429e-15 0 0
2.73744e-09 0 4.16192e-16 0 0
3.03697e-09 0 3.16084e-17 0 0
3.36929e-09 0 8.56081e-19 0 0
3.73796e-09 0 8.26858e-21 0 0
4.14698e-09 0 2.84807e-23 0 0
4.60075e-09 0 3.49844e-26 0 0
5.10417e-09 0 1.5325e-29 0 0
5.66268e-09 0 2.39404e-33 0 0
6.2823e-09 0 1.33372e-37 0 0
6.96973e-09 0 2.64974e-42 0 0
7.73237e-09 0 1.87734e-47 0 0
8.57846e-09 0 4.74339e-53 0 0
9.51714e-09 0 4.27403e-59 0 0
1.05585e-08 0 1.37337e-65 0 0
1.17139e-08 0 1.57378e-72 0 0
1.29956e-08 0 6.43137e-80 0 0
1.44176e-08 0 9.37273e-88 0 0
1.59952e-08 0 4.87116e-96 0 0
1.77455e-08 0 9.02822e-105 0 0
1.96872e-08 0 5.96727e-114 0 0
2.18414e-08 4.24896e-322 1.40654e-123 4.24896e-322 0
2.42314e-08 1.21657e-305 1.18232e-133 1.21657e-305 0
2.68828e-08 1.23963e-289 3.54419e-144 1.23963e-289 0
2.98244e-08 4.50455e-274 3.78883e-155 4.50455e-274 0
3.30878e-08 5.83732e-259 1.44443e-166 5.83732e-259 0
3.67084e-08 2.69761e-244 1.96377e-178 2.69761e-244 0
4.07251e-08 4.44579e-230 9.52116e-191 4.44579e-230 0
4.51813e-08 2.61289e-216 1.64624e-203 2.61289e-216 0
5.01252e-08 5.47644e-203 1.01507e-216 5.47644e-203 0
5.561e-08 4.09335e-190 2.23206e-230 4.09335e-190 0
6.16949e-08 1.09109e-177 1.75033e-244 1.09109e-177 0
6.84457e-08 1.03717e-165 4.89481e-259 1.03717e-165 0
7.59352e-08 3.51593e-154 4.88153e-274 3.51593e-154 0
8.42442e-08 4.25045e-143 1.73612e-289 4.25045e-143 0
9.34624e-08 1.83245e-132 2.20194e-305 1.83245e-132 0
1.03689e-07 2.81731e-122 0 2.81731e-122 0
1.15035e-07 1.54469e-112 0 1.54469e-112 0
1.27623e-07 3.02029e-103 0 3.02029e-103 0
1.41587e-07 2.10601e-94 0 2.10601e-94 0
1.5708e-07 5.23694e-86 0 5.23694e-86 0
1.74268e-07 4.64405e-78 0 4.64405e-78 0
1.93337e-07 1.46866e-70 0 1.46866e-70 0
2.14492e-07 1.65633e-63 0 1.65633e-63 0
2.37963e-07 6.66158e-57 0 6.66158e-57 0
2.64001e-07 9.55457e-51 0 9.55457e-51 0
2.92888e-07 4.88707e-45 0 4.88707e-45 0
3.24937e-07 8.91435e-40 0 8.91435e-40 0
3.60492e-07 5.79875e-35 0 5.79875e-35 0
3.99938e-07 1.34519e-30 0 1.34519e-30 0
4.437e-07 1.11284e-26 0 1.11284e-26 0
4.92251e-07 3.28314e-23 0 3.28314e-23 0
5.46114e-07 3.45421e-20 0 3.45421e-20 0
6.05871e-07 1.29602e-17 0 1.29602e-17 0
6.72167e-07 1.73411e-15 0 1.73411e-15 0
7.45717e-07 8.2746e-14 0 8.2746e-14 0
8.27315e-07 1.40806e-12 0 1.40806e-12 0
9.17841e-07 8.5447e-12 0 8.5447e-12 0
1.01827e-06 1.84917e-11 0 1.84917e-11 0
1.1297e-06 1.42714e-11 0 1.42714e-11 0
1.25331e-06 3.94992e-12 0 3.94992e-12 0
1.39045e-06 1.27134e-12 0 1.27134e-12 0
1.54259e-06 1.26638e-11 0 1.26638e-11 0
1.71139e-06 6.44681e-11 0 6.44681e-11 0
1.89865e-06 1.18977e-10 0 1.18977e-10 0
2.10641e-06 1.07586e-10 0 1.07586e-10 0
2.3369e-06 2.26528e-10 0 2.26528e-10 0
2.5926e-06 6.87447e-10 0 6.87447e-10 0
2.87629e-06 1.53849e-09 0 1.53849e-09 0
3.19102e-06 3.48027e-09 0 3.48027e-09 0
3.54019e-06 7.70219e-09 0 7.70219e-09 0
3.92757e-06 1.40249e-08 0 1.40249e-08 0
4.35733e-06 2.62134e-08 0 2.62134e-08 0
4.83412e-06 5.24122e-08 0 5.24122e-08 0
5.36308e-06 9.63479e-08 0 9.63479e-08 0
5.94992e-06 1.65715e-07 0 1.65715e-07 0
6.60097e-06 3.07419e-07 0 3.07419e-07 0
7.32326e-06 6.2097e-07 0 6.2097e-07 0
8.12459e-06 1.25702e-06 0 1.25702e-06 0
9.0136e-06 2.4365e-06 0 2.4365e-06 0
9.99989e-06 4.45472e-06 0 4.45472e-06 0
1.10941e-05 8.01511e-06 0 8.01511e-06 0
1.2308e-05 1.39184e-05 0 1.39184e-05 0
1.36548e-05 2.42275e-05 0 2.42275e-05 0
1.51489e-05 4.34818e-05 0 4.34818e-05 0
1.68066e-05 7.67192e-05 0 7.67192e-05 0
1.86456e-05 0.000134835 0 0.000134835 0
2.06858e-05 0.000233258 0 0.000233258 0
2.29493e-05 0.000384228 0 0.000384228 0
2.54605e-05 0.000594873 0 0.000594873 0
2.82464e-05 0.000875964 0 0.000875964 0
3.13372e-05 0.00121316 0 0.00121316 0
3.47662e-05 0.00148379 0 0.00148379 0
3.85704e-05 0.00154493 0 0.00154493 0
4.27908e-05 0.00135953 0 0.00135953 0
4.74731e-05 0.000988817 0 0.000988817 0
5.26677e-05 0.000571064 0 0.000571064 0
5.84307e-05 0.000238995 0 0.000238995 0
6.48244e-05 6.55658e-05 0 6.55658e-05 0
