2.22408e-09 0 1.70605e-15 0 0
2.48059e-09 0 1.22294e-15 0 0
2.76668e-09 0 8.34163e-16 0 0
3.08577e-09 0 7.53266e-16 0 0
3.44166e-09 0 6.42807e-16 0 0
3.8386e-09 0 5.35847e-16 0 0
4.28132e-09 0 4.01373e-16 0 0
4.77509e-09 0 2.49553e-16 0 0
5.32582e-09 0 1.31249e-16 0 0
5.94006e-09 0 5.95019e-17 0 0
6.62514e-09 0 2.03957e-17 0 0
7.38924e-09 0 4.24687e-18 0 0
8.24146e-09 0 4.1654e-19 0 0
9.19197e-09 0 1.58445e-20 0 0
1.02521e-08 0 2.11154e-22 0 0
1.14345e-08 0 9.41928e-25 0 0
1.27533e-08 0 1.37802e-27 0 0
1.42242e-08 0 6.54759e-31 0 0
1.58647e-08 0 1.00537e-34 0 0
1.76944e-08 0 4.97488e-39 0 0
1.97351e-08 0 7.92004e-44 0 0
2.20112e-08 7.44557e-321 4.05228e-49 7.44557e-321 0
2.45498e-08 1.32653e-303 6.65856e-55 1.32653e-303 0
2.73812e-08 7.5645e-287 3.51187e-61 7.5645e-287 0
3.05392e-08 1.38053e-270 5.94286e-68 1.38053e-270 0
3.40614e-08 8.06339e-255 3.22557e-75 8.06339e-255 0
3.79898e-08 1.50727e-239 5.61372e-83 1.50727e-239 0
4.23712e-08 9.01713e-225 3.13204e-91 9.01713e-225 0
4.7258e-08 1.72643e-210 5.60073e-100 1.72643e-210 0
5.27084e-08 1.05787e-196 3.20943e-109 1.05787e-196 0
5.87874e-08 2.07453e-183 5.8926e-119 2.07453e-183 0
6.55675e-08 1.302e-170 3.46595e-129 1.302e-170 0
7.31296e-08 2.61519e-158 6.5301e-140 2.61519e-158 0
8.15639e-08 1.68113e-146 3.94052e-151 1.68113e-146 0
9.09709e-08 3.4586e-135 7.6152e-163 3.4586e-135 0
1.01463e-07 2.27722e-124 4.71267e-175 2.27722e-124 0
1.13165e-07 4.79857e-114 9.33853e-188 4.79857e-114 0
1.26216e-07 3.2361e-104 5.92499e-201 3.2361e-104 0
1.40773e-07 6.98451e-95 1.20357e-214 6.98451e-95 0
1.57009e-07 4.8245e-86 7.82713e-229 4.8245e-86 0
1.75117e-07 1.06653e-77 1.62955e-243 1.06653e-77 0
1.95314e-07 7.54565e-70 1.08604e-258 7.54565e-70 0
2.1784e-07 1.70853e-62 2.31701e-274 1.70853e-62 0
2.42964e-07 1.2381e-55 1.58233e-290 1.2381e-55 0
2.70986e-07 2.87136e-49 3.45895e-307 2.87136e-49 0
3.0224e-07 2.1312e-43 0 2.1312e-43 0
3.37098e-07 5.0625e-38 0 5.0625e-38 0
3.75976e-07 3.84866e-33 0 3.84866e-33 0
4.19339e-07 9.36388e-29 0 9.36388e-29 0
4.67702e-07 7.29132e-25 0 7.29132e-25 0
5.21643e-07 1.81702e-21 0 1.81702e-21 0
5.81806e-07 1.44916e-18 0 1.44916e-18 0
6.48907e-07 3.69894e-16 0 3.69894e-16 0
7.23748e-07 3.02163e-14 0 3.02163e-14 0
8.07219e-07 7.89966e-13 0 7.89966e-13 0
9.00318e-07 6.60965e-12 0 6.60965e-12 0
1.00415e-06 1.76991e-11 0 1.76991e-11 0
1.11997e-06 1.51682e-11 0 1.51682e-11 0
1.24914e-06 4.17947e-12 0 4.17947e-12 0
1.3932e-06 1.30603e-12 0 1.30603e-12 0
1.55388e-06 1.4678e-11 0 1.4678e-11 0
1.7331e-06 7.32529e-11 0 7.32529e-11 0
1.93298e-06 1.20264e-10 0 1.20264e-10 0
2.15592e-06 1.11827e-10 0 1.11827e-10 0
2.40456e-06 3.16819e-10 0 3.16819e-10 0
2.68189e-06 9.13621e-10 0 9.13621e-10 0
2.9912e-06 2.04951e-09 0 2.04951e-09 0
3.33618e-06 4.8337e-09 0 4.8337e-09 0
3.72095e-06 9.64901e-09 0 9.64901e-09 0
4.1501e-06 1.79851e-08 0 1.79851e-08 0
4.62874e-06 3.81266e-08 0 3.81266e-08 0
5.16259e-06 7.6176e-08 0 7.6176e-08 0
5.758e-06 1.32458e-07 0 1.32458e-07 0
6.42209e-06 2.31253e-07 0 2.31253e-07 0
7.16277e-06 4.55354e-07 0 4.55354e-07 0
7.98887e-06 9.1346e-07 0 9.1346e-07 0
8.91025e-06 1.7943e-06 0 1.7943e-06 0
9.93789e-06 3.32023e-06 0 3.32023e-06 0
1.10841e-05 6.06826e-06 0 6.06826e-06 0
1.23624e-05 1.06031e-05 0 1.06031e-05 0
1.37882e-05 1.82966e-05 0 1.82966e-05 0
1.53784e-05 3.19907e-05 0 3.19907e-05 0
1.71521e-05 5.39342e-05 0 5.39342e-05 0
1.91303e-05 9.17744e-05 0 9.17744e-05 0
2.13366e-05 0.000156064 0 0.000156064 0
2.37974e-05 0.000251771 0 0.000251771 0
2.6542e-05 0.000380811 0 0.000380811 0
2.96032e-05 0.000559366 0 0.000559366 0
3.30174e-05 0.00077464 0 0.00077464 0
3.68254e-05 0.000950577 0 0.000950577 0
4.10726e-05 0.00104062 0 0.00104062 0
4.58096e-05 0.00104881 0 0.00104881 0
5.1093e-05 0.00101729 0 0.00101729 0
5.69857e-05 0.000947449 0 0.000947449 0
6.3558e-05 0.000798236 0 0.000798236 0
7.08883e-05 0.000565115 0 0.000565115 0
7.90641e-05 0.000355366 0 0.000355366 0
8.81827e-05 0.000199393 0 0.000199393 0
9.83531e-05 8.8431e-05 0 8.8431e-05 0
0.000109696 3.2732e-05 0 3.2732e-05 0
