2.22408e-09 0 2.56854e-15 0 0
2.47345e-09 0 1.7135e-15 0 0
2.75078e-09 0 8.31106e-16 0 0
3.05921e-09 0 5.33475e-16 0 0
3.40222e-09 0 2.84692e-16 0 0
3.78369e-09 0 1.18454e-16 0 0
4.20793e-09 0 4.08023e-17 0 0
4.67973e-09 0 1.1681e-17 0 0
5.20444e-09 0 2.44069e-18 0 0
5.78798e-09 0 3.10697e-19 0 0
6.43694e-09 0 1.94178e-20 0 0
7.15868e-09 0 4.94296e-22 0 0
7.96133e-09 0 4.61562e-24 0 0
8.85398e-09 0 1.51032e-26 0 0
9.84672e-09 0 1.70019e-29 0 0
1.09508e-08 0 6.53563e-33 0 0
1.21786e-08 0 8.55263e-37 0 0
1.35441e-08 0 3.80505e-41 0 0
1.50627e-08 0 5.75197e-46 0 0
1.67516e-08 0 2.95361e-51 0 0
1.86298e-08 0 5.15134e-57 0 0
2.07187e-08 0 3.05136e-63 0 0
2.30417e-08 1.45597e-313 6.13847e-70 1.45597e-313 0
2.56252e-08 5.79425e-297 4.19389e-77 5.79425e-297 0
2.84984e-08 7.83119e-281 9.73108e-85 7.83119e-281 0
3.16938e-08 3.59454e-265 7.66816e-93 3.59454e-265 0
3.52474e-08 5.6033e-250 2.05214e-101 5.6033e-250 0
3.91994e-08 2.9664e-235 1.86512e-110 2.9664e-235 0
4.35946e-08 5.33335e-221 5.75696e-120 5.33335e-221 0
4.84825e-08 3.25653e-207 6.03482e-130 3.25653e-207 0
5.39186e-08 6.75298e-194 2.14842e-140 6.75298e-194 0
5.99641e-08 4.75578e-181 2.59753e-151 4.75578e-181 0
6.66875e-08 1.13745e-168 1.06656e-162 1.13745e-168 0
7.41647e-08 9.23905e-157 1.4873e-174 9.23905e-157 0
8.24802e-08 2.54864e-145 7.04359e-187 2.54864e-145 0
9.17282e-08 2.38767e-134 1.13286e-199 2.38767e-134 0
1.02013e-07 7.59669e-124 6.18787e-213 7.59669e-124 0
1.13451e-07 8.20843e-114 1.14787e-226 8.20843e-114 0
1.26172e-07 3.01218e-104 7.23149e-241 3.01218e-104 0
1.40318e-07 3.75393e-95 1.54721e-255 3.75393e-95 0
1.56051e-07 1.58883e-86 1.12423e-270 1.58883e-86 0
1.73548e-07 2.28377e-78 2.77425e-286 2.28377e-78 0
1.93007e-07 1.11484e-70 2.32499e-302 1.11484e-70 0
2.14648e-07 1.84824e-63 6.61732e-319 1.84824e-63 0
2.38715e-07 1.04061e-56 0 1.04061e-56 0
2.6548e-07 1.98978e-50 0 1.98978e-50 0
2.95247e-07 1.29213e-44 0 1.29213e-44 0
3.28351e-07 2.84965e-39 0 2.84965e-39 0
3.65166e-07 2.13433e-34 0 2.13433e-34 0
4.0611e-07 5.42897e-30 0 5.42897e-30 0
4.51645e-07 4.68985e-26 0 4.68985e-26 0
5.02284e-07 1.37589e-22 0 1.37589e-22 0
5.58602e-07 1.37087e-19 0 1.37087e-19 0
6.21234e-07 4.63864e-17 0 4.63864e-17 0
6.90889e-07 5.33054e-15 0 5.33054e-15 0
7.68354e-07 2.08035e-13 0 2.08035e-13 0
8.54504e-07 2.75733e-12 0 2.75733e-12 0
9.50314e-07 1.24115e-11 0 1.24115e-11 0
1.05687e-06 1.89734e-11 0 1.89734e-11 0
1.17537e-06 9.85167e-12 0 9.85167e-12 0
1.30715e-06 1.84843e-12 0 1.84843e-12 0
1.45371e-06 3.24438e-12 0 3.24438e-12 0
1.61671e-06 2.99993e-11 0 2.99993e-11 0
1.79798e-06 9.75984e-11 0 9.75984e-11 0
1.99957e-06 1.16079e-10 0 1.16079e-10 0
2.22377e-06 1.34223e-10 0 1.34223e-10 0
2.47311e-06 4.3324e-10 0 4.3324e-10 0
2.7504e-06 1.1094e-09 0 1.1094e-09 0
3.05879e-06 2.45801e-09 0 2.45801e-09 0
3.40175e-06 5.8136e-09 0 5.8136e-09 0
3.78316e-06 1.14347e-08 0 1.14347e-08 0
4.20735e-06 2.09219e-08 0 2.09219e-08 0
4.67909e-06 4.23226e-08 0 4.23226e-08 0
5.20372e-06 8.16165e-08 0 8.16165e-08 0
5.78718e-06 1.42131e-07 0 1.42131e-07 0
6.43606e-06 2.54606e-07 0 2.54606e-07 0
7.15769e-06 5.02788e-07 0 5.02788e-07 0
7.96023e-06 1.01132e-06 0 1.01132e-06 0
8.85276e-06 1.99137e-06 0 1.99137e-06 0
9.84536e-06 3.71418e-06 0 3.71418e-06 0
1.09493e-05 6.7941e-06 0 6.7941e-06 0
1.21769e-05 1.19044e-05 0 1.19044e-05 0
1.35422e-05 2.06213e-05 0 2.06213e-05 0
1.50606e-05 3.67258e-05 0 3.67258e-05 0
1.67493e-05 6.43515e-05 0 6.43515e-05 0
1.86273e-05 0.000112159 0 0.000112159 0
2.07158e-05 0.000192191 0 0.000192191 0
2.30385e-05 0.000315215 0 0.000315215 0
2.56217e-05 0.000489748 0 0.000489748 0
2.84945e-05 0.00072993 0 0.00072993 0
3.16894e-05 0.00102976 0 0.00102976 0
3.52425e-05 0.00129118 0 0.00129118 0
3.9194e-05 0.00139762 0 0.00139762 0
4.35886e-05 0.00129967 0 0.00129967 0
4.84758e-05 0.00105975 0 0.00105975 0
5.39111e-05 0.000769768 0 0.000769768 0
5.99558e-05 0.000464306 0 0.000464306 0
6.66782e-05 0.000223461 0 0.000223461 0
7.41544e-05 9.02082e-05 0 9.02082e-05 0
8.24689e-05 3.04566e-05 0 3.04566e-05 0
