2.22408e-09 0 2.08265e-15 0 0
2.47566e-09 0 1.45921e-15 0 0
2.75569e-09 0 8.866e-16 0 0
3.06741e-09 0 7.30402e-16 0 0
3.41438e-09 0 5.45757e-16 0 0
3.80059e-09 0 3.60621e-16 0 0
4.2305e-09 0 2.0288e-16 0 0
4.70904e-09 0 9.38608e-17 0 0
5.2417e-09 0 3.45866e-17 0 0
5.83462e-09 0 8.9336e-18 0 0
6.4946e-09 0 1.23934e-18 0 0
7.22924e-09 0 7.33441e-20 0 0
8.04698e-09 0 1.63637e-21 0 0
8.95722e-09 0 1.29997e-23 0 0
9.97042e-09 0 3.57884e-26 0 0
1.10982e-08 0 3.36674e-29 0 0
1.23536e-08 0 1.07362e-32 0 0
1.3751e-08 0 1.15484e-36 0 0
1.53064e-08 0 4.17657e-41 0 0
1.70378e-08 0 5.0674e-46 0 0
1.89651e-08 0 2.05944e-51 0 0
2.11103e-08 0 2.80044e-57 0 0
2.34982e-08 1.83162e-310 1.27312e-63 1.83162e-310 0
2.61562e-08 8.17859e-294 1.93382e-70 8.17859e-294 0
2.91149e-08 1.21787e-277 9.81004e-78 1.21787e-277 0
3.24082e-08 6.04794e-262 1.66146e-85 6.04794e-262 0
3.60741e-08 1.0016e-246 9.39201e-94 1.0016e-246 0
4.01546e-08 5.53173e-232 1.77172e-102 5.53173e-232 0
4.46968e-08 1.01885e-217 1.11514e-111 1.01885e-217 0
4.97527e-08 6.25803e-204 2.34164e-121 6.25803e-204 0
5.53804e-08 1.28188e-190 1.64029e-131 1.28188e-190 0
6.16448e-08 8.75664e-178 3.83271e-142 8.75664e-178 0
6.86178e-08 1.99485e-165 2.9871e-153 1.99485e-165 0
7.63795e-08 1.51552e-153 7.76492e-165 1.51552e-153 0
8.50192e-08 3.83968e-142 6.73213e-177 3.83968e-142 0
9.46362e-08 3.24421e-131 1.94664e-189 3.24421e-131 0
1.05341e-07 9.14123e-121 1.87728e-202 9.14123e-121 0
1.17257e-07 8.58976e-111 6.03774e-216 8.58976e-111 0
1.3052e-07 2.69177e-101 6.47617e-230 2.69177e-101 0
1.45284e-07 2.81304e-92 2.31663e-244 2.81304e-92 0
1.61718e-07 9.80381e-84 2.76367e-259 9.80381e-84 0
1.80011e-07 1.13945e-75 1.09953e-274 1.13945e-75 0
2.00373e-07 4.41647e-68 1.45885e-290 4.41647e-68 0
2.23038e-07 5.7087e-61 6.45511e-307 5.7087e-61 0
2.48267e-07 2.46082e-54 4.94066e-324 2.46082e-54 0
2.7635e-07 3.53756e-48 0 3.53756e-48 0
3.07609e-07 1.69593e-42 0 1.69593e-42 0
3.42405e-07 2.7114e-37 0 2.7114e-37 0
3.81136e-07 1.44564e-32 0 1.44564e-32 0
4.24248e-07 2.57044e-28 0 2.57044e-28 0
4.72237e-07 1.52418e-24 0 1.52418e-24 0
5.25655e-07 3.01401e-21 0 3.01401e-21 0
5.85114e-07 1.98763e-18 0 1.98763e-18 0
6.513e-07 4.37125e-16 0 4.37125e-16 0
7.24972e-07 3.20596e-14 0 3.20596e-14 0
8.06977e-07 7.84134e-13 0 7.84134e-13 0
8.98259e-07 6.39594e-12 0 6.39594e-12 0
9.99866e-07 1.7398e-11 0 1.7398e-11 0
1.11297e-06 1.57825e-11 0 1.57825e-11 0
1.23886e-06 4.78828e-12 0 4.78828e-12 0
1.37899e-06 1.16733e-12 0 1.16733e-12 0
1.53498e-06 1.14246e-11 0 1.14246e-11 0
1.70861e-06 6.33451e-11 0 6.33451e-11 0
1.90188e-06 1.19225e-10 0 1.19225e-10 0
2.11701e-06 1.07814e-10 0 1.07814e-10 0
2.35648e-06 2.50003e-10 0 2.50003e-10 0
2.62303e-06 7.61249e-10 0 7.61249e-10 0
2.91974e-06 1.71749e-09 0 1.71749e-09 0
3.25e-06 4.05028e-09 0 4.05028e-09 0
3.61763e-06 8.83605e-09 0 8.83605e-09 0
4.02684e-06 1.61156e-08 0 1.61156e-08 0
4.48234e-06 3.16721e-08 0 3.16721e-08 0
4.98936e-06 6.36859e-08 0 6.36859e-08 0
5.55373e-06 1.13799e-07 0 1.13799e-07 0
6.18194e-06 1.95937e-07 0 1.95937e-07 0
6.88122e-06 3.76424e-07 0 3.76424e-07 0
7.65959e-06 7.56257e-07 0 7.56257e-07 0
8.52601e-06 1.48944e-06 0 1.48944e-06 0
9.49043e-06 2.77325e-06 0 2.77325e-06 0
1.05639e-05 5.07672e-06 0 5.07672e-06 0
1.17589e-05 9.11383e-06 0 9.11383e-06 0
1.3089e-05 1.55585e-05 0 1.55585e-05 0
1.45696e-05 2.71111e-05 0 2.71111e-05 0
1.62176e-05 4.6831e-05 0 4.6831e-05 0
1.80521e-05 8.04757e-05 0 8.04757e-05 0
2.0094e-05 0.000139042 0 0.000139042 0
2.2367e-05 0.000231024 0 0.000231024 0
2.4897e-05 0.000361978 0 0.000361978 0
2.77133e-05 0.000542036 0 0.000542036 0
3.08481e-05 0.000785088 0 0.000785088 0
3.43375e-05 0.00103417 0 0.00103417 0
3.82216e-05 0.0011876 0 0.0011876 0
4.2545e-05 0.00120008 0 0.00120008 0
4.73575e-05 0.00111259 0 0.00111259 0
5.27144e-05 0.000976898 0 0.000976898 0
5.86772e-05 0.000778455 0 0.000778455 0
6.53145e-05 0.000521432 0 0.000521432 0
7.27025e-05 0.000289247 0 0.000289247 0
8.09263e-05 0.000143038 0 0.000143038 0
9.00803e-05 6.05499e-05 0 6.05499e-05 0
