2.22408e-09 0 1.70544e-15 0
2.48255e-09 0 1.21287e-15 0
2.77106e-09 0 8.21721e-16 0
3.0931e-09 0 7.38699e-16 0
3.45257e-09 0 6.1375e-16 0
3.85381e-09 0 4.93303e-16 0
4.30169e-09 0 3.80557e-16 0
4.80161e-09 0 2.68974e-16 0
5.35963e-09 0 1.67668e-16 0
5.9825e-09 0 8.15803e-17 0
6.67776e-09 0 2.72916e-17 0
7.45382e-09 0 6.96e-18 0
8.32006e-09 0 1.52839e-18 0
9.28698e-09 0 1.89421e-19 0
1.03663e-08 0 8.99076e-21 0
1.1571e-08 0 1.42928e-22 0
1.29157e-08 0 7.31013e-25 0
1.44167e-08 0 1.1867e-27 0
1.60922e-08 0 6.08394e-31 0
1.79623e-08 0 9.8312e-35 0
2.00498e-08 0 5.00343e-39 0
2.23799e-08 0 8.01734e-44 0
2.49808e-08 0 4.04426e-49 0
2.7884e-08 0 6.42199e-55 0
3.11245e-08 0 3.21006e-61 0
3.47417e-08 0 5.05085e-68 0
3.87792e-08 0 2.50163e-75 0
4.32859e-08 6.83888e-315 3.90021e-83 6.83888e-315
4.83164e-08 1.15482e-297 1.91407e-91 1.15482e-297
5.39315e-08 6.13827e-281 2.95689e-100 6.13827e-281
6.01992e-08 1.02703e-264 1.43786e-109 1.02703e-264
6.71953e-08 5.40916e-249 2.20092e-119 5.40916e-249
7.50044e-08 8.96768e-234 1.06047e-129 8.96768e-234
8.37211e-08 4.6799e-219 1.60841e-140 4.6799e-219
9.34508e-08 7.68773e-205 7.67895e-152 7.68773e-205
1.04311e-07 3.97526e-191 1.15402e-163 3.97526e-191
1.16434e-07 6.47051e-178 5.45919e-176 6.47051e-178
1.29965e-07 3.31526e-165 8.12924e-189 3.31526e-165
1.45069e-07 5.34689e-153 3.81046e-202 5.34689e-153
1.61928e-07 2.71451e-141 5.62225e-216 2.71451e-141
1.80747e-07 4.33798e-130 2.61125e-230 4.33798e-130
2.01753e-07 2.18217e-119 3.81763e-245 2.18217e-119
2.25199e-07 3.45538e-109 1.75689e-260 3.45538e-109
2.51371e-07 1.7223e-99 2.54507e-276 1.7223e-99
2.80584e-07 2.70226e-90 1.16054e-292 2.70226e-90
3.13192e-07 1.3346e-81 1.66582e-309 1.3346e-81
3.4959e-07 2.07484e-73 0 2.07484e-73
3.90218e-07 1.01537e-65 0 1.01537e-65
4.35567e-07 1.56413e-58 0 1.56413e-58
4.86187e-07 7.58467e-52 0 7.58467e-52
5.42689e-07 1.15778e-45 0 1.15778e-45
6.05758e-07 5.56367e-40 0 5.56367e-40
6.76156e-07 8.41757e-35 0 8.41757e-35
7.54736e-07 4.01045e-30 0 4.01045e-30
8.42448e-07 6.01964e-26 0 6.01964e-26
9.40353e-07 2.84913e-22 0 2.84913e-22
1.04964e-06 4.26022e-19 0 4.26022e-19
1.17162e-06 2.02015e-16 0 2.02015e-16
1.30778e-06 3.06097e-14 0 3.06097e-14
1.45977e-06 1.50354e-12 0 1.50354e-12
1.62941e-06 2.45627e-11 0 2.45627e-11
1.81878e-06 1.39759e-10 0 1.39759e-10
2.03015e-06 3.15572e-10 0 3.15572e-10
2.26608e-06 4.53585e-10 0 4.53585e-10
2.52943e-06 6.13997e-10 0 6.13997e-10
2.82339e-06 7.9285e-10 0 7.9285e-10
3.15151e-06 2.84136e-09 0 2.84136e-09
3.51777e-06 8.75054e-09 0 8.75054e-09
3.92659e-06 1.68435e-08 0 1.68435e-08
4.38292e-06 3.13602e-08 0 3.13602e-08
4.89228e-06 6.02336e-08 0 6.02336e-08
5.46084e-06 1.12646e-07 0 1.12646e-07
6.09547e-06 2.08036e-07 0 2.08036e-07
6.80386e-06 3.77303e-07 0 3.77303e-07
7.59457e-06 6.96227e-07 0 6.96227e-07
8.47718e-06 1.27183e-06 0 1.27183e-06
9.46236e-06 2.27946e-06 0 2.27946e-06
1.0562e-05 4.31698e-06 0 4.31698e-06
1.17895e-05 8.70851e-06 0 8.70851e-06
1.31596e-05 1.62863e-05 0 1.62863e-05
1.4689e-05 2.72782e-05 0 2.72782e-05
1.63961e-05 4.4279e-05 0 4.4279e-05
1.83015e-05 7.38644e-05 0 7.38644e-05
2.04284e-05 0.000123567 0 0.000123567
2.28025e-05 0.000203544 0 0.000203544
2.54526e-05 0.000329701 0 0.000329701
2.84105e-05 0.000499405 0 0.000499405
3.17123e-05 0.000689553 0 0.000689553
3.53977e-05 0.000866147 0 0.000866147
3.95115e-05 0.000978208 0 0.000978208
4.41033e-05 0.00101022 0 0.00101022
4.92288e-05 0.000991001 0 0.000991001
5.495e-05 0.000926933 0 0.000926933
6.1336e-05 0.000803971 0 0.000803971
6.84642e-05 0.000639956 0 0.000639956
7.64208e-05 0.000468935 0 0.000468935
8.5302e-05 0.000307858 0 0.000307858
9.52155e-05 0.000175682 0 0.000175682
0.000106281 7.48783e-05 0 7.48783e-05
0.000118632 1.92706e-05 0 1.92706e-05
