2.22408e-09 0 5.69784e-15 0
2.4699e-09 0 1.15855e-15 0
2.74289e-09 0 9.73922e-18 0
3.04605e-09 0 3.38486e-21 0
3.38272e-09 0 4.86368e-26 0
3.7566e-09 0 2.88933e-32 0
4.1718e-09 0 7.09634e-40 0
4.63289e-09 0 7.20575e-49 0
5.14495e-09 0 3.02504e-59 0
5.7136e-09 0 5.25037e-71 0
6.3451e-09 0 3.76752e-84 0
7.0464e-09 0 1.11771e-98 0
7.82521e-09 0 1.3709e-114 0
8.6901e-09 0 6.95173e-132 0
9.65058e-09 0 1.45742e-150 0
1.07172e-08 0 1.26324e-170 0
1.19018e-08 0 4.52682e-192 0
1.32172e-08 0 6.70667e-215 0
1.46781e-08 0 4.10797e-239 0
1.63004e-08 0 1.04029e-264 0
1.8102e-08 0 1.08915e-291 0
2.01027e-08 0 0 0
2.23246e-08 0 0 0
2.47921e-08 0 0 0
2.75322e-08 0 0 0
3.05753e-08 0 0 0
3.39546e-08 0 0 0
3.77075e-08 0 0 0
4.18752e-08 0 0 0
4.65035e-08 0 0 0
5.16433e-08 0 0 0
5.73512e-08 0 0 0
6.36901e-08 8.87067e-303 0 8.87067e-303
7.07295e-08 3.63742e-275 0 3.63742e-275
7.85469e-08 6.16647e-249 0 6.16647e-249
8.72284e-08 4.32203e-224 0 4.32203e-224
9.68694e-08 1.2524e-200 0 1.2524e-200
1.07576e-07 1.50041e-178 0 1.50041e-178
1.19466e-07 7.43157e-158 0 7.43157e-158
1.3267e-07 1.5218e-138 0 1.5218e-138
1.47334e-07 1.28838e-120 0 1.28838e-120
1.63618e-07 4.50957e-104 0 4.50957e-104
1.81702e-07 6.52581e-89 0 6.52581e-89
2.01785e-07 3.90427e-75 0 3.90427e-75
2.24087e-07 9.65723e-63 0 9.65723e-63
2.48855e-07 9.8758e-52 0 9.8758e-52
2.7636e-07 4.1754e-42 0 4.1754e-42
3.06905e-07 7.29847e-34 0 7.29847e-34
3.40826e-07 5.27439e-27 0 5.27439e-27
3.78496e-07 1.57587e-21 0 1.57587e-21
4.20329e-07 1.94658e-17 0 1.94658e-17
4.66787e-07 9.94109e-15 0 9.94109e-15
5.18379e-07 2.09895e-13 0 2.09895e-13
5.75673e-07 1.83222e-13 0 1.83222e-13
6.393e-07 8.06939e-15 0 8.06939e-15
7.0996e-07 1.77575e-13 0 1.77575e-13
7.88429e-07 9.14878e-13 0 9.14878e-13
8.75571e-07 1.34877e-12 0 1.34877e-12
9.72344e-07 6.44987e-12 0 6.44987e-12
1.07981e-06 1.35257e-11 0 1.35257e-11
1.19916e-06 1.05831e-11 0 1.05831e-11
1.3317e-06 1.67734e-11 0 1.67734e-11
1.47889e-06 3.61411e-11 0 3.61411e-11
1.64234e-06 5.36451e-11 0 5.36451e-11
1.82387e-06 2.07666e-10 0 2.07666e-10
2.02545e-06 2.22986e-10 0 2.22986e-10
2.24932e-06 4.26343e-10 0 4.26343e-10
2.49792e-06 9.10923e-10 0 9.10923e-10
2.77401e-06 1.4345e-09 0 1.4345e-09
3.08061e-06 3.1054e-09 0 3.1054e-09
3.4211e-06 6.16332e-09 0 6.16332e-09
3.79922e-06 1.17639e-08 0 1.17639e-08
4.21913e-06 1.95236e-08 0 1.95236e-08
4.68546e-06 4.10639e-08 0 4.10639e-08
5.20332e-06 7.80849e-08 0 7.80849e-08
5.77842e-06 1.51117e-07 0 1.51117e-07
6.41709e-06 2.71666e-07 0 2.71666e-07
7.12635e-06 4.97614e-07 0 4.97614e-07
7.91399e-06 9.4253e-07 0 9.4253e-07
8.7887e-06 1.78616e-06 0 1.78616e-06
9.76008e-06 3.33753e-06 0 3.33753e-06
1.08388e-05 5.9665e-06 0 5.9665e-06
1.20368e-05 1.09777e-05 0 1.09777e-05
1.33672e-05 2.08338e-05 0 2.08338e-05
1.48446e-05 3.77953e-05 0 3.77953e-05
1.64853e-05 6.72128e-05 0 6.72128e-05
1.83074e-05 0.000116923 0 0.000116923
2.03308e-05 0.000202059 0 0.000202059
2.25779e-05 0.000337199 0 0.000337199
2.50733e-05 0.000540555 0 0.000540555
2.78446e-05 0.000816038 0 0.000816038
3.09222e-05 0.00113766 0 0.00113766
3.43399e-05 0.00144088 0 0.00144088
3.81353e-05 0.00158 0 0.00158
4.23503e-05 0.00144855 0 0.00144855
4.70311e-05 0.00103374 0 0.00103374
5.22293e-05 0.000530554 0 0.000530554
5.8002e-05 0.000185017 0 0.000185017
6.44127e-05 4.03109e-05 0 4.03109e-05
7.1532e-05 5.9043e-06 0 5.9043e-06
