2.22408e-09 0 2.96034e-15 0
2.4842e-09 0 6.17252e-16 0
2.77473e-09 0 9.52921e-16 0
3.09925e-09 0 6.88774e-16 0
3.46172e-09 0 6.24498e-16 0
3.86659e-09 0 5.00909e-16 0
4.3188e-09 0 3.6789e-16 0
4.8239e-09 0 2.29341e-16 0
5.38808e-09 0 1.14563e-16 0
6.01824e-09 0 4.65994e-17 0
6.7221e-09 0 1.27624e-17 0
7.50828e-09 0 1.43195e-18 0
8.38641e-09 0 1.1798e-19 0
9.36723e-09 0 1.71921e-21 0
1.04628e-08 0 7.94452e-25 0
1.16864e-08 0 1.06107e-29 0
1.30532e-08 0 4.08611e-36 0
1.45799e-08 0 4.53671e-44 0
1.6285e-08 0 1.45222e-53 0
1.81896e-08 0 1.34025e-64 0
2.0317e-08 0 3.56614e-77 0
2.26932e-08 0 2.73573e-91 0
2.53472e-08 0 6.05075e-107 0
2.83117e-08 0 3.85839e-124 0
3.16229e-08 0 7.09357e-143 0
3.53213e-08 0 3.75996e-163 0
3.94523e-08 0 5.74598e-185 0
4.40664e-08 0 2.53166e-208 0
4.92202e-08 0 3.21594e-233 0
5.49767e-08 0 1.1778e-259 0
6.14064e-08 1.01264e-312 1.24364e-287 1.01264e-312
6.85882e-08 4.04406e-283 3.78601e-317 4.04406e-283
7.66099e-08 4.6563e-255 0 4.6563e-255
8.55697e-08 1.5457e-228 0 1.5457e-228
9.55775e-08 1.47934e-203 0 1.47934e-203
1.06756e-07 4.08202e-180 0 4.08202e-180
1.19241e-07 3.24745e-158 0 3.24745e-158
1.33187e-07 7.44852e-138 0 7.44852e-138
1.48764e-07 4.9256e-119 0 4.9256e-119
1.66162e-07 9.39094e-102 0 9.39094e-102
1.85596e-07 5.16203e-86 0 5.16203e-86
2.07302e-07 8.18074e-72 0 8.18074e-72
2.31547e-07 3.73789e-59 0 3.73789e-59
2.58627e-07 4.92403e-48 0 4.92403e-48
2.88875e-07 1.87015e-38 0 1.87015e-38
3.2266e-07 2.04783e-30 0 2.04783e-30
3.60397e-07 6.46504e-24 0 6.46504e-24
4.02547e-07 5.88451e-19 0 5.88451e-19
4.49626e-07 1.54422e-15 0 1.54422e-15
5.02212e-07 1.16835e-13 0 1.16835e-13
5.60948e-07 2.54855e-13 0 2.54855e-13
6.26554e-07 1.643e-14 0 1.643e-14
6.99832e-07 1.11016e-13 0 1.11016e-13
7.8168e-07 8.96092e-13 0 8.96092e-13
8.73101e-07 1.28279e-12 0 1.28279e-12
9.75214e-07 6.64529e-12 0 6.64529e-12
1.08927e-06 1.36806e-11 0 1.36806e-11
1.21666e-06 1.03116e-11 0 1.03116e-11
1.35896e-06 2.10225e-11 0 2.10225e-11
1.51789e-06 3.63048e-11 0 3.63048e-11
1.69542e-06 8.70041e-11 0 8.70041e-11
1.89371e-06 2.40967e-10 0 2.40967e-10
2.11518e-06 2.45741e-10 0 2.45741e-10
2.36256e-06 6.45176e-10 0 6.45176e-10
2.63888e-06 1.042e-09 0 1.042e-09
2.9475e-06 2.23511e-09 0 2.23511e-09
3.29223e-06 4.65091e-09 0 4.65091e-09
3.67727e-06 9.47602e-09 0 9.47602e-09
4.10734e-06 1.63021e-08 0 1.63021e-08
4.58771e-06 3.39163e-08 0 3.39163e-08
5.12427e-06 6.63241e-08 0 6.63241e-08
5.72357e-06 1.30954e-07 0 1.30954e-07
6.39297e-06 2.46792e-07 0 2.46792e-07
7.14065e-06 4.48756e-07 0 4.48756e-07
7.97578e-06 8.53629e-07 0 8.53629e-07
8.90859e-06 1.64035e-06 0 1.64035e-06
9.95049e-06 3.03365e-06 0 3.03365e-06
1.11142e-05 5.34518e-06 0 5.34518e-06
1.24141e-05 1.01411e-05 0 1.01411e-05
1.3866e-05 1.87144e-05 0 1.87144e-05
1.54877e-05 3.28741e-05 0 3.28741e-05
1.7299e-05 5.66125e-05 0 5.66125e-05
1.93222e-05 9.52895e-05 0 9.52895e-05
2.1582e-05 0.000157806 0 0.000157806
2.41061e-05 0.000256232 0 0.000256232
2.69255e-05 0.000398057 0 0.000398057
3.00745e-05 0.000583847 0 0.000583847
3.35919e-05 0.00079572 0 0.00079572
3.75206e-05 0.000961487 0 0.000961487
4.19088e-05 0.00105114 0 0.00105114
4.68102e-05 0.00105796 0 0.00105796
5.22849e-05 0.000989518 0 0.000989518
5.83998e-05 0.00086144 0 0.00086144
6.52299e-05 0.0007038 0 0.0007038
7.28588e-05 0.000504913 0 0.000504913
8.138e-05 0.00030485 0 0.00030485
9.08978e-05 0.00014473 0 0.00014473
0.000101529 5.48417e-05 0 5.48417e-05
0.000113403 1.28255e-05 0 1.28255e-05
0.000126666 1.89985e-06 0 1.89985e-06
