2.22408e-09 0 6.35879e-14 0 0
2.44153e-09 0 5.12619e-14 0 0
2.68025e-09 0 2.6857e-14 0 0
2.9423e-09 0 9.1445e-15 0 0
3.22998e-09 0 2.0235e-15 0 0
3.54578e-09 0 2.90998e-16 0 0
3.89246e-09 0 2.71967e-17 0 0
4.27303e-09 0 1.6519e-18 0 0
4.69082e-09 2.02567e-322 6.52067e-20 2.02567e-322 0
5.14945e-09 1.01244e-311 1.67279e-21 1.01244e-311 0
5.65293e-09 3.32509e-301 2.7889e-23 3.32509e-301 0
6.20562e-09 7.09808e-291 3.0218e-25 7.09808e-291 0
6.81236e-09 9.84885e-281 2.12784e-27 9.84885e-281 0
7.47842e-09 8.88266e-271 9.73766e-30 8.88266e-271 0
8.20961e-09 5.20736e-261 2.89608e-32 5.20736e-261 0
9.01228e-09 1.98433e-251 5.59768e-35 1.98433e-251 0
9.89343e-09 4.91518e-242 7.03147e-38 4.91518e-242 0
1.08607e-08 7.91406e-233 5.74018e-41 7.91406e-233 0
1.19226e-08 8.28326e-224 3.04541e-44 8.28326e-224 0
1.30883e-08 5.63578e-215 1.05005e-47 5.63578e-215 0
1.4368e-08 2.49267e-206 2.35294e-51 2.49267e-206 0
1.57728e-08 7.16715e-198 3.42654e-55 7.16715e-198 0
1.73149e-08 1.3397e-189 3.24296e-59 1.3397e-189 0
1.90078e-08 1.62803e-181 1.99465e-63 1.62803e-181 0
2.08663e-08 1.28625e-173 7.97325e-68 1.28625e-173 0
2.29064e-08 6.60715e-166 2.07131e-72 6.60715e-166 0
2.5146e-08 2.2067e-158 3.49699e-77 2.2067e-158 0
2.76046e-08 4.7922e-151 3.83695e-82 4.7922e-151 0
3.03036e-08 6.76723e-144 2.73602e-87 6.76723e-144 0
3.32664e-08 6.21438e-137 1.26792e-92 6.21438e-137 0
3.6519e-08 3.71128e-130 3.81863e-98 3.71128e-130 0
4.00895e-08 1.44152e-123 7.47418e-104 1.44152e-123 0
4.40092e-08 3.64188e-117 9.50738e-110 3.64188e-117 0
4.8312e-08 5.98522e-111 7.85958e-116 5.98522e-111 0
5.30356e-08 6.39924e-105 4.22259e-122 6.39924e-105 0
5.8221e-08 4.45167e-99 1.47435e-128 4.45167e-99 0
6.39134e-08 2.01522e-93 3.34551e-135 2.01522e-93 0
7.01624e-08 5.9373e-88 4.93362e-142 5.9373e-88 0
7.70224e-08 1.13867e-82 4.72835e-149 1.13867e-82 0
8.4553e-08 1.42177e-77 2.94507e-156 1.42177e-77 0
9.282e-08 1.15605e-72 1.19213e-163 1.15605e-72 0
1.01895e-07 6.12262e-68 3.1361e-171 6.12262e-68 0
1.11858e-07 2.11265e-63 5.36166e-179 2.11265e-63 0
1.22794e-07 4.75087e-59 5.9573e-187 4.75087e-59 0
1.348e-07 6.96491e-55 4.30171e-195 6.96491e-55 0
1.4798e-07 6.65903e-51 2.01871e-203 6.65903e-51 0
1.62448e-07 4.1537e-47 6.1567e-212 4.1537e-47 0
1.78331e-07 1.69115e-43 1.22029e-220 1.69115e-43 0
1.95767e-07 4.4965e-40 1.57188e-229 4.4965e-40 0
2.14908e-07 7.81192e-37 1.31588e-238 7.81192e-37 0
2.3592e-07 8.87386e-34 7.15905e-248 8.87386e-34 0
2.58986e-07 6.59569e-31 2.53125e-257 6.59569e-31 0
2.84308e-07 3.21051e-28 5.81642e-267 3.21051e-28 0
3.12105e-07 1.02445e-25 8.68597e-277 1.02445e-25 0
3.4262e-07 2.14553e-23 8.42988e-287 2.14553e-23 0
3.76119e-07 2.95355e-21 5.31699e-297 2.95355e-21 0
4.12893e-07 2.67739e-19 2.17947e-307 2.67739e-19 0
4.53263e-07 1.60191e-17 5.82824e-318 1.60191e-17 0
4.97579e-07 6.34486e-16 0 6.34486e-16 0
5.46229e-07 1.67027e-14 0 1.67027e-14 0
5.99635e-07 2.93822e-13 0 2.93822e-13 0
6.58262e-07 3.48044e-12 0 3.48044e-12 0
7.22622e-07 2.80743e-11 0 2.80743e-11 0
7.93275e-07 1.56877e-10 0 1.56877e-10 0
8.70835e-07 6.23984e-10 0 6.23984e-10 0
9.55978e-07 1.84423e-09 0 1.84423e-09 0
1.04945e-06 4.31614e-09 0 4.31614e-09 0
1.15205e-06 8.65158e-09 0 8.65158e-09 0
1.26469e-06 1.59539e-08 0 1.59539e-08 0
1.38834e-06 2.83243e-08 0 2.83243e-08 0
1.52409e-06 4.94729e-08 0 4.94729e-08 0
1.6731e-06 8.56799e-08 0 8.56799e-08 0
1.83668e-06 1.47841e-07 0 1.47841e-07 0
2.01626e-06 2.55867e-07 0 2.55867e-07 0
2.21339e-06 4.44227e-07 0 4.44227e-07 0
2.4298e-06 7.69672e-07 0 7.69672e-07 0
2.66737e-06 1.3329e-06 0 1.3329e-06 0
2.92816e-06 2.32013e-06 0 2.32013e-06 0
3.21446e-06 4.05127e-06 0 4.05127e-06 0
3.52874e-06 7.03926e-06 0 7.03926e-06 0
3.87375e-06 1.21279e-05 0 1.21279e-05 0
4.2525e-06 2.0738e-05 0 2.0738e-05 0
4.66828e-06 3.50822e-05 0 3.50822e-05 0
5.12471e-06 5.83973e-05 0 5.83973e-05 0
5.62576e-06 9.55875e-05 0 9.55875e-05 0
6.1758e-06 0.000153954 0 0.000153954 0
6.77963e-06 0.000242723 0 0.000242723 0
7.44249e-06 0.000370827 0 0.000370827 0
8.17015e-06 0.000543451 0 0.000543451 0
8.96897e-06 0.000757171 0 0.000757171 0
9.84589e-06 0.000993601 0 0.000993601 0
1.08085e-05 0.00121389 0 0.00121389 0
1.18653e-05 0.0013604 0 0.0013604 0
1.30254e-05 0.00137424 0 0.00137424 0
1.42989e-05 0.00122877 0 0.00122877 0
1.5697e-05 0.000955907 0 0.000955907 0
1.72317e-05 0.000636213 0 0.000636213 0
1.89165e-05 0.000355902 0 0.000355902 0
2.0766e-05 0.000164244 0 0.000164244 0
2.27963e-05 6.13263e-05 0 6.13263e-05 0
