2.22408e-09 0 5.21839e-14 0 0
2.48752e-09 0 4.14975e-14 0 0
2.78217e-09 0 2.17588e-14 0 0
3.11171e-09 0 1.04377e-14 0 0
3.48029e-09 0 5.93174e-15 0 0
3.89253e-09 0 3.79946e-15 0 0
4.35359e-09 0 2.56724e-15 0 0
4.86927e-09 2.93266e-318 1.78486e-15 2.93266e-318 0
5.44603e-09 1.58771e-305 1.23836e-15 1.58771e-305 0
6.09111e-09 4.62229e-293 8.66331e-16 4.62229e-293 0
6.8126e-09 7.23648e-281 6.64126e-16 7.23648e-281 0
7.61954e-09 6.09242e-269 5.62619e-16 6.09242e-269 0
8.52207e-09 2.75838e-257 4.70217e-16 2.75838e-257 0
9.5315e-09 6.71628e-246 3.63335e-16 6.71628e-246 0
1.06605e-08 8.79482e-235 2.8192e-16 8.79482e-235 0
1.19232e-08 6.19385e-224 2.57962e-16 6.19385e-224 0
1.33355e-08 2.34609e-213 2.56036e-16 2.34609e-213 0
1.49151e-08 4.77964e-203 2.54437e-16 4.77964e-203 0
1.66818e-08 5.23761e-193 2.64843e-16 5.23761e-193 0
1.86577e-08 3.0873e-183 2.3808e-16 3.0873e-183 0
2.08677e-08 9.78941e-174 1.63937e-16 9.78941e-174 0
2.33395e-08 1.66992e-164 1.36955e-16 1.66992e-164 0
2.6104e-08 1.5326e-155 1.96124e-16 1.5326e-155 0
2.9196e-08 7.56823e-147 2.48012e-16 7.56823e-147 0
3.26542e-08 2.0111e-138 2.01551e-16 2.0111e-138 0
3.65221e-08 2.87604e-130 9.76904e-17 2.87604e-130 0
4.08481e-08 2.21378e-122 2.71e-17 2.21378e-122 0
4.56865e-08 9.17316e-115 4.18294e-18 9.17316e-115 0
5.1098e-08 2.04653e-107 3.53275e-19 2.04653e-107 0
5.71505e-08 2.45878e-100 1.61803e-20 2.45878e-100 0
6.392e-08 1.59117e-93 4.00091e-22 1.59117e-93 0
7.14912e-08 5.54781e-87 5.32941e-24 5.54781e-87 0
7.99593e-08 1.04246e-80 3.82023e-26 1.04246e-80 0
8.94304e-08 1.05602e-74 1.4729e-28 1.05602e-74 0
1.00023e-07 5.76927e-69 3.0537e-31 5.76927e-69 0
1.11871e-07 1.70058e-63 3.40407e-34 1.70058e-63 0
1.25122e-07 2.70587e-58 2.04017e-37 2.70587e-58 0
1.39943e-07 2.32539e-53 6.57387e-41 2.32539e-53 0
1.56519e-07 1.08003e-48 1.13882e-44 1.08003e-48 0
1.75058e-07 2.71297e-44 1.06063e-48 2.71297e-44 0
1.95794e-07 3.68883e-40 5.31069e-53 3.68883e-40 0
2.18985e-07 2.71762e-36 1.42959e-57 2.71762e-36 0
2.44924e-07 1.08603e-32 2.06895e-62 1.08603e-32 0
2.73935e-07 2.35743e-29 1.60976e-67 2.35743e-29 0
3.06382e-07 2.7842e-26 6.73362e-73 2.7842e-26 0
3.42673e-07 1.7927e-23 1.5143e-78 1.7927e-23 0
3.83262e-07 6.30908e-21 1.83083e-84 6.30908e-21 0
4.28659e-07 1.21759e-18 1.19003e-90 1.21759e-18 0
4.79433e-07 1.29411e-16 4.15859e-97 1.29411e-16 0
5.36222e-07 7.61904e-15 7.81281e-104 7.61904e-15 0
5.99737e-07 2.50512e-13 7.89121e-111 2.50512e-13 0
6.70775e-07 4.6564e-12 4.28504e-118 4.6564e-12 0
7.50228e-07 4.98974e-11 1.25095e-125 4.98974e-11 0
8.39091e-07 3.18917e-10 1.96337e-133 3.18917e-10 0
9.38481e-07 1.29227e-09 1.65668e-141 1.29227e-09 0
1.04964e-06 3.67725e-09 7.51536e-150 3.67725e-09 0
1.17397e-06 8.40961e-09 1.83289e-158 8.40961e-09 0
1.31303e-06 1.73731e-08 2.40324e-167 1.73731e-08 0
1.46856e-06 3.44624e-08 1.69407e-176 3.44624e-08 0
1.6425e-06 6.69483e-08 6.42012e-186 6.69483e-08 0
1.83706e-06 1.28735e-07 1.30806e-195 1.28735e-07 0
2.05465e-06 2.48371e-07 1.43281e-205 2.48371e-07 0
2.29803e-06 4.79486e-07 8.43771e-216 4.79486e-07 0
2.57023e-06 9.21526e-07 2.67137e-226 9.21526e-07 0
2.87467e-06 1.78133e-06 4.54695e-237 1.78133e-06 0
3.21517e-06 3.46608e-06 4.16083e-248 3.46608e-06 0
3.596e-06 6.68886e-06 2.04699e-259 6.68886e-06 0
4.02194e-06 1.27292e-05 5.41409e-271 1.27292e-05 0
4.49834e-06 2.39475e-05 7.69857e-283 2.39475e-05 0
5.03116e-06 4.425e-05 5.88532e-295 4.425e-05 0
5.6271e-06 7.9912e-05 2.41883e-307 7.9912e-05 0
6.29363e-06 0.000141169 5.3448e-320 0.000141169 0
7.0391e-06 0.000241791 0 0.000241791 0
7.87287e-06 0.000393957 0 0.000393957 0
8.80541e-06 0.000599847 0 0.000599847 0
9.8484e-06 0.000840442 0 0.000840442 0
1.10149e-05 0.00106397 0 0.00106397 0
1.23196e-05 0.00119103 0 0.00119103 0
1.37789e-05 0.00115702 0 0.00115702 0
1.5411e-05 0.000969977 0 0.000969977 0
1.72364e-05 0.000712313 0 0.000712313 0
1.9278e-05 0.000474459 0 0.000474459 0
2.15615e-05 0.000299904 0 0.000299904 0
2.41154e-05 0.000187063 0 0.000187063 0
2.69719e-05 0.000117032 0 0.000117032 0
3.01667e-05 7.39548e-05 0 7.39548e-05 0
3.37399e-05 4.93552e-05 0 4.93552e-05 0
3.77364e-05 3.60295e-05 0 3.60295e-05 0
4.22062e-05 2.71025e-05 0 2.71025e-05 0
4.72055e-05 1.98785e-05 0 1.98785e-05 0
5.27969e-05 1.53514e-05 0 1.53514e-05 0
5.90507e-05 1.35148e-05 0 1.35148e-05 0
6.60452e-05 1.27203e-05 0 1.27203e-05 0
7.38682e-05 1.29059e-05 0 1.29059e-05 0
8.26178e-05 1.28618e-05 0 1.28618e-05 0
9.24038e-05 1.01465e-05 0 1.01465e-05 0
0.000103349 7.09249e-06 0 7.09249e-06 0
0.000115591 7.8499e-06 0 7.8499e-06 0
0.000129282 1.08925e-05 0 1.08925e-05 0
0.000144595 1.0905e-05 0 1.0905e-05 0
