2.22408e-09 0 6.04869e-18 0 0
2.57122e-09 0 4.15755e-18 0 0
2.97254e-09 0 1.72811e-18 0 0
3.4365e-09 0 8.70776e-19 0 0
3.97288e-09 0 5.50193e-19 0 0
4.59298e-09 0 3.82897e-19 0 0
5.30986e-09 3.8549e-312 2.87995e-19 3.8549e-312 0
6.13863e-09 5.80339e-296 2.26466e-19 5.80339e-296 0
7.09676e-09 3.08385e-280 1.91207e-19 3.08385e-280 0
8.20444e-09 5.78444e-265 1.68071e-19 5.78444e-265 0
9.48501e-09 3.82999e-250 1.50708e-19 3.82999e-250 0
1.09655e-08 8.952e-236 1.39359e-19 8.952e-236 0
1.2677e-08 7.38662e-222 1.30863e-19 7.38662e-222 0
1.46556e-08 2.15177e-208 1.60803e-19 2.15177e-208 0
1.69431e-08 2.21308e-195 2.78229e-19 2.21308e-195 0
1.95876e-08 8.03668e-183 4.46182e-19 8.03668e-183 0
2.26449e-08 1.03056e-170 5.65924e-19 1.03056e-170 0
2.61793e-08 4.66682e-159 7.22384e-19 4.66682e-159 0
3.02655e-08 7.46406e-148 8.90239e-19 7.46406e-148 0
3.49894e-08 4.2169e-137 9.33604e-19 4.2169e-137 0
4.04506e-08 8.41677e-127 1.22785e-18 8.41677e-127 0
4.67642e-08 5.93633e-117 2.27971e-18 5.93633e-117 0
5.40633e-08 1.47984e-107 3.46035e-18 1.47984e-107 0
6.25016e-08 1.30425e-98 4.85122e-18 1.30425e-98 0
7.2257e-08 4.06553e-90 9.55792e-18 4.06553e-90 0
8.3535e-08 4.48409e-82 1.75013e-17 4.48409e-82 0
9.65734e-08 1.75095e-74 2.72362e-17 1.75095e-74 0
1.11647e-07 2.42223e-67 6.34863e-17 2.42223e-67 0
1.29073e-07 1.18818e-60 2.13277e-16 1.18818e-60 0
1.49219e-07 2.06895e-54 6.57149e-16 2.06895e-54 0
1.72509e-07 1.28066e-48 1.54338e-15 1.28066e-48 0
1.99435e-07 2.82304e-43 2.73037e-15 2.82304e-43 0
2.30563e-07 2.22124e-38 4.20997e-15 2.22124e-38 0
2.6655e-07 6.25675e-34 6.48889e-15 6.25675e-34 0
3.08154e-07 6.33286e-30 1.01067e-14 6.33286e-30 0
3.56251e-07 2.31425e-26 1.60301e-14 2.31425e-26 0
4.11855e-07 3.07173e-23 2.41005e-14 3.07173e-23 0
4.76138e-07 1.4923e-20 3.06102e-14 1.4923e-20 0
5.50455e-07 2.68124e-18 2.9022e-14 2.68124e-18 0
6.36372e-07 1.81039e-16 1.89665e-14 1.81039e-16 0
7.35698e-07 4.73586e-15 8.5639e-15 4.73586e-15 0
8.50527e-07 5.14965e-14 2.39784e-15 5.14965e-14 0
9.83279e-07 2.74265e-13 3.45201e-16 2.74265e-13 0
1.13675e-06 9.38391e-13 2.245e-17 9.38391e-13 0
1.31418e-06 2.55138e-12 6.08616e-19 2.55138e-12 0
1.5193e-06 6.11871e-12 6.52445e-21 6.11871e-12 0
1.75643e-06 1.41714e-11 2.68877e-23 1.41714e-11 0
2.03058e-06 3.33399e-11 4.22931e-26 3.33399e-11 0
2.34752e-06 7.81864e-11 2.55741e-29 7.81864e-11 0
2.71393e-06 1.79102e-10 6.01369e-33 1.79102e-10 0
3.13752e-06 4.10649e-10 5.52291e-37 4.10649e-10 0
3.62723e-06 9.34156e-10 1.96225e-41 9.34156e-10 0
4.19338e-06 2.09486e-09 2.64348e-46 2.09486e-09 0
4.84789e-06 4.5995e-09 1.32066e-51 4.5995e-09 0
5.60456e-06 9.72744e-09 2.40277e-57 9.72744e-09 0
6.47933e-06 1.98578e-08 1.57215e-63 1.98578e-08 0
7.49064e-06 3.78739e-08 3.67057e-70 3.78739e-08 0
8.6598e-06 6.48672e-08 3.04376e-77 6.48672e-08 0
1.00114e-05 9.73644e-08 8.94042e-85 9.73644e-08 0
1.1574e-05 1.23166e-07 9.28769e-93 1.23166e-07 0
1.33805e-05 1.25416e-07 3.4094e-101 1.25416e-07 0
1.5469e-05 1.01512e-07 4.42025e-110 1.01512e-07 0
1.78835e-05 6.85884e-08 2.02343e-119 6.85884e-08 0
2.06747e-05 4.22232e-08 3.26985e-129 4.22232e-08 0
2.39017e-05 2.62147e-08 1.86516e-139 2.62147e-08 0
2.76323e-05 1.75818e-08 3.75517e-150 1.75818e-08 0
3.19452e-05 1.30711e-08 2.6684e-161 1.30711e-08 0
3.69313e-05 1.05096e-08 6.69218e-173 1.05096e-08 0
4.26957e-05 8.53922e-09 5.92346e-185 8.53922e-09 0
4.93597e-05 7.17822e-09 1.85042e-197 7.17822e-09 0
5.70639e-05 6.38724e-09 2.0401e-210 6.38724e-09 0
6.59705e-05 7.1796e-09 7.93809e-224 7.1796e-09 0
7.62673e-05 1.16522e-08 1.0901e-237 1.16522e-08 0
8.81713e-05 1.9327e-08 5.28326e-252 1.9327e-08 0
0.000101933 2.523e-08 9.03704e-267 2.523e-08 0
0.000117843 3.12783e-08 5.45556e-282 3.12783e-08 0
0.000136237 3.91732e-08 1.16237e-297 3.91732e-08 0
0.000157501 4.20572e-08 8.74063e-314 4.20572e-08 0
0.000182084 5.21675e-08 0 5.21675e-08 0
0.000210504 9.44679e-08 0 9.44679e-08 0
0.00024336 1.48261e-07 0 1.48261e-07 0
0.000281344 2.04728e-07 0 2.04728e-07 0
0.000325256 3.90411e-07 0 3.90411e-07 0
0.000376023 7.33439e-07 0 7.33439e-07 0
0.000434714 1.13808e-06 0 1.13808e-06 0
0.000502565 2.49942e-06 0 2.49942e-06 0
0.000581006 8.25994e-06 0 8.25994e-06 0
0.000671691 2.60092e-05 0 2.60092e-05 0
0.00077653 6.3025e-05 0 6.3025e-05 0
0.000897732 0.000114231 0 0.000114231 0
0.00103785 0.000177112 0 0.000177112 0
0.00119984 0.000272645 0 0.000272645 0
0.00138712 0.000424034 0 0.000424034 0
0.00160362 0.000672246 0 0.000672246 0
0.00185392 0.00102197 0 0.00102197 0
0.00214328 0.00132786 0 0.00132786 0
0.00247781 0.00130489 0 0.00130489 0
0.00286455 0.000886152 0 0.000886152 0
0.00331166 0.000416453 0 0.000416453 0
0.00382855 0.000123604 0 0.000123604 0
