2.22408e-09 0 9.24963e-16 0 0
2.55367e-09 0 6.61355e-16 0 0
2.93211e-09 0 2.93251e-16 0 0
3.36662e-09 0 1.49816e-16 0 0
3.86553e-09 0 9.52655e-17 0 0
4.43837e-09 0 6.61702e-17 0 0
5.09611e-09 1.46173e-314 4.9926e-17 1.46173e-314 0
5.85131e-09 5.11711e-299 4.0397e-17 5.11711e-299 0
6.71843e-09 6.95934e-284 3.48168e-17 6.95934e-284 0
7.71405e-09 3.67711e-269 3.04419e-17 3.67711e-269 0
8.85722e-09 7.54831e-255 2.6259e-17 7.54831e-255 0
1.01698e-08 6.02018e-241 2.5239e-17 6.02018e-241 0
1.16769e-08 1.86552e-227 2.6671e-17 1.86552e-227 0
1.34073e-08 2.24614e-214 2.99702e-17 2.24614e-214 0
1.53942e-08 1.05084e-201 3.88858e-17 1.05084e-201 0
1.76755e-08 1.9104e-189 5.87923e-17 1.9104e-189 0
2.02948e-08 1.34966e-177 8.7474e-17 1.34966e-177 0
2.33024e-08 3.70569e-166 1.17984e-16 3.70569e-166 0
2.67556e-08 3.95451e-155 1.55548e-16 3.95451e-155 0
3.07206e-08 1.64037e-144 1.79011e-16 1.64037e-144 0
3.52731e-08 2.64524e-134 1.76249e-16 2.64524e-134 0
4.05004e-08 1.65856e-124 2.11097e-16 1.65856e-124 0
4.65022e-08 4.04403e-115 3.72989e-16 4.04403e-115 0
5.33935e-08 3.8354e-106 5.66935e-16 3.8354e-106 0
6.1306e-08 1.41525e-97 6.48207e-16 1.41525e-97 0
7.03911e-08 2.03248e-89 8.77162e-16 2.03248e-89 0
8.08225e-08 1.13648e-81 1.35074e-15 1.13648e-81 0
9.27998e-08 2.47549e-74 1.7775e-15 2.47549e-74 0
1.06552e-07 2.10181e-67 2.53436e-15 2.10181e-67 0
1.22342e-07 6.96143e-61 4.61257e-15 6.96143e-61 0
1.40472e-07 9.00339e-55 9.27999e-15 9.00339e-55 0
1.61289e-07 4.55255e-49 1.70011e-14 4.55255e-49 0
1.85191e-07 9.01419e-44 2.41312e-14 9.01419e-44 0
2.12635e-07 7.00291e-39 2.527e-14 7.00291e-39 0
2.44146e-07 2.13987e-34 2.17716e-14 2.13987e-34 0
2.80327e-07 2.57986e-30 1.81255e-14 2.57986e-30 0
3.21869e-07 1.23185e-26 1.48321e-14 1.23185e-26 0
3.69568e-07 2.34047e-23 1.02793e-14 2.34047e-23 0
4.24335e-07 1.77949e-20 4.8192e-15 1.77949e-20 0
4.87218e-07 5.45247e-18 1.27751e-15 5.45247e-18 0
5.5942e-07 6.79578e-16 1.72633e-16 6.79578e-16 0
6.42322e-07 3.49454e-14 1.11325e-17 3.49454e-14 0
7.37509e-07 7.61318e-13 3.23568e-19 7.61318e-13 0
8.46802e-07 7.45653e-12 4.03023e-21 7.45653e-12 0
9.72292e-07 3.76023e-11 2.07071e-23 3.76023e-11 0
1.11638e-06 1.23448e-10 4.2804e-26 1.23448e-10 0
1.28182e-06 3.25955e-10 3.50687e-29 3.25955e-10 0
1.47177e-06 7.66355e-10 1.12898e-32 7.66355e-10 0
1.68988e-06 1.71272e-09 1.42124e-36 1.71272e-09 0
1.94031e-06 3.79602e-09 6.97677e-41 3.79602e-09 0
2.22784e-06 8.49106e-09 1.3334e-45 8.49106e-09 0
2.55799e-06 1.87064e-08 9.91231e-51 1.87064e-08 0
2.93707e-06 4.10302e-08 2.86459e-56 4.10302e-08 0
3.37232e-06 9.1121e-08 3.21717e-62 9.1121e-08 0
3.87207e-06 2.00899e-07 1.40385e-68 2.00899e-07 0
4.44588e-06 4.34778e-07 2.37984e-75 4.34778e-07 0
5.10473e-06 9.11165e-07 1.56718e-82 9.11165e-07 0
5.86121e-06 1.83988e-06 4.00874e-90 1.83988e-06 0
6.7298e-06 3.57946e-06 3.98293e-98 3.57946e-06 0
7.72711e-06 6.51972e-06 1.53706e-106 6.51972e-06 0
8.8722e-06 1.07705e-05 2.30393e-115 1.07705e-05 0
1.0187e-05 1.56931e-05 1.34131e-124 1.56931e-05 0
1.16966e-05 1.94496e-05 3.033e-134 1.94496e-05 0
1.343e-05 1.9757e-05 2.66375e-144 1.9757e-05 0
1.54202e-05 1.62744e-05 9.08637e-155 1.62744e-05 0
1.77054e-05 1.13501e-05 1.20383e-165 1.13501e-05 0
2.03292e-05 7.22152e-06 6.1946e-177 7.22152e-06 0
2.33418e-05 4.54965e-06 1.23805e-188 4.54965e-06 0
2.68009e-05 3.08463e-06 9.6103e-201 3.08463e-06 0
3.07726e-05 2.3478e-06 2.89741e-213 2.3478e-06 0
3.53328e-05 1.91129e-06 3.3928e-226 1.91129e-06 0
4.05689e-05 1.5448e-06 1.54305e-239 1.5448e-06 0
4.65809e-05 1.33604e-06 2.72569e-253 1.33604e-06 0
5.34838e-05 1.30544e-06 1.87002e-267 1.30544e-06 0
6.14097e-05 1.41757e-06 4.98301e-282 1.41757e-06 0
7.05102e-05 1.79757e-06 5.15716e-297 1.79757e-06 0
8.09592e-05 2.65276e-06 2.07302e-312 2.65276e-06 0
9.29568e-05 3.93489e-06 0 3.93489e-06 0
0.000106732 5.3119e-06 0 5.3119e-06 0
0.000122549 6.97798e-06 0 6.97798e-06 0
0.00014071 8.07911e-06 0 8.07911e-06 0
0.000161562 7.99314e-06 0 7.99314e-06 0
0.000185505 9.48776e-06 0 9.48776e-06 0
0.000212995 1.65719e-05 0 1.65719e-05 0
0.000244559 2.51258e-05 0 2.51258e-05 0
0.000280801 2.87919e-05 0 2.87919e-05 0
0.000322414 3.90104e-05 0 3.90104e-05 0
0.000370193 5.9943e-05 0 5.9943e-05 0
0.000425053 7.88724e-05 0 7.88724e-05 0
0.000488042 0.000112768 0 0.000112768 0
0.000560366 0.000205075 0 0.000205075 0
0.000643408 0.000412148 0 0.000412148 0
0.000738757 0.000753623 0 0.000753623 0
0.000848235 0.00106486 0 0.00106486 0
0.000973937 0.00111038 0 0.00111038 0
0.00111827 0.000955265 0 0.000955265 0
0.00128399 0.000795533 0 0.000795533 0
0.00147426 0.000650187 0 0.000650187 0
0.00169274 0.000448431 0 0.000448431 0
0.00194359 0.000208529 0 0.000208529 0
