2.22408e-09 0 5.71265e-14 0
2.46937e-09 0 4.62798e-14 0
2.74171e-09 0 2.48726e-14 0
3.04409e-09 0 1.08398e-14 0
3.37982e-09 0 4.72228e-15 0
3.75257e-09 0 2.08645e-15 0
4.16644e-09 0 9.14911e-16 0
4.62595e-09 9.88131e-324 4.40765e-16 9.88131e-324
5.13614e-09 1.14007e-311 2.66452e-16 1.14007e-311
5.70259e-09 6.98688e-300 2.03792e-16 6.98688e-300
6.33152e-09 2.49057e-288 1.8453e-16 2.49057e-288
7.02982e-09 5.164e-277 1.88112e-16 5.164e-277
7.80512e-09 6.22801e-266 1.94262e-16 6.22801e-266
8.66594e-09 4.36911e-255 1.82296e-16 4.36911e-255
9.62169e-09 1.78289e-244 1.57663e-16 1.78289e-244
1.06828e-08 4.23206e-234 1.41028e-16 4.23206e-234
1.1861e-08 5.8436e-224 1.3513e-16 5.8436e-224
1.31692e-08 4.69376e-214 1.20187e-16 4.69376e-214
1.46216e-08 2.19321e-204 8.24586e-17 2.19321e-204
1.62342e-08 5.96171e-195 3.85773e-17 5.96171e-195
1.80246e-08 9.42766e-186 1.15255e-17 9.42766e-186
2.00125e-08 8.67345e-177 2.12505e-18 8.67345e-177
2.22197e-08 4.64248e-168 2.37183e-19 4.64248e-168
2.46702e-08 1.44575e-159 1.58336e-20 1.44575e-159
2.73911e-08 2.61965e-151 6.27137e-22 2.61965e-151
3.0412e-08 2.76195e-143 1.46552e-23 2.76195e-143
3.37661e-08 1.69449e-135 2.01251e-25 1.69449e-135
3.74901e-08 6.04971e-128 1.61944e-27 6.04971e-128
4.16248e-08 1.257e-120 7.6205e-30 1.257e-120
4.62155e-08 1.5201e-113 2.09389e-32 1.5201e-113
5.13125e-08 1.07001e-106 3.35589e-35 1.07001e-106
5.69717e-08 4.38448e-100 3.13478e-38 4.38448e-100
6.3255e-08 1.04597e-93 1.7057e-41 1.04597e-93
7.02313e-08 1.45293e-87 5.40398e-45 1.45293e-87
7.7977e-08 1.17533e-81 9.96563e-49 1.17533e-81
8.6577e-08 5.53776e-76 1.06949e-52 5.53776e-76
9.61254e-08 1.52004e-70 6.6781e-57 1.52004e-70
1.06727e-07 2.4312e-65 2.42595e-61 2.4312e-65
1.18498e-07 2.26642e-60 5.12648e-66 2.26642e-60
1.31567e-07 1.2318e-55 6.30139e-71 1.2318e-55
1.46077e-07 3.90454e-51 4.50514e-76 3.90454e-51
1.62187e-07 7.22101e-47 1.87335e-81 7.22101e-47
1.80075e-07 7.79513e-43 4.53061e-87 7.79513e-43
1.99935e-07 4.91446e-39 6.37249e-93 4.91446e-39
2.21985e-07 1.81061e-35 5.21279e-99 1.81061e-35
2.46468e-07 3.9011e-32 2.4799e-105 3.9011e-32
2.7365e-07 4.91973e-29 6.86113e-112 4.91973e-29
3.03831e-07 3.63534e-26 1.10396e-118 3.63534e-26
3.3734e-07 1.57602e-23 1.03301e-125 1.57602e-23
3.74544e-07 4.01521e-21 5.62141e-133 4.01521e-21
4.15852e-07 6.02446e-19 1.77901e-140 6.02446e-19
4.61716e-07 5.33906e-17 3.27415e-148 5.33906e-17
5.12637e-07 2.80648e-15 3.50434e-156 2.80648e-15
5.69175e-07 8.80459e-14 2.18124e-164 8.80459e-14
6.31949e-07 1.66443e-12 7.89562e-173 1.66443e-12
7.01645e-07 1.92492e-11 1.6621e-181 1.92492e-11
7.79029e-07 1.39505e-10 2.03476e-190 1.39505e-10
8.64946e-07 6.57818e-10 1.44862e-199 6.57818e-10
9.6034e-07 2.13673e-09 5.9977e-209 2.13673e-09
1.06625e-06 5.20026e-09 1.44411e-218 5.20026e-09
1.18385e-06 1.06082e-08 2.02209e-228 1.06082e-08
1.31441e-06 2.02008e-08 1.6466e-238 2.02008e-08
1.45938e-06 3.77635e-08 7.79759e-249 3.77635e-08
1.62033e-06 6.98601e-08 2.14743e-259 6.98601e-08
1.79903e-06 1.29043e-07 3.43924e-270 1.29043e-07
1.99745e-06 2.39154e-07 3.20327e-281 2.39154e-07
2.21774e-06 4.43968e-07 1.73504e-292 4.43968e-07
2.46233e-06 8.24613e-07 5.46526e-304 8.24613e-07
2.7339e-06 1.52449e-06 1.00115e-315 1.52449e-06
3.03542e-06 2.79099e-06 0 2.79099e-06
3.37019e-06 5.07176e-06 0 5.07176e-06
3.74188e-06 9.18341e-06 0 9.18341e-06
4.15457e-06 1.65693e-05 0 1.65693e-05
4.61277e-06 2.97547e-05 0 2.97547e-05
5.1215e-06 5.28977e-05 0 5.28977e-05
5.68634e-06 9.21936e-05 0 9.21936e-05
6.31348e-06 0.000156273 0 0.000156273
7.00978e-06 0.000256113 0 0.000256113
7.78288e-06 0.00040294 0 0.00040294
8.64124e-06 0.000602256 0 0.000602256
9.59427e-06 0.000842335 0 0.000842335
1.06524e-05 0.00108216 0 0.00108216
1.18272e-05 0.00125356 0 0.00125356
1.31316e-05 0.00128903 0 0.00128903
1.45799e-05 0.0011619 0 0.0011619
1.61879e-05 0.000906962 0 0.000906962
1.79732e-05 0.00060675 0 0.00060675
1.99555e-05 0.000347615 0 0.000347615
2.21563e-05 0.000174474 0 0.000174474
2.45999e-05 8.22885e-05 0 8.22885e-05
2.7313e-05 4.15083e-05 0 4.15083e-05
3.03253e-05 2.54232e-05 0 2.54232e-05
3.36698e-05 1.95099e-05 0 1.95099e-05
3.73832e-05 1.77063e-05 0 1.77063e-05
4.15062e-05 1.68395e-05 0 1.68395e-05
4.60838e-05 1.48712e-05 0 1.48712e-05
5.11663e-05 1.21423e-05 0 1.21423e-05
5.68093e-05 1.02335e-05 0 1.02335e-05
6.30748e-05 9.06097e-06 0 9.06097e-06
7.00312e-05 6.97804e-06 0 6.97804e-06
