2.22408e-09 0 1.42732e-14 0
2.54029e-09 0 9.85553e-15 0
2.90146e-09 0 3.57461e-15 0
3.31398e-09 0 1.09019e-15 0
3.78515e-09 0 3.85151e-16 0
4.32331e-09 0 1.46185e-16 0
4.93798e-09 3.1575e-316 6.63335e-17 3.1575e-316
5.64005e-09 3.53967e-301 4.14817e-17 3.53967e-301
6.44193e-09 1.65431e-286 3.32183e-17 1.65431e-286
7.35782e-09 3.2234e-272 3.06829e-17 3.2234e-272
8.40392e-09 2.61858e-258 3.15919e-17 2.61858e-258
9.59876e-09 8.86919e-245 3.71455e-17 8.86919e-245
1.09635e-08 1.25251e-231 4.89631e-17 1.25251e-231
1.25222e-08 7.37518e-219 7.00426e-17 7.37518e-219
1.43026e-08 1.81083e-206 1.05606e-16 1.81083e-206
1.63361e-08 1.85402e-194 1.67775e-16 1.85402e-194
1.86587e-08 7.916e-183 2.53171e-16 7.916e-183
2.13115e-08 1.40955e-171 3.24096e-16 1.40955e-171
2.43415e-08 1.04681e-160 3.97004e-16 1.04681e-160
2.78023e-08 3.24265e-150 5.59395e-16 3.24265e-150
3.17551e-08 4.1901e-140 9.00423e-16 4.1901e-140
3.62699e-08 2.25884e-130 1.53261e-15 2.25884e-130
4.14266e-08 5.08088e-121 2.33335e-15 5.08088e-121
4.73165e-08 4.76928e-112 2.94874e-15 4.76928e-112
5.40438e-08 1.86854e-103 3.56982e-15 1.86854e-103
6.17276e-08 3.05619e-95 5.55141e-15 3.05619e-95
7.05038e-08 2.08734e-87 1.00575e-14 2.08734e-87
8.05277e-08 5.95481e-80 1.51676e-14 5.95481e-80
9.19769e-08 7.09836e-73 1.75164e-14 7.09836e-73
1.05054e-07 3.53706e-66 1.6633e-14 3.53706e-66
1.1999e-07 7.37117e-60 1.41396e-14 7.37117e-60
1.3705e-07 6.42834e-54 1.1874e-14 6.42834e-54
1.56535e-07 2.34768e-48 1.01175e-14 2.34768e-48
1.7879e-07 3.59362e-43 7.26316e-15 3.59362e-43
2.0421e-07 2.30798e-38 4.13722e-15 2.30798e-38
2.33244e-07 6.22722e-34 2.16541e-15 6.22722e-34
2.66406e-07 7.06985e-30 9.18665e-16 7.06985e-30
3.04282e-07 3.38416e-26 2.26133e-16 3.38416e-26
3.47544e-07 6.84777e-23 2.67798e-17 6.84777e-23
3.96957e-07 5.87812e-20 1.41918e-18 5.87812e-20
4.53395e-07 2.15137e-17 3.26293e-20 2.15137e-17
5.17857e-07 3.38324e-15 3.20408e-22 3.38324e-15
5.91484e-07 2.31525e-13 1.33206e-24 2.31525e-13
6.75579e-07 7.04809e-12 2.33263e-27 7.04809e-12
7.7163e-07 9.92737e-11 1.71525e-30 9.92737e-11
8.81337e-07 6.93401e-10 5.28615e-34 6.93401e-10
1.00664e-06 2.70069e-09 6.81935e-38 2.70069e-09
1.14976e-06 7.07587e-09 3.67943e-42 7.07587e-09
1.31323e-06 1.57083e-08 8.29852e-47 1.57083e-08
1.49994e-06 3.35557e-08 7.82023e-52 3.35557e-08
1.7132e-06 7.02279e-08 3.07819e-57 7.02279e-08
1.95678e-06 1.4651e-07 5.05959e-63 1.4651e-07
2.23498e-06 3.04836e-07 3.47205e-69 3.04836e-07
2.55274e-06 6.28584e-07 9.94549e-76 6.28584e-07
2.91568e-06 1.26939e-06 1.18896e-82 1.26939e-06
3.33022e-06 2.49533e-06 5.93128e-90 2.49533e-06
3.8037e-06 4.81122e-06 1.23457e-97 4.81122e-06
4.3445e-06 9.10341e-06 1.07205e-105 9.10341e-06
4.96219e-06 1.68065e-05 3.88338e-114 1.68065e-05
5.66769e-06 2.98713e-05 5.86753e-123 2.98713e-05
6.4735e-06 5.03717e-05 3.69758e-132 5.03717e-05
7.39388e-06 7.96161e-05 9.71769e-142 7.96161e-05
8.44512e-06 0.000116397 1.06504e-151 0.000116397
9.64581e-06 0.000154334 4.86736e-162 0.000154334
1.10172e-05 0.000179311 9.27529e-173 0.000179311
1.25836e-05 0.000176171 7.36963e-184 0.000176171
1.43727e-05 0.000143392 2.44134e-195 0.000143392
1.64162e-05 9.60718e-05 3.37178e-207 9.60718e-05
1.87501e-05 5.2846e-05 1.94144e-219 5.2846e-05
2.1416e-05 2.41215e-05 4.66021e-232 2.41215e-05
2.44608e-05 9.99628e-06 4.66332e-245 9.99628e-06
2.79386e-05 4.74577e-06 1.94527e-258 4.74577e-06
3.19108e-05 3.06716e-06 3.3826e-272 3.06716e-06
3.64477e-05 2.47327e-06 2.45189e-286 2.47327e-06
4.16297e-05 2.28569e-06 7.40831e-301 2.28569e-06
4.75485e-05 2.48676e-06 9.33041e-316 2.48676e-06
5.43087e-05 3.1018e-06 0 3.1018e-06
6.20301e-05 4.22333e-06 0 4.22333e-06
7.08494e-05 6.35185e-06 0 6.35185e-06
8.09225e-05 1.00296e-05 0 1.00296e-05
9.24277e-05 1.43253e-05 0 1.43253e-05
0.000105569 1.7615e-05 0 1.7615e-05
0.000120578 2.23634e-05 0 2.23634e-05
0.000137721 3.30957e-05 0 3.30957e-05
0.000157302 5.43641e-05 0 5.43641e-05
0.000179667 8.78625e-05 0 8.78625e-05
0.000205211 0.000121241 0 0.000121241
0.000234387 0.000143909 0 0.000143909
0.000267712 0.000185849 0 0.000185849
0.000305774 0.000323127 0 0.000323127
0.000349248 0.000574322 0 0.000574322
0.000398903 0.000800097 0 0.000800097
0.000455617 0.000865216 0 0.000865216
0.000520395 0.000788717 0 0.000788717
0.000594383 0.00066031 0 0.00066031
0.00067889 0.000563361 0 0.000563361
0.000775412 0.000468287 0 0.000468287
0.000885657 0.00031211 0 0.00031211
0.00101158 0.000171253 0 0.000171253
0.0011554 8.69386e-05 0 8.69386e-05
