2.22408e-09 0 5.70487e-15 0
2.56542e-09 0 3.57263e-15 0
2.95914e-09 0 9.50085e-16 0
3.41329e-09 0 1.69491e-16 0
3.93714e-09 0 3.54655e-17 0
4.54139e-09 0 8.41927e-18 0
5.23837e-09 1.48548e-309 2.48255e-18 1.48548e-309
6.04232e-09 1.37804e-293 1.05044e-18 1.37804e-293
6.96965e-09 4.65956e-278 5.65386e-19 4.65956e-278
8.03931e-09 5.74291e-263 4.22665e-19 5.74291e-263
9.27313e-09 2.58011e-248 3.92914e-19 2.58011e-248
1.06963e-08 4.22548e-234 3.73477e-19 4.22548e-234
1.23379e-08 2.52271e-220 3.98332e-19 2.52271e-220
1.42314e-08 5.49075e-207 4.44385e-19 5.49075e-207
1.64156e-08 4.35706e-194 5.39082e-19 4.35706e-194
1.89349e-08 1.26061e-181 7.4405e-19 1.26061e-181
2.18409e-08 1.32993e-169 1.16878e-18 1.32993e-169
2.5193e-08 5.11654e-158 1.59568e-18 5.11654e-158
2.90594e-08 7.17904e-147 1.97293e-18 7.17904e-147
3.35192e-08 3.67412e-136 3.07377e-18 3.67412e-136
3.86635e-08 6.85964e-126 5.53368e-18 6.85964e-126
4.45974e-08 4.67287e-116 9.13865e-18 4.67287e-116
5.14419e-08 1.16169e-106 1.35941e-17 1.16169e-106
5.93368e-08 1.05421e-97 2.24151e-17 1.05421e-97
6.84435e-08 3.49317e-89 5.01754e-17 3.49317e-89
7.89477e-08 4.22784e-81 1.26454e-16 4.22784e-81
9.10641e-08 1.86985e-73 2.78366e-16 1.86985e-73
1.0504e-07 3.02347e-66 4.97097e-16 3.02347e-66
1.21161e-07 1.78846e-59 7.97551e-16 1.78846e-59
1.39756e-07 3.87301e-53 1.32065e-15 3.87301e-53
1.61205e-07 3.07333e-47 2.13665e-15 3.07333e-47
1.85945e-07 8.94625e-42 3.36514e-15 8.94625e-42
2.14483e-07 9.56617e-37 5.47564e-15 9.56617e-37
2.474e-07 3.76392e-32 8.96544e-15 3.76392e-32
2.85369e-07 5.46119e-28 1.40291e-14 5.46119e-28
3.29166e-07 2.93021e-24 1.89549e-14 2.93021e-24
3.79684e-07 5.8361e-21 2.18963e-14 5.8361e-21
4.37956e-07 4.33829e-18 2.37028e-14 4.33829e-18
5.0517e-07 1.21369e-15 2.15312e-14 1.21369e-15
5.827e-07 1.29576e-13 1.36305e-14 1.29576e-13
6.72129e-07 5.41209e-12 5.60792e-15 5.41209e-12
7.75283e-07 9.26186e-11 1.35663e-15 9.26186e-11
8.94269e-07 7.06979e-10 1.62469e-16 7.06979e-10
1.03152e-06 2.79372e-09 8.3603e-18 2.79372e-09
1.18983e-06 7.27548e-09 1.70809e-19 7.27548e-09
1.37243e-06 1.63755e-08 1.33279e-21 1.63755e-08
1.58306e-06 3.5542e-08 3.89571e-24 3.5542e-08
1.82602e-06 7.55565e-08 4.22224e-27 7.55565e-08
2.10627e-06 1.5943e-07 1.68696e-30 1.5943e-07
2.42952e-06 3.32027e-07 2.47594e-34 3.32027e-07
2.80239e-06 6.74718e-07 1.33187e-38 6.74718e-07
3.23248e-06 1.31893e-06 2.62193e-43 1.31893e-06
3.72858e-06 2.49083e-06 1.88701e-48 2.49083e-06
4.30082e-06 4.55805e-06 4.96145e-54 4.55805e-06
4.96088e-06 8.0174e-06 4.7633e-60 8.0174e-06
5.72224e-06 1.33337e-05 1.66923e-66 1.33337e-05
6.60045e-06 2.05772e-05 2.13462e-73 2.05772e-05
7.61345e-06 2.90009e-05 9.95956e-81 2.90009e-05
8.78191e-06 3.66654e-05 1.69517e-88 3.66654e-05
1.01297e-05 4.05022e-05 1.05243e-96 4.05022e-05
1.16843e-05 3.74323e-05 2.38313e-105 3.74323e-05
1.34776e-05 2.78202e-05 1.9681e-114 2.78202e-05
1.5546e-05 1.63237e-05 5.92751e-124 1.63237e-05
1.79319e-05 7.53178e-06 6.51034e-134 7.53178e-06
2.0684e-05 2.72936e-06 2.60752e-144 2.72936e-06
2.38584e-05 8.05537e-07 3.80829e-155 8.05537e-07
2.75201e-05 2.34702e-07 2.02815e-166 2.34702e-07
3.17437e-05 8.94349e-08 3.93848e-178 8.94349e-08
3.66155e-05 4.46947e-08 2.78871e-190 4.46947e-08
4.2235e-05 2.94059e-08 7.19972e-203 2.94059e-08
4.87169e-05 2.35009e-08 6.77731e-216 2.35009e-08
5.61936e-05 2.10852e-08 2.32605e-229 2.10852e-08
6.48179e-05 2.23995e-08 2.91066e-243 2.23995e-08
7.47657e-05 2.68047e-08 1.3279e-257 2.68047e-08
8.62402e-05 3.65141e-08 2.2087e-272 3.65141e-08
9.94758e-05 5.40127e-08 1.33934e-287 5.40127e-08
0.000114743 6.86612e-08 2.96091e-303 6.86612e-08
0.000132353 8.62985e-08 2.38634e-319 8.62985e-08
0.000152665 1.41023e-07 0 1.41023e-07
0.000176095 2.44555e-07 0 2.44555e-07
0.000203121 3.80242e-07 0 3.80242e-07
0.000234295 5.49213e-07 0 5.49213e-07
0.000270253 9.25712e-07 0 9.25712e-07
0.00031173 2.10898e-06 0 2.10898e-06
0.000359572 5.30338e-06 0 5.30338e-06
0.000414756 1.16826e-05 0 1.16826e-05
0.00047841 2.10153e-05 0 2.10153e-05
0.000551834 3.36155e-05 0 3.36155e-05
0.000636525 5.56862e-05 0 5.56862e-05
0.000734215 9.13121e-05 0 9.13121e-05
0.000846897 0.000143985 0 0.000143985
0.000976874 0.000233505 0 0.000233505
0.0011268 0.000383511 0 0.000383511
0.00129973 0.000609733 0 0.000609733
0.00149921 0.000850709 0 0.000850709
0.00172929 0.00100469 0 0.00100469
0.00199469 0.00110394 0 0.00110394
0.00230083 0.00105404 0 0.00105404
0.00265394 0.000719275 0 0.000719275
0.00306125 0.000323537 0 0.000323537
