2.22408e-09 0 6.35879e-14 0
2.44222e-09 0 5.11953e-14 0
2.68176e-09 0 2.67177e-14 0
2.94478e-09 0 9.03812e-15 0
3.23361e-09 0 1.98185e-15 0
3.55077e-09 0 2.81692e-16 0
3.89903e-09 0 2.59531e-17 0
4.28145e-09 0 1.54995e-18 0
4.70138e-09 8.05327e-322 6.00008e-20 8.05327e-322
5.16249e-09 4.35592e-311 1.5056e-21 4.35592e-311
5.66883e-09 1.51924e-300 2.44891e-23 1.51924e-300
6.22484e-09 3.43517e-290 2.58195e-25 3.43517e-290
6.83537e-09 5.03561e-280 1.76455e-27 5.03561e-280
7.50579e-09 4.78564e-270 7.81689e-30 4.78564e-270
8.24197e-09 2.9486e-260 2.24463e-32 2.9486e-260
9.05034e-09 1.17784e-250 4.178e-35 1.17784e-250
9.93801e-09 3.05038e-241 5.04085e-38 3.05038e-241
1.09127e-08 5.12182e-232 3.94231e-41 5.12182e-232
1.19831e-08 5.57577e-223 1.99853e-44 5.57577e-223
1.31584e-08 3.93551e-214 6.56722e-48 3.93551e-214
1.4449e-08 1.80103e-205 1.39883e-51 1.80103e-205
1.58661e-08 5.34404e-197 1.93134e-55 5.34404e-197
1.74223e-08 1.02816e-188 1.72849e-59 1.02816e-188
1.91311e-08 1.28262e-180 1.00273e-63 1.28262e-180
2.10075e-08 1.03752e-172 3.77065e-68 1.03752e-172
2.30679e-08 5.44208e-165 9.19092e-73 5.44208e-165
2.53304e-08 1.85105e-157 1.45216e-77 1.85105e-157
2.78148e-08 4.08292e-150 1.48724e-82 4.08292e-150
3.0543e-08 5.84034e-143 9.87322e-88 5.84034e-143
3.35386e-08 5.41799e-136 4.24863e-93 5.41799e-136
3.68281e-08 3.2598e-129 1.18509e-98 3.2598e-129
4.04403e-08 1.27209e-122 2.14272e-104 1.27209e-122
4.44067e-08 3.21991e-116 2.51127e-110 3.21991e-116
4.87621e-08 5.28685e-110 1.90779e-116 5.28685e-110
5.35447e-08 5.63129e-104 9.39467e-123 5.63129e-104
5.87965e-08 3.89145e-98 2.99877e-129 3.89145e-98
6.45633e-08 1.7448e-92 6.20466e-136 1.7448e-92
7.08957e-08 5.07638e-87 8.32155e-143 5.07638e-87
7.78492e-08 9.58487e-82 7.2344e-150 9.58487e-82
8.54847e-08 1.17462e-76 4.07673e-157 1.17462e-76
9.38691e-08 9.34428e-72 1.48914e-164 9.34428e-72
1.03076e-07 4.82619e-67 3.52589e-172 4.82619e-67
1.13186e-07 1.61864e-62 5.41146e-180 1.61864e-62
1.24287e-07 3.52591e-58 5.38359e-188 3.52591e-58
1.36477e-07 4.9896e-54 3.4717e-196 4.9896e-54
1.49863e-07 4.58826e-50 1.45119e-204 4.58826e-50
1.64562e-07 2.74248e-46 3.93204e-213 2.74248e-46
1.80702e-07 1.06585e-42 6.90595e-222 1.06585e-42
1.98425e-07 2.69446e-39 7.86214e-231 2.69446e-39
2.17887e-07 4.43259e-36 5.8019e-240 4.43259e-36
2.39258e-07 4.74755e-33 2.77531e-249 4.74755e-33
2.62724e-07 3.31252e-30 8.60529e-259 3.31252e-30
2.88492e-07 1.50668e-27 1.72954e-268 1.50668e-27
3.16788e-07 4.47101e-25 2.25324e-278 4.47101e-25
3.47859e-07 8.66452e-23 1.90282e-288 8.66452e-23
3.81977e-07 1.09792e-20 1.04159e-298 1.09792e-20
4.19442e-07 9.11127e-19 3.69583e-309 9.11127e-19
4.60581e-07 4.96233e-17 0 4.96233e-17
5.05755e-07 1.77895e-15 0 1.77895e-15
5.5536e-07 4.2154e-14 0 4.2154e-14
6.0983e-07 6.64356e-13 0 6.64356e-13
6.69642e-07 7.0292e-12 0 7.0292e-12
7.35322e-07 5.0643e-11 0 5.0643e-11
8.07442e-07 2.53831e-10 0 2.53831e-10
8.86637e-07 9.13607e-10 0 9.13607e-10
9.73599e-07 2.47244e-09 0 2.47244e-09
1.06909e-06 5.36736e-09 0 5.36736e-09
1.17395e-06 1.01555e-08 0 1.01555e-08
1.28909e-06 1.81445e-08 0 1.81445e-08
1.41552e-06 3.19381e-08 0 3.19381e-08
1.55436e-06 5.57541e-08 0 5.57541e-08
1.70681e-06 9.68164e-08 0 9.68164e-08
1.87422e-06 1.68267e-07 0 1.68267e-07
2.05804e-06 2.9318e-07 0 2.9318e-07
2.2599e-06 5.1181e-07 0 5.1181e-07
2.48155e-06 8.93599e-07 0 8.93599e-07
2.72494e-06 1.55353e-06 0 1.55353e-06
2.99221e-06 2.68235e-06 0 2.68235e-06
3.28569e-06 4.61036e-06 0 4.61036e-06
3.60795e-06 7.90919e-06 0 7.90919e-06
3.96182e-06 1.35368e-05 0 1.35368e-05
4.3504e-06 2.3094e-05 0 2.3094e-05
4.77709e-06 3.9191e-05 0 3.9191e-05
5.24563e-06 6.57465e-05 0 6.57465e-05
5.76013e-06 0.000108229 0 0.000108229
6.32508e-06 0.000173951 0 0.000173951
6.94545e-06 0.000271843 0 0.000271843
7.62667e-06 0.000410743 0 0.000410743
8.3747e-06 0.000595502 0 0.000595502
9.1961e-06 0.000820159 0 0.000820159
1.00981e-05 0.00105971 0 0.00105971
1.10885e-05 0.0012668 0 0.0012668
1.2176e-05 0.00138082 0 0.00138082
1.33703e-05 0.00135174 0 0.00135174
1.46817e-05 0.00116883 0 0.00116883
1.61216e-05 0.000875685 0 0.000875685
1.77029e-05 0.000556736 0 0.000556736
1.94392e-05 0.000294755 0 0.000294755
2.13458e-05 0.000128104 0 0.000128104
2.34394e-05 4.5199e-05 0 4.5199e-05
