# Initial particle size distribution
# Case: mass_exponential
# Column 1: Radius (μm)
# Column 2: Number concentration (cm^-3)
#
2.225376e-03  5.799263e-04
2.480749e-03  7.640298e-04
2.765427e-03  9.757489e-04
3.082773e-03  1.380777e-03
3.436536e-03  1.850241e-03
3.830895e-03  2.301295e-03
4.270508e-03  3.341480e-03
4.760570e-03  4.418486e-03
5.306868e-03  6.572498e-03
5.915857e-03  8.643663e-03
6.594730e-03  1.240858e-02
7.351507e-03  1.564880e-02
8.195128e-03  2.134681e-02
9.135559e-03  2.921724e-02
1.018391e-02  3.938896e-02
1.135256e-02  5.252475e-02
1.265532e-02  6.848653e-02
1.410758e-02  8.649186e-02
1.572650e-02  1.106002e-01
1.753119e-02  1.263227e-01
1.954298e-02  1.397990e-01
2.178563e-02  1.436284e-01
2.428563e-02  1.306767e-01
2.707253e-02  9.995904e-02
3.017923e-02  6.194165e-02
3.364244e-02  2.730256e-02
3.750307e-02  8.349097e-03
4.180673e-02  1.518854e-03
4.660426e-02  9.205179e-05
