2.22538e-09 0 3.49183e-26 0 0
2.30333e-09 0 5.33284e-26 0 0
2.38402e-09 0 7.2254e-26 0 0
2.46753e-09 0 9.21465e-26 0 0
2.55397e-09 0 1.15314e-25 0 0
2.64344e-09 0 1.43097e-25 0 0
2.73604e-09 0 1.73751e-25 0 0
2.83188e-09 0 2.05367e-25 0 0
2.93108e-09 0 2.41201e-25 0 0
3.03376e-09 0 2.88319e-25 0 0
3.14003e-09 0 3.51431e-25 0 0
3.25003e-09 0 4.32322e-25 0 0
3.36388e-09 0 5.33439e-25 0 0
3.48172e-09 0 6.56086e-25 0 0
3.60368e-09 0 7.95981e-25 0 0
3.72992e-09 0 9.51196e-25 0 0
3.86058e-09 0 1.13888e-24 0 0
3.99582e-09 0 1.39249e-24 0 0
4.13579e-09 0 1.73579e-24 0 0
4.28067e-09 0 2.16533e-24 0 0
4.43062e-09 0 2.66175e-24 0 0
4.58583e-09 0 3.22102e-24 0 0
4.74647e-09 0 3.88178e-24 0 0
4.91274e-09 0 4.73089e-24 0 0
5.08484e-09 0 5.87105e-24 0 0
5.26296e-09 0 7.35799e-24 0 0
5.44733e-09 0 9.1825e-24 0 0
5.63815e-09 0 1.13326e-23 0 0
5.83565e-09 0 1.38606e-23 0 0
6.04008e-09 0 1.69047e-23 0 0
6.25167e-09 0 2.06809e-23 0 0
6.47066e-09 0 2.54205e-23 0 0
6.69733e-09 0 3.12205e-23 0 0
6.93194e-09 0 3.80046e-23 0 0
7.17477e-09 0 4.5862e-23 0 0
7.42611e-09 0 5.54015e-23 0 0
7.68625e-09 0 6.74659e-23 0 0
7.9555e-09 0 8.25259e-23 0 0
8.23418e-09 0 1.00684e-22 0 0
8.52263e-09 0 1.22334e-22 0 0
8.82118e-09 0 1.48652e-22 0 0
9.13019e-09 0 1.81333e-22 0 0
9.45002e-09 0 2.21933e-22 0 0
9.78106e-09 0 2.71693e-22 0 0
1.01237e-08 0 3.31938e-22 0 0
1.04783e-08 0 4.04433e-22 0 0
1.08454e-08 0 4.91626e-22 0 0
1.12253e-08 0 5.96855e-22 0 0
1.16185e-08 0 7.23931e-22 0 0
1.20255e-08 0 8.76535e-22 0 0
1.24468e-08 0 1.05889e-21 0 0
1.28828e-08 0 1.27637e-21 0 0
1.33341e-08 0 1.53437e-21 0 0
1.38012e-08 0 1.83893e-21 0 0
1.42847e-08 0 2.20058e-21 0 0
1.4785e-08 0 2.6345e-21 0 0
1.5303e-08 0 3.15216e-21 0 0
1.5839e-08 0 3.75232e-21 0 0
1.63939e-08 0 4.42572e-21 0 0
1.69682e-08 0 5.17187e-21 0 0
1.75626e-08 0 6.00386e-21 0 0
1.81778e-08 0 6.93483e-21 0 0
1.88146e-08 0 7.97211e-21 0 0
1.94737e-08 0 9.12485e-21 0 0
2.01558e-08 0 1.03991e-20 0 0
2.08619e-08 0 1.17797e-20 0 0
2.15927e-08 0 1.32253e-20 0 0
2.23491e-08 0 1.46812e-20 0 0
2.3132e-08 0 1.60949e-20 0 0
2.39423e-08 0 1.74277e-20 0 0
2.4781e-08 0 1.86459e-20 0 0
2.56491e-08 0 1.96857e-20 0 0
2.65476e-08 0 2.04391e-20 0 0
2.74776e-08 0 2.08083e-20 0 0
2.84401e-08 0 2.07627e-20 0 0
2.94364e-08 0 2.03049e-20 0 0
3.04675e-08 0 1.94042e-20 0 0
3.15348e-08 0 1.80237e-20 0 0
3.26395e-08 0 1.62105e-20 0 0
3.37829e-08 0 1.41184e-20 0 0
3.49663e-08 0 1.19307e-20 0 0
3.61912e-08 0 9.77849e-21 0 0
3.7459e-08 0 7.73904e-21 0 0
3.87712e-08 0 5.88823e-21 0 0
4.01293e-08 0 4.30503e-21 0 0
4.15351e-08 0 3.01999e-21 0 0
4.29901e-08 0 2.01044e-21 0 0
4.4496e-08 0 1.24927e-21 0 0
4.60547e-08 0 7.17919e-22 0 0
4.76681e-08 0 3.82975e-22 0 0
4.93379e-08 0 1.92084e-22 0 0
5.10662e-08 0 9.15942e-23 0 0
5.28551e-08 0 4.12093e-23 0 0
5.47066e-08 0 1.68344e-23 0 0
5.6623e-08 0 5.88285e-24 0 0
5.86065e-08 0 1.65789e-24 0 0
6.06595e-08 0 3.60136e-25 0 0
6.27844e-08 0 5.8499e-26 0 0
6.49838e-08 0 6.97046e-27 0 0
6.72602e-08 0 6.02001e-28 0 0
