2.22408e-09 0 3.13143e-18 0 0
2.55883e-09 0 4.02954e-19 0 0
2.94397e-09 0 6.78045e-19 0 0
3.38708e-09 0 6.45421e-19 0 0
3.89688e-09 0 8.29256e-19 0 0
4.48341e-09 0 1.11101e-18 0 0
5.15823e-09 0 1.54724e-18 0 0
5.93461e-09 0 2.08022e-18 0 0
6.82784e-09 0 2.75569e-18 0 0
7.85553e-09 0 3.883e-18 0 0
9.03789e-09 0 5.15154e-18 0 0
1.03982e-08 0 7.19637e-18 0 0
1.19633e-08 0 1.05046e-17 0 0
1.37639e-08 0 1.51021e-17 0 0
1.58356e-08 0 2.19513e-17 0 0
1.8219e-08 0 3.08279e-17 0 0
2.09612e-08 0 4.42322e-17 0 0
2.41162e-08 0 6.66685e-17 0 0
2.7746e-08 0 9.86799e-17 0 0
3.19221e-08 0 1.51379e-16 0 0
3.67268e-08 0 2.28311e-16 0 0
4.22547e-08 0 3.36815e-16 0 0
4.86146e-08 0 4.95186e-16 0 0
5.59317e-08 0 6.38739e-16 0 0
6.43502e-08 0 7.50921e-16 0 0
7.40357e-08 2.39581e-298 8.07483e-16 2.39581e-298 0
8.51791e-08 3.4167e-262 7.67618e-16 3.4167e-262 0
9.79997e-08 1.63266e-228 6.55618e-16 1.63266e-228 0
1.1275e-07 2.61409e-197 4.74551e-16 2.61409e-197 0
1.2972e-07 1.40243e-168 2.56537e-16 1.40243e-168 0
1.49245e-07 2.52102e-142 9.29292e-17 2.52102e-142 0
1.71708e-07 1.51847e-118 1.09034e-17 1.51847e-118 0
1.97553e-07 3.06457e-97 1.53504e-19 3.06457e-97 0
2.27287e-07 2.07238e-78 2.23064e-23 2.07238e-78 0
2.61497e-07 4.69575e-62 1.19437e-29 4.69575e-62 0
3.00855e-07 3.56512e-48 2.17566e-38 3.56512e-48 0
3.46138e-07 9.06941e-37 1.3376e-49 9.06941e-37 0
3.98236e-07 7.7307e-28 2.7692e-63 7.7307e-28 0
4.58176e-07 2.20797e-21 1.92795e-79 2.20797e-21 0
5.27138e-07 2.11305e-17 4.50993e-98 2.11305e-17 0
6.06479e-07 6.8616e-16 3.54274e-119 6.8616e-16 0
6.97762e-07 1.46832e-15 9.34303e-143 1.46832e-15 0
8.02785e-07 1.20538e-15 8.2721e-169 1.20538e-15 0
9.23615e-07 2.97902e-15 2.45947e-197 2.97902e-15 0
1.06263e-06 1.36544e-14 2.45707e-228 1.36544e-14 0
1.22257e-06 7.09226e-15 8.25608e-262 7.09226e-15 0
1.40658e-06 1.26856e-13 9.34461e-298 1.26856e-13 0
1.61829e-06 1.27894e-13 0 1.27894e-13 0
1.86187e-06 2.64988e-13 0 2.64988e-13 0
2.1421e-06 5.24876e-13 0 5.24876e-13 0
2.46452e-06 1.61102e-12 0 1.61102e-12 0
2.83546e-06 2.92712e-12 0 2.92712e-12 0
3.26224e-06 7.82213e-12 0 7.82213e-12 0
3.75325e-06 1.39926e-11 0 1.39926e-11 0
4.31816e-06 4.0817e-11 0 4.0817e-11 0
4.9681e-06 9.37903e-11 0 9.37903e-11 0
5.71587e-06 1.69783e-10 0 1.69783e-10 0
6.57618e-06 3.95681e-10 0 3.95681e-10 0
7.56598e-06 9.82567e-10 0 9.82567e-10 0
8.70476e-06 1.89627e-09 0 1.89627e-09 0
1.00149e-05 4.1881e-09 0 4.1881e-09 0
1.15223e-05 8.35022e-09 0 8.35022e-09 0
1.32566e-05 1.63512e-08 0 1.63512e-08 0
1.52519e-05 3.24518e-08 0 3.24518e-08 0
1.75475e-05 6.46074e-08 0 6.46074e-08 0
2.01886e-05 1.24166e-07 0 1.24166e-07 0
2.32273e-05 2.3086e-07 0 2.3086e-07 0
2.67233e-05 4.03051e-07 0 4.03051e-07 0
3.07455e-05 6.54289e-07 0 6.54289e-07 0
3.53731e-05 8.8316e-07 0 8.8316e-07 0
4.06972e-05 9.32202e-07 0 9.32202e-07 0
4.68227e-05 8.76163e-07 0 8.76163e-07 0
5.38701e-05 1.06021e-06 0 1.06021e-06 0
6.19783e-05 1.38423e-06 0 1.38423e-06 0
7.13069e-05 1.85691e-06 0 1.85691e-06 0
8.20395e-05 2.51665e-06 0 2.51665e-06 0
9.43875e-05 3.39351e-06 0 3.39351e-06 0
0.000108594 4.67162e-06 0 4.67162e-06 0
0.000124939 6.28031e-06 0 6.28031e-06 0
0.000143744 8.69473e-06 0 8.69473e-06 0
0.000165379 1.27332e-05 0 1.27332e-05 0
0.000190271 1.84169e-05 0 1.84169e-05 0
0.000218909 2.66384e-05 0 2.66384e-05 0
0.000251858 3.74068e-05 0 3.74068e-05 0
0.000289766 5.38477e-05 0 5.38477e-05 0
0.00033338 8.10621e-05 0 8.10621e-05 0
0.000383558 0.000120107 0 0.000120107 0
0.000441288 0.000184336 0 0.000184336 0
0.000507708 0.000277363 0 0.000277363 0
0.000584125 0.000410178 0 0.000410178 0
0.000672044 0.000599582 0 0.000599582 0
0.000773195 0.000770152 0 0.000770152 0
0.000889571 0.000903204 0 0.000903204 0
0.00102346 0.000966667 0 0.000966667 0
0.00117751 0.000914383 0 0.000914383 0
0.00135474 0.000777006 0 0.000777006 0
0.00155865 0.000557917 0 0.000557917 0
0.00179324 0.000296574 0 0.000296574 0
0.00206315 0.000105517 0 0.000105517 0
0.00237368 1.15232e-05 0 1.15232e-05 0
