2.22408e-09 0 1.72975e-19 0 0
2.57028e-09 0 2.15728e-20 0 0
2.97036e-09 0 3.4475e-20 0 0
3.43272e-09 0 3.37684e-20 0 0
3.96704e-09 0 4.60782e-20 0 0
4.58454e-09 0 6.03205e-20 0 0
5.29816e-09 0 8.54886e-20 0 0
6.12286e-09 0 1.13312e-19 0 0
7.07593e-09 0 1.51457e-19 0 0
8.17735e-09 0 2.19835e-19 0 0
9.45021e-09 0 2.77575e-19 0 0
1.09212e-08 0 4.05354e-19 0 0
1.26212e-08 0 6.20179e-19 0 0
1.45858e-08 0 9.60579e-19 0 0
1.68561e-08 0 1.32173e-18 0 0
1.94799e-08 0 2.01309e-18 0 0
2.25121e-08 0 3.50609e-18 0 0
2.60163e-08 0 5.76419e-18 0 0
3.00659e-08 0 1.03899e-17 0 0
3.47459e-08 0 1.94617e-17 0 0
4.01543e-08 0 3.61241e-17 0 0
4.64047e-08 0 6.87034e-17 0 0
5.36279e-08 0 1.24706e-16 0 0
6.19755e-08 0 1.99367e-16 0 0
7.16224e-08 0 3.11994e-16 0 0
8.27709e-08 3.45846e-322 4.60647e-16 3.45846e-322 0
9.56549e-08 2.28529e-283 6.27252e-16 2.28529e-283 0
1.10544e-07 3.49697e-247 7.86787e-16 3.49697e-247 0
1.27751e-07 1.24045e-213 9.60569e-16 1.24045e-213 0
1.47637e-07 1.02001e-182 9.97991e-16 1.02001e-182 0
1.70617e-07 1.94432e-154 7.40904e-16 1.94432e-154 0
1.97175e-07 8.59151e-129 3.6817e-16 8.59151e-129 0
2.27867e-07 8.80053e-106 6.3972e-17 8.80053e-106 0
2.63336e-07 2.08971e-85 5.53019e-18 2.08971e-85 0
3.04327e-07 1.15027e-67 1.555e-20 1.15027e-67 0
3.51697e-07 1.46776e-52 2.59549e-25 1.46776e-52 0
4.06441e-07 4.34155e-40 6.23778e-32 4.34155e-40 0
4.69707e-07 2.97697e-30 7.94306e-41 2.97697e-30 0
5.4282e-07 4.73195e-23 2.52698e-52 4.73195e-23 0
6.27314e-07 1.74359e-18 1.87207e-66 1.74359e-18 0
7.24961e-07 1.48932e-16 3.2159e-83 1.48932e-16 0
8.37806e-07 3.21942e-17 1.28065e-102 3.21942e-17 0
9.68217e-07 3.86938e-16 1.18221e-124 3.86938e-16 0
1.11893e-06 5.50082e-16 2.52986e-149 5.50082e-16 0
1.2931e-06 2.40567e-15 1.25498e-176 2.40567e-15 0
1.49438e-06 9.05324e-15 1.44316e-206 9.05324e-15 0
1.72699e-06 6.71119e-15 3.84707e-239 6.71119e-15 0
1.9958e-06 1.78587e-14 2.3773e-274 1.78587e-14 0
2.30647e-06 5.13693e-14 3.40547e-312 5.13693e-14 0
2.66548e-06 1.51704e-13 0 1.51704e-13 0
3.08039e-06 3.68978e-13 0 3.68978e-13 0
3.55987e-06 6.87479e-13 0 6.87479e-13 0
4.11399e-06 1.56239e-12 0 1.56239e-12 0
4.75437e-06 4.3955e-12 0 4.3955e-12 0
5.49442e-06 8.1185e-12 0 8.1185e-12 0
6.34966e-06 1.79614e-11 0 1.79614e-11 0
7.33804e-06 4.84686e-11 0 4.84686e-11 0
8.48026e-06 9.28688e-11 0 9.28688e-11 0
9.80027e-06 2.17635e-10 0 2.17635e-10 0
1.13258e-05 4.4641e-10 0 4.4641e-10 0
1.30887e-05 8.90927e-10 0 8.90927e-10 0
1.5126e-05 1.7302e-09 0 1.7302e-09 0
1.74805e-05 3.60549e-09 0 3.60549e-09 0
2.02015e-05 7.01737e-09 0 7.01737e-09 0
2.3346e-05 1.29712e-08 0 1.29712e-08 0
2.698e-05 2.26214e-08 0 2.26214e-08 0
3.11796e-05 3.63362e-08 0 3.63362e-08 0
3.6033e-05 4.79205e-08 0 4.79205e-08 0
4.16418e-05 4.87097e-08 0 4.87097e-08 0
4.81236e-05 4.58268e-08 0 4.58268e-08 0
5.56144e-05 6.01256e-08 0 6.01256e-08 0
6.42712e-05 7.61607e-08 0 7.61607e-08 0
7.42755e-05 1.05977e-07 0 1.05977e-07 0
8.5837e-05 1.43228e-07 0 1.43228e-07 0
9.91982e-05 1.89862e-07 0 1.89862e-07 0
0.000114639 2.71402e-07 0 2.71402e-07 0
0.000132483 3.46889e-07 0 3.46889e-07 0
0.000153106 5.16714e-07 0 5.16714e-07 0
0.000176938 7.90132e-07 0 7.90132e-07 0
0.000204479 1.20912e-06 0 1.20912e-06 0
0.000236308 1.63207e-06 0 1.63207e-06 0
0.000273091 2.59247e-06 0 2.59247e-06 0
0.0003156 4.50548e-06 0 4.50548e-06 0
0.000364725 7.41144e-06 0 7.41144e-06 0
0.000421497 1.35198e-05 0 1.35198e-05 0
0.000487106 2.52781e-05 0 2.52781e-05 0
0.000562928 4.71621e-05 0 4.71621e-05 0
0.000650552 9.0153e-05 0 9.0153e-05 0
0.000751815 0.000159625 0 0.000159625 0
0.00086884 0.000254123 0 0.000254123 0
0.00100408 0.000395409 0 0.000395409 0
0.00116037 0.000578294 0 0.000578294 0
0.001341 0.000779509 0 0.000779509 0
0.00154973 0.000965834 0 0.000965834 0
0.00179096 0.0011735 0 0.0011735 0
0.00206973 0.00117476 0 0.00117476 0
0.0023919 0.000823851 0 0.000823851 0
0.00276422 0.000375726 0 0.000375726 0
0.00319449 5.64453e-05 0 5.64453e-05 0
0.00369174 3.96872e-06 0 3.96872e-06 0
