2.22408e-09 0 5.69784e-15 0 0
2.47071e-09 0 1.14698e-15 0 0
2.7447e-09 0 9.35595e-18 0 0
3.04906e-09 0 3.09251e-21 0 0
3.38718e-09 0 4.14211e-26 0 0
3.76279e-09 0 2.24813e-32 0 0
4.18006e-09 0 4.94437e-40 0 0
4.6436e-09 0 4.40645e-49 0 0
5.15854e-09 0 1.59131e-59 0 0
5.73058e-09 0 2.32869e-71 0 0
6.36606e-09 0 1.38088e-84 0 0
7.072e-09 0 3.3181e-99 0 0
7.85624e-09 0 3.23082e-115 0 0
8.72743e-09 0 1.27475e-132 0 0
9.69524e-09 0 2.0381e-151 0 0
1.07704e-08 0 1.32043e-171 0 0
1.19647e-08 0 3.46651e-193 0 0
1.32915e-08 0 3.68773e-216 0 0
1.47654e-08 0 1.5897e-240 0 0
1.64028e-08 0 2.7769e-266 0 0
1.82218e-08 0 1.9656e-293 0 0
2.02424e-08 0 0 0 0
2.24872e-08 0 0 0 0
2.49808e-08 0 0 0 0
2.7751e-08 0 0 0 0
3.08284e-08 0 0 0 0
3.4247e-08 0 0 0 0
3.80447e-08 0 0 0 0
4.22636e-08 0 0 0 0
4.69503e-08 0 0 0 0
5.21567e-08 0 0 0 0
5.79405e-08 0 0 0 0
6.43657e-08 0 0 0 0
7.15034e-08 6.37764e-305 0 6.37764e-305 0
7.94325e-08 4.12081e-277 0 4.12081e-277 0
8.8241e-08 1.07893e-250 0 1.07893e-250 0
9.80263e-08 1.14471e-225 0 1.14471e-225 0
1.08897e-07 4.92136e-202 0 4.92136e-202 0
1.20972e-07 8.5736e-180 0 8.5736e-180 0
1.34387e-07 6.05244e-159 0 6.05244e-159 0
1.4929e-07 1.73136e-139 0 1.73136e-139 0
1.65845e-07 2.00693e-121 0 2.00693e-121 0
1.84236e-07 9.42684e-105 0 9.42684e-105 0
2.04666e-07 1.79428e-89 0 1.79428e-89 0
2.27362e-07 1.38389e-75 0 1.38389e-75 0
2.52575e-07 4.32518e-63 0 4.32518e-63 0
2.80584e-07 5.47771e-52 0 5.47771e-52 0
3.11698e-07 2.81126e-42 0 2.81126e-42 0
3.46263e-07 5.84745e-34 0 5.84745e-34 0
3.84661e-07 4.93219e-27 0 4.93219e-27 0
4.27317e-07 1.69107e-21 0 1.69107e-21 0
4.74703e-07 2.38067e-17 0 2.38067e-17 0
5.27344e-07 1.4325e-14 0 1.4325e-14 0
5.85823e-07 4.21591e-13 0 4.21591e-13 0
6.50786e-07 9.48995e-13 0 9.48995e-13 0
7.22954e-07 1.43525e-12 0 1.43525e-12 0
8.03124e-07 1.27266e-12 0 1.27266e-12 0
8.92184e-07 1.31525e-12 0 1.31525e-12 0
9.9112e-07 7.09187e-12 0 7.09187e-12 0
1.10103e-06 7.25974e-12 0 7.25974e-12 0
1.22312e-06 6.38756e-12 0 6.38756e-12 0
1.35876e-06 2.46091e-11 0 2.46091e-11 0
1.50943e-06 5.13547e-11 0 5.13547e-11 0
1.67682e-06 9.03803e-11 0 9.03803e-11 0
1.86277e-06 1.4176e-10 0 1.4176e-10 0
2.06933e-06 2.83073e-10 0 2.83073e-10 0
2.29881e-06 5.31727e-10 0 5.31727e-10 0
2.55373e-06 9.8331e-10 0 9.8331e-10 0
2.83692e-06 2.1201e-09 0 2.1201e-09 0
3.15151e-06 3.93569e-09 0 3.93569e-09 0
3.50099e-06 7.01547e-09 0 7.01547e-09 0
3.88922e-06 1.25159e-08 0 1.25159e-08 0
4.3205e-06 2.50336e-08 0 2.50336e-08 0
4.79961e-06 4.88801e-08 0 4.88801e-08 0
5.33185e-06 9.05683e-08 0 9.05683e-08 0
5.92312e-06 1.64831e-07 0 1.64831e-07 0
6.57995e-06 3.16959e-07 0 3.16959e-07 0
7.30961e-06 6.10877e-07 0 6.10877e-07 0
8.12019e-06 1.12468e-06 0 1.12468e-06 0
9.02066e-06 2.07282e-06 0 2.07282e-06 0
1.0021e-05 3.89105e-06 0 3.89105e-06 0
1.11322e-05 7.09925e-06 0 7.09925e-06 0
1.23667e-05 1.30233e-05 0 1.30233e-05 0
1.37381e-05 2.41614e-05 0 2.41614e-05 0
1.52615e-05 4.34086e-05 0 4.34086e-05 0
1.69539e-05 7.66872e-05 0 7.66872e-05 0
1.8834e-05 0.000136331 0 0.000136331 0
2.09225e-05 0.000232025 0 0.000232025 0
2.32427e-05 0.000388091 0 0.000388091 0
2.58201e-05 0.00061169 0 0.00061169 0
2.86834e-05 0.000901968 0 0.000901968 0
3.18641e-05 0.00123727 0 0.00123727 0
3.53976e-05 0.00150936 0 0.00150936 0
3.9323e-05 0.00157179 0 0.00157179 0
4.36836e-05 0.00133794 0 0.00133794 0
4.85278e-05 0.000886159 0 0.000886159 0
5.39091e-05 0.000419024 0 0.000419024 0
5.98872e-05 0.000118633 0 0.000118633 0
6.65283e-05 1.67629e-05 0 1.67629e-05 0
7.39058e-05 2.18985e-06 0 2.18985e-06 0
