2.22408e-09 0 1.59888e-16 0 0
2.5284e-09 0 2.40549e-17 0 0
2.87436e-09 0 4.42508e-17 0 0
3.26766e-09 0 3.90116e-17 0 0
3.71477e-09 0 4.63032e-17 0 0
4.22306e-09 0 6.25116e-17 0 0
4.8009e-09 0 8.26641e-17 0 0
5.45781e-09 0 1.11193e-16 0 0
6.2046e-09 0 1.42447e-16 0 0
7.05357e-09 0 1.82792e-16 0 0
8.01871e-09 0 2.31011e-16 0 0
9.11591e-09 0 2.79433e-16 0 0
1.03632e-08 0 3.51135e-16 0 0
1.17812e-08 0 4.32961e-16 0 0
1.33933e-08 0 5.23365e-16 0 0
1.52259e-08 0 5.65416e-16 0 0
1.73092e-08 0 5.98343e-16 0 0
1.96776e-08 0 6.19106e-16 0 0
2.23701e-08 0 5.8123e-16 0 0
2.5431e-08 0 5.12711e-16 0 0
2.89107e-08 0 4.0661e-16 0 0
3.28666e-08 0 3.01275e-16 0 0
3.73637e-08 0 1.52288e-16 0 0
4.24761e-08 0 6.01353e-17 0 0
4.82881e-08 0 1.88107e-17 0 0
5.48954e-08 0 3.8937e-18 0 0
6.24067e-08 0 4.48918e-20 0 0
7.09458e-08 3.35603e-308 6.13956e-24 3.35603e-308 0
8.06533e-08 2.39676e-274 7.79121e-30 2.39676e-274 0
9.1689e-08 1.4552e-242 8.68416e-38 1.4552e-242 0
1.04235e-07 7.51141e-213 8.35752e-48 7.51141e-213 0
1.18497e-07 3.29626e-185 6.89732e-60 3.29626e-185 0
1.34711e-07 1.22976e-159 4.86449e-74 1.22976e-159 0
1.53144e-07 3.90051e-136 2.92605e-90 3.90051e-136 0
1.74098e-07 1.05178e-114 1.4993e-108 1.05178e-114 0
1.9792e-07 2.41116e-95 6.53924e-129 2.41116e-95 0
2.25001e-07 4.69925e-78 2.4266e-151 4.69925e-78 0
2.55788e-07 7.78631e-63 7.65907e-176 7.78631e-63 0
2.90788e-07 1.09682e-49 2.0558e-202 1.09682e-49 0
3.30576e-07 1.31353e-38 4.69207e-231 1.31353e-38 0
3.75809e-07 1.33735e-29 9.10536e-262 1.33735e-29 0
4.27231e-07 1.15758e-22 1.50231e-294 1.15758e-22 0
4.85688e-07 8.51839e-18 0 8.51839e-18 0
5.52145e-07 5.32968e-15 0 5.32968e-15 0
6.27695e-07 2.98256e-14 0 2.98256e-14 0
7.13582e-07 6.85117e-14 0 6.85117e-14 0
8.11221e-07 3.46346e-14 0 3.46346e-14 0
9.22221e-07 6.42826e-14 0 6.42826e-14 0
1.04841e-06 4.72983e-13 0 4.72983e-13 0
1.19186e-06 3.15948e-13 0 3.15948e-13 0
1.35494e-06 2.57056e-12 0 2.57056e-12 0
1.54034e-06 4.14675e-12 0 4.14675e-12 0
1.7511e-06 4.97196e-12 0 4.97196e-12 0
1.99071e-06 1.2082e-11 0 1.2082e-11 0
2.26309e-06 2.52718e-11 0 2.52718e-11 0
2.57275e-06 7.64275e-11 0 7.64275e-11 0
2.92478e-06 1.42716e-10 0 1.42716e-10 0
3.32498e-06 3.67899e-10 0 3.67899e-10 0
3.77994e-06 5.99747e-10 0 5.99747e-10 0
4.29714e-06 1.64805e-09 0 1.64805e-09 0
4.88512e-06 3.60269e-09 0 3.60269e-09 0
5.55355e-06 6.16696e-09 0 6.16696e-09 0
6.31344e-06 1.24299e-08 0 1.24299e-08 0
7.17731e-06 2.92716e-08 0 2.92716e-08 0
8.15937e-06 5.66885e-08 0 5.66885e-08 0
9.27582e-06 1.16956e-07 0 1.16956e-07 0
1.0545e-05 2.29767e-07 0 2.29767e-07 0
1.19879e-05 4.48919e-07 0 4.48919e-07 0
1.36282e-05 8.43848e-07 0 8.43848e-07 0
1.54929e-05 1.6337e-06 0 1.6337e-06 0
1.76128e-05 3.14172e-06 0 3.14172e-06 0
2.00228e-05 5.9983e-06 0 5.9983e-06 0
2.27625e-05 1.08496e-05 0 1.08496e-05 0
2.58771e-05 1.91221e-05 0 1.91221e-05 0
2.94179e-05 3.10187e-05 0 3.10187e-05 0
3.34431e-05 4.58744e-05 0 4.58744e-05 0
3.80191e-05 5.59285e-05 0 5.59285e-05 0
4.32212e-05 5.59918e-05 0 5.59918e-05 0
4.91352e-05 5.60391e-05 0 5.60391e-05 0
5.58583e-05 7.26914e-05 0 7.26914e-05 0
6.35014e-05 9.38831e-05 0 9.38831e-05 0
7.21903e-05 0.000121981 0 0.000121981 0
8.20681e-05 0.000159664 0 0.000159664 0
9.32974e-05 0.000204432 0 0.000204432 0
0.000106063 0.000259192 0 0.000259192 0
0.000120576 0.000317535 0 0.000317535 0
0.000137074 0.00039091 0 0.00039091 0
0.00015583 0.000489707 0 0.000489707 0
0.000177152 0.000603075 0 0.000603075 0
0.000201392 0.000669892 0 0.000669892 0
0.000228948 0.000705901 0 0.000705901 0
0.000260275 0.000750933 0 0.000750933 0
0.000295889 0.000718094 0 0.000718094 0
0.000336375 0.000655768 0 0.000655768 0
0.000382401 0.000531072 0 0.000531072 0
0.000434725 0.000411791 0 0.000411791 0
0.000494208 0.000234642 0 0.000234642 0
0.000561831 0.000103167 0 0.000103167 0
0.000638706 3.40766e-05 0 3.40766e-05 0
0.0007261 9.22763e-06 0 9.22763e-06 0
