2.22408e-09 0 4.50084e-15 0
2.47693e-09 0 9.26079e-16 0
2.75853e-09 0 7.83059e-16 0
3.07214e-09 0 4.29445e-16 0
3.42141e-09 0 2.2465e-16 0
3.81038e-09 0 8.78975e-17 0
4.24357e-09 0 2.61006e-17 0
4.72602e-09 0 4.51589e-18 0
5.26331e-09 0 8.59422e-19 0
5.86168e-09 0 1.11125e-19 0
6.52809e-09 0 1.11619e-21 0
7.27025e-09 0 4.34905e-25 0
8.09679e-09 0 5.96997e-30 0
9.0173e-09 0 2.85065e-36 0
1.00425e-08 0 4.72549e-44 0
1.11842e-08 0 2.7185e-53 0
1.24557e-08 0 5.42703e-64 0
1.38717e-08 0 3.75958e-76 0
1.54488e-08 0 9.03774e-90 0
1.72051e-08 0 7.53917e-105 0
1.91611e-08 0 2.18238e-121 0
2.13395e-08 0 2.19219e-139 0
2.37656e-08 0 7.64137e-159 0
2.64674e-08 0 9.24286e-180 0
2.94765e-08 0 3.87958e-202 0
3.28276e-08 0 5.65074e-226 0
3.65597e-08 0 2.85607e-251 0
4.07161e-08 0 5.00929e-278 0
4.5345e-08 0 3.04878e-306 0
5.05002e-08 0 0 0
5.62414e-08 0 0 0
6.26354e-08 0 0 0
6.97563e-08 0 0 0
7.76868e-08 0 0 0
8.65188e-08 0 0 0
9.6355e-08 1.08694e-322 0 1.08694e-322
1.07309e-07 2.45958e-293 0 2.45958e-293
1.19509e-07 1.93974e-265 0 1.93974e-265
1.33096e-07 5.30846e-239 0 5.30846e-239
1.48227e-07 5.04124e-214 0 5.04124e-214
1.65079e-07 1.6613e-190 0 1.6613e-190
1.83846e-07 1.89978e-168 0 1.89978e-168
2.04748e-07 7.53876e-148 0 7.53876e-148
2.28025e-07 1.0381e-128 0 1.0381e-128
2.53949e-07 4.96047e-111 0 4.96047e-111
2.82819e-07 8.22525e-95 0 8.22525e-95
3.14973e-07 4.7328e-80 0 4.7328e-80
3.50781e-07 9.44996e-67 0 9.44996e-67
3.90661e-07 6.54764e-55 0 6.54764e-55
4.35074e-07 1.57428e-44 0 1.57428e-44
4.84537e-07 1.31348e-35 0 1.31348e-35
5.39623e-07 3.80283e-28 0 3.80283e-28
6.00972e-07 3.82062e-22 0 3.82062e-22
6.69295e-07 1.332e-17 0 1.332e-17
7.45386e-07 1.61145e-14 0 1.61145e-14
8.30127e-07 6.76725e-13 0 6.76725e-13
9.24503e-07 1.13855e-12 0 1.13855e-12
1.02961e-06 4.38723e-12 0 4.38723e-12
1.14666e-06 1.32986e-11 0 1.32986e-11
1.27702e-06 2.75366e-11 0 2.75366e-11
1.42221e-06 3.38804e-11 0 3.38804e-11
1.58389e-06 3.96759e-11 0 3.96759e-11
1.76396e-06 6.57818e-11 0 6.57818e-11
1.9645e-06 1.31226e-10 0 1.31226e-10
2.18784e-06 4.40258e-10 0 4.40258e-10
2.43658e-06 9.37587e-10 0 9.37587e-10
2.71359e-06 1.76578e-09 0 1.76578e-09
3.02209e-06 3.41634e-09 0 3.41634e-09
3.36566e-06 6.20319e-09 0 6.20319e-09
3.7483e-06 1.12664e-08 0 1.12664e-08
4.17443e-06 2.06276e-08 0 2.06276e-08
4.64902e-06 3.71572e-08 0 3.71572e-08
5.17755e-06 7.50771e-08 0 7.50771e-08
5.76618e-06 1.36373e-07 0 1.36373e-07
6.42172e-06 2.52958e-07 0 2.52958e-07
7.1518e-06 4.81481e-07 0 4.81481e-07
7.96487e-06 9.11175e-07 0 9.11175e-07
8.87038e-06 1.68405e-06 0 1.68405e-06
9.87884e-06 3.30577e-06 0 3.30577e-06
1.10019e-05 6.29062e-06 0 6.29062e-06
1.22527e-05 1.1189e-05 0 1.1189e-05
1.36457e-05 2.0535e-05 0 2.0535e-05
1.51971e-05 3.75587e-05 0 3.75587e-05
1.69248e-05 6.7196e-05 0 6.7196e-05
1.88489e-05 0.000116507 0 0.000116507
2.09918e-05 0.000198183 0 0.000198183
2.33784e-05 0.000331057 0 0.000331057
2.60362e-05 0.000524453 0 0.000524453
2.89962e-05 0.000780531 0 0.000780531
3.22927e-05 0.00106551 0 0.00106551
3.5964e-05 0.00130612 0 0.00130612
4.00527e-05 0.00138422 0 0.00138422
4.46062e-05 0.00127673 0 0.00127673
4.96774e-05 0.00097438 0 0.00097438
5.53251e-05 0.000625454 0 0.000625454
6.16149e-05 0.000328046 0 0.000328046
6.86198e-05 0.000137619 0 0.000137619
7.6421e-05 4.31852e-05 0 4.31852e-05
8.51092e-05 8.40009e-06 0 8.40009e-06
9.47851e-05 1.12551e-06 0 1.12551e-06
