2.22408e-09 0 2.9631e-15 0
2.48335e-09 0 6.22696e-16 0
2.77284e-09 0 9.57235e-16 0
3.09609e-09 0 6.93199e-16 0
3.45701e-09 0 6.34763e-16 0
3.86001e-09 0 5.08517e-16 0
4.30998e-09 0 3.6267e-16 0
4.81242e-09 0 2.27176e-16 0
5.37342e-09 0 1.12284e-16 0
5.99982e-09 0 4.10833e-17 0
6.69924e-09 0 8.66035e-18 0
7.4802e-09 0 1.70807e-18 0
8.3522e-09 0 1.31385e-19 0
9.32585e-09 0 5.80043e-22 0
1.0413e-08 0 9.22167e-26 0
1.16269e-08 0 4.6885e-31 0
1.29823e-08 0 7.30726e-38 0
1.44957e-08 0 3.43157e-46 0
1.61855e-08 0 4.81719e-56 0
1.80723e-08 0 2.01284e-67 0
2.01791e-08 0 2.4969e-80 0
2.25314e-08 0 9.17883e-95 0
2.5158e-08 0 9.98607e-111 0
2.80908e-08 0 3.2121e-128 0
3.13654e-08 0 3.05234e-147 0
3.50218e-08 0 8.56384e-168 0
3.91044e-08 0 7.09079e-190 0
4.3663e-08 0 1.73203e-213 0
4.8753e-08 0 1.24777e-238 0
5.44363e-08 0 2.65056e-265 0
6.07822e-08 0 1.65996e-293 0
6.78678e-08 0 2.96439e-323 0
7.57794e-08 0 0 0
8.46133e-08 0 0 0
9.4477e-08 0 0 0
1.05491e-07 6.72807e-298 0 6.72807e-298
1.17788e-07 4.1174e-269 0 4.1174e-269
1.31519e-07 7.42486e-242 0 7.42486e-242
1.46851e-07 3.94535e-216 0 3.94535e-216
1.6397e-07 6.17752e-192 0 6.17752e-192
1.83084e-07 2.8502e-169 0 2.8502e-169
2.04427e-07 3.87497e-148 0 3.87497e-148
2.28258e-07 1.55237e-128 0 1.55237e-128
2.54867e-07 1.83253e-110 0 1.83253e-110
2.84578e-07 6.37443e-94 0 6.37443e-94
3.17752e-07 6.53376e-79 0 6.53376e-79
3.54794e-07 1.97341e-65 0 1.97341e-65
3.96154e-07 1.75632e-53 0 1.75632e-53
4.42335e-07 4.60597e-43 0 4.60597e-43
4.939e-07 3.55936e-34 0 3.55936e-34
5.51476e-07 8.10503e-27 0 8.10503e-27
6.15764e-07 5.43837e-21 0 5.43837e-21
6.87546e-07 1.07527e-16 0 1.07527e-16
7.67696e-07 6.26464e-14 0 6.26464e-14
8.57189e-07 1.07767e-12 0 1.07767e-12
9.57115e-07 1.17288e-12 0 1.17288e-12
1.06869e-06 7.26893e-12 0 7.26893e-12
1.19327e-06 1.87528e-11 0 1.87528e-11
1.33238e-06 3.05448e-11 0 3.05448e-11
1.4877e-06 3.37038e-11 0 3.37038e-11
1.66112e-06 5.3514e-11 0 5.3514e-11
1.85477e-06 7.89707e-11 0 7.89707e-11
2.07098e-06 2.34444e-10 0 2.34444e-10
2.31241e-06 6.96843e-10 0 6.96843e-10
2.58197e-06 1.22545e-09 0 1.22545e-09
2.88296e-06 2.63088e-09 0 2.63088e-09
3.21904e-06 4.78419e-09 0 4.78419e-09
3.5943e-06 8.69084e-09 0 8.69084e-09
4.0133e-06 1.6417e-08 0 1.6417e-08
4.48115e-06 2.93204e-08 0 2.93204e-08
5.00353e-06 5.7777e-08 0 5.7777e-08
5.58682e-06 1.12353e-07 0 1.12353e-07
6.23809e-06 2.00982e-07 0 2.00982e-07
6.96529e-06 3.91596e-07 0 3.91596e-07
7.77727e-06 7.4175e-07 0 7.4175e-07
8.68389e-06 1.34467e-06 0 1.34467e-06
9.69621e-06 2.62352e-06 0 2.62352e-06
1.08265e-05 5.00171e-06 0 5.00171e-06
1.20886e-05 8.79296e-06 0 8.79296e-06
1.34979e-05 1.57138e-05 0 1.57138e-05
1.50713e-05 2.82196e-05 0 2.82196e-05
1.68283e-05 4.95556e-05 0 4.95556e-05
1.879e-05 8.37103e-05 0 8.37103e-05
2.09804e-05 0.000140075 0 0.000140075
2.34262e-05 0.000230232 0 0.000230232
2.61571e-05 0.000360845 0 0.000360845
2.92063e-05 0.000533148 0 0.000533148
3.2611e-05 0.00073556 0 0.00073556
3.64126e-05 0.000923055 0 0.000923055
4.06574e-05 0.00103304 0 0.00103304
4.5397e-05 0.00107052 0 0.00107052
5.06891e-05 0.00101469 0 0.00101469
5.65982e-05 0.000911661 0 0.000911661
6.3196e-05 0.000737141 0 0.000737141
7.05631e-05 0.000539915 0 0.000539915
7.87889e-05 0.000348358 0 0.000348358
8.79736e-05 0.000180386 0 0.000180386
9.82291e-05 6.14415e-05 0 6.14415e-05
0.00010968 1.37162e-05 0 1.37162e-05
0.000122466 3.43452e-06 0 3.43452e-06
