2.22408e-09 0 3.27255e-15 0
2.46876e-09 0 1.94392e-15 0
2.74036e-09 0 4.07432e-16 0
3.04185e-09 0 3.01311e-17 0
3.37649e-09 0 7.86248e-19 0
3.74796e-09 0 7.23917e-21 0
4.16029e-09 0 2.35181e-23 0
4.61799e-09 0 2.69587e-26 0
5.12603e-09 0 1.09039e-29 0
5.68997e-09 0 1.55613e-33 0
6.31596e-09 0 7.83603e-38 0
7.01081e-09 0 1.39229e-42 0
7.7821e-09 0 8.72867e-48 0
8.63825e-09 0 1.93086e-53 0
9.58858e-09 0 1.50708e-59 0
1.06435e-08 0 4.15057e-66 0
1.18144e-08 0 4.03332e-73 0
1.31142e-08 0 1.38294e-80 0
1.45569e-08 0 1.67311e-88 0
1.61584e-08 0 7.14222e-97 0
1.79361e-08 0 1.07578e-105 0
1.99093e-08 0 5.71743e-115 0
2.20996e-08 0 1.07216e-124 0
2.45309e-08 0 7.09423e-135 0
2.72297e-08 0 1.65628e-145 0
3.02254e-08 0 1.36442e-156 0
3.35506e-08 0 3.96592e-168 0
3.72417e-08 0 4.06747e-180 0
4.13389e-08 1.46937e-310 1.47194e-192 1.46937e-310
4.58868e-08 2.58649e-294 1.87949e-205 2.58649e-294
5.0935e-08 1.60647e-278 8.46785e-219 1.60647e-278
5.65386e-08 3.52064e-263 1.34614e-232 3.52064e-263
6.27587e-08 2.72242e-248 7.5508e-247 2.72242e-248
6.96631e-08 7.42801e-234 1.49444e-261 7.42801e-234
7.73271e-08 7.15116e-220 1.04364e-276 7.15116e-220
8.58342e-08 2.42921e-206 2.57161e-292 2.42921e-206
9.52773e-08 2.91167e-193 2.23585e-308 2.91167e-193
1.05759e-07 1.23142e-180 0 1.23142e-180
1.17394e-07 1.83764e-168 0 1.83764e-168
1.30309e-07 9.67622e-157 0 9.67622e-157
1.44645e-07 1.79781e-145 0 1.79781e-145
1.60559e-07 1.17864e-134 0 1.17864e-134
1.78222e-07 2.72662e-124 0 2.72662e-124
1.9783e-07 2.22575e-114 0 2.22575e-114
2.19594e-07 6.4114e-105 0 6.4114e-105
2.43752e-07 6.51729e-96 0 6.51729e-96
2.70569e-07 2.33798e-87 0 2.33798e-87
3.00336e-07 2.96009e-79 0 2.96009e-79
3.33377e-07 1.32282e-71 0 1.32282e-71
3.70053e-07 2.08682e-64 0 2.08682e-64
4.10765e-07 1.16237e-57 0 1.16237e-57
4.55955e-07 2.28658e-51 0 2.28658e-51
5.06117e-07 1.58917e-45 0 1.58917e-45
5.61798e-07 3.90401e-40 0 3.90401e-40
6.23604e-07 3.39239e-35 0 3.39239e-35
6.92209e-07 1.04365e-30 0 1.04365e-30
7.68363e-07 1.13813e-26 0 1.13813e-26
8.52894e-07 4.40689e-23 0 4.40689e-23
9.46726e-07 6.0713e-20 0 6.0713e-20
1.05088e-06 2.98387e-17 0 2.98387e-17
1.16649e-06 5.24794e-15 0 5.24794e-15
1.29482e-06 3.31515e-13 0 3.31515e-13
1.43727e-06 7.55893e-12 0 7.55893e-12
1.5954e-06 6.30585e-11 0 6.30585e-11
1.77091e-06 2.07959e-10 0 2.07959e-10
1.96574e-06 4.00892e-10 0 4.00892e-10
2.182e-06 8.25534e-10 0 8.25534e-10
2.42205e-06 1.51319e-09 0 1.51319e-09
2.68852e-06 2.03935e-09 0 2.03935e-09
2.98429e-06 2.58361e-09 0 2.58361e-09
3.31261e-06 4.65734e-09 0 4.65734e-09
3.67705e-06 8.38214e-09 0 8.38214e-09
4.08158e-06 1.33286e-08 0 1.33286e-08
4.53061e-06 2.60819e-08 0 2.60819e-08
5.02905e-06 6.52079e-08 0 6.52079e-08
5.58232e-06 1.35719e-07 0 1.35719e-07
6.19646e-06 2.5197e-07 0 2.5197e-07
6.87816e-06 4.72553e-07 0 4.72553e-07
7.63486e-06 9.21694e-07 0 9.21694e-07
8.47481e-06 1.80841e-06 0 1.80841e-06
9.40717e-06 3.3537e-06 0 3.3537e-06
1.04421e-05 5.82286e-06 0 5.82286e-06
1.15909e-05 1.00782e-05 0 1.00782e-05
1.28661e-05 1.81588e-05 0 1.81588e-05
1.42815e-05 3.30935e-05 0 3.30935e-05
1.58527e-05 5.85991e-05 0 5.85991e-05
1.75967e-05 0.000102745 0 0.000102745
1.95326e-05 0.00017742 0 0.00017742
2.16815e-05 0.000293718 0 0.000293718
2.40668e-05 0.000466847 0 0.000466847
2.67145e-05 0.000715981 0 0.000715981
2.96535e-05 0.00101678 0 0.00101678
3.29159e-05 0.00130251 0 0.00130251
3.65371e-05 0.00148804 0 0.00148804
4.05567e-05 0.00146471 0 0.00146471
4.50186e-05 0.00119045 0 0.00119045
4.99713e-05 0.000759999 0 0.000759999
5.54689e-05 0.000371405 0 0.000371405
6.15713e-05 0.00013871 0 0.00013871
6.83451e-05 3.74919e-05 0 3.74919e-05
