2.22408e-09 0 4.63882e-17 0
2.5366e-09 0 3.36095e-17 0
2.89303e-09 0 3.32904e-17 0
3.29955e-09 0 3.76097e-17 0
3.76319e-09 0 4.47636e-17 0
4.29198e-09 0 5.66647e-17 0
4.89507e-09 0 6.60944e-17 0
5.58291e-09 0 7.88091e-17 0
6.3674e-09 0 9.48479e-17 0
7.26212e-09 0 1.10251e-16 0
8.28257e-09 0 1.35727e-16 0
9.4464e-09 0 1.66699e-16 0
1.07738e-08 0 2.02993e-16 0
1.22877e-08 0 2.42199e-16 0
1.40143e-08 0 2.72965e-16 0
1.59835e-08 0 3.13545e-16 0
1.82294e-08 0 3.71469e-16 0
2.0791e-08 0 4.447e-16 0
2.37124e-08 0 5.2336e-16 0
2.70444e-08 0 5.94177e-16 0
3.08446e-08 0 5.92075e-16 0
3.51788e-08 0 5.51512e-16 0
4.0122e-08 1.25987e-321 4.84997e-16 1.25987e-321
4.57597e-08 6.8953e-301 3.90596e-16 6.8953e-301
5.21897e-08 7.22276e-281 2.54214e-16 7.22276e-281
5.95232e-08 1.44851e-261 1.35636e-16 1.44851e-261
6.78872e-08 5.56175e-243 5.96925e-17 5.56175e-243
7.74264e-08 4.08856e-225 1.76154e-17 4.08856e-225
8.83061e-08 5.75439e-208 2.23155e-18 5.75439e-208
1.00715e-07 1.55059e-191 7.18671e-20 1.55059e-191
1.14867e-07 7.99954e-176 4.75177e-22 7.99954e-176
1.31007e-07 7.90138e-161 6.11686e-25 7.90138e-161
1.49416e-07 1.49421e-146 1.51402e-28 1.49421e-146
1.70411e-07 5.40988e-133 7.18311e-33 5.40988e-133
1.94357e-07 3.75002e-120 6.52686e-38 3.75002e-120
2.21667e-07 4.9768e-108 1.13555e-43 4.9768e-108
2.52815e-07 1.26455e-96 3.78261e-50 1.26455e-96
2.88339e-07 6.15166e-86 2.4124e-57 6.15166e-86
3.28855e-07 5.72952e-76 2.94562e-65 5.72952e-76
3.75065e-07 1.02168e-66 6.88613e-74 1.02168e-66
4.27768e-07 3.48801e-58 3.08208e-83 3.48801e-58
4.87876e-07 2.27988e-50 2.64108e-93 2.27988e-50
5.5643e-07 2.8531e-43 4.333e-104 2.8531e-43
6.34618e-07 6.83583e-37 1.36102e-115 6.83583e-37
7.23792e-07 3.1357e-31 8.18489e-128 3.1357e-31
8.25496e-07 2.7539e-26 9.42388e-141 2.7539e-26
9.41492e-07 4.63054e-22 2.07738e-154 4.63054e-22
1.07379e-06 1.49069e-18 8.76742e-169 1.49069e-18
1.22467e-06 9.18829e-16 7.08431e-184 9.18829e-16
1.39676e-06 1.085e-13 1.09596e-199 1.085e-13
1.59302e-06 2.47164e-12 3.24607e-216 2.47164e-12
1.81687e-06 1.17655e-11 1.84074e-233 1.17655e-11
2.07217e-06 2.17639e-11 1.99847e-251 2.17639e-11
2.36334e-06 3.85808e-11 4.15405e-270 3.85808e-11
2.69543e-06 3.49744e-11 1.65316e-289 3.49744e-11
3.07418e-06 2.9844e-11 1.25959e-309 2.9844e-11
3.50615e-06 1.49342e-10 0 1.49342e-10
3.99882e-06 3.23119e-10 0 3.23119e-10
4.56072e-06 5.92679e-10 0 5.92679e-10
5.20158e-06 1.62171e-09 0 1.62171e-09
5.93248e-06 3.67203e-09 0 3.67203e-09
6.76609e-06 8.99286e-09 0 8.99286e-09
7.71684e-06 2.32611e-08 0 2.32611e-08
8.80118e-06 5.46615e-08 0 5.46615e-08
1.00379e-05 1.13858e-07 0 1.13858e-07
1.14484e-05 2.36117e-07 0 2.36117e-07
1.3057e-05 5.11059e-07 0 5.11059e-07
1.48918e-05 1.01767e-06 0 1.01767e-06
1.69843e-05 1.91922e-06 0 1.91922e-06
1.93709e-05 3.53382e-06 0 3.53382e-06
2.20928e-05 5.956e-06 0 5.956e-06
2.51972e-05 9.74169e-06 0 9.74169e-06
2.87378e-05 1.55606e-05 0 1.55606e-05
3.27759e-05 2.17779e-05 0 2.17779e-05
3.73815e-05 2.68489e-05 0 2.68489e-05
4.26342e-05 3.35609e-05 0 3.35609e-05
4.8625e-05 4.40254e-05 0 4.40254e-05
5.54576e-05 5.56778e-05 0 5.56778e-05
6.32502e-05 6.85463e-05 0 6.85463e-05
7.21379e-05 8.19258e-05 0 8.19258e-05
8.22745e-05 9.7999e-05 0 9.7999e-05
9.38354e-05 0.000118777 0 0.000118777
0.000107021 0.000151419 0 0.000151419
0.000122059 0.000188306 0 0.000188306
0.00013921 0.000222757 0 0.000222757
0.000158771 0.000269183 0 0.000269183
0.000181081 0.000310679 0 0.000310679
0.000206526 0.000354578 0 0.000354578
0.000235546 0.000413328 0 0.000413328
0.000268645 0.000496516 0 0.000496516
0.000306393 0.000589166 0 0.000589166
0.000349447 0.000684568 0 0.000684568
0.00039855 0.000733326 0 0.000733326
0.000454552 0.000695959 0 0.000695959
0.000518424 0.00063553 0 0.00063553
0.000591271 0.00054277 0 0.00054277
0.000674354 0.000399606 0 0.000399606
0.000769112 0.000231077 0 0.000231077
0.000877184 0.000114804 0 0.000114804
0.00100044 4.32291e-05 0 4.32291e-05
