# Initial particle size distribution
# Case: mass_exponential_sampled
# Column 1: Radius (μm)
# Column 2: Number concentration (cm^-3)
#
2.224141e-03  4.682868e+08
2.452894e-03  4.797354e+08
2.705174e-03  4.701490e+08
2.983401e-03  4.723687e+08
3.290243e-03  4.658402e+08
3.628645e-03  4.815196e+08
4.001850e-03  4.727448e+08
4.413440e-03  4.742247e+08
4.867362e-03  4.765418e+08
5.367970e-03  4.625587e+08
5.920065e-03  4.601546e+08
6.528943e-03  4.592124e+08
7.200444e-03  4.563718e+08
7.941009e-03  4.474057e+08
8.757741e-03  4.320154e+08
9.658474e-03  4.281593e+08
1.065185e-02  4.146596e+08
1.174739e-02  4.087850e+08
1.295561e-02  3.703600e+08
1.428809e-02  3.490712e+08
1.575762e-02  3.102241e+08
1.737829e-02  2.723712e+08
1.916564e-02  2.333827e+08
2.113683e-02  1.792556e+08
2.331075e-02  1.201918e+08
2.570825e-02  7.884312e+07
2.835235e-02  4.409508e+07
3.126838e-02  1.971306e+07
3.448433e-02  6.508025e+06
