2.22414e-09 0 2.7161e-14 0 0
2.29482e-09 0 4.00168e-14 0 0
2.36775e-09 0 5.17999e-14 0 0
2.443e-09 0 6.14989e-14 0 0
2.52064e-09 0 6.96006e-14 0 0
2.60075e-09 0 7.70992e-14 0 0
2.6834e-09 0 8.46933e-14 0 0
2.76868e-09 0 9.27093e-14 0 0
2.85667e-09 0 1.01383e-13 0 0
2.94745e-09 0 1.11009e-13 0 0
3.04112e-09 0 1.21818e-13 0 0
3.13777e-09 0 1.33825e-13 0 0
3.23749e-09 0 1.46975e-13 0 0
3.34038e-09 0 1.61465e-13 0 0
3.44653e-09 0 1.77783e-13 0 0
3.55607e-09 0 1.963e-13 0 0
3.66908e-09 0 2.16881e-13 0 0
3.78568e-09 0 2.39036e-13 0 0
3.90599e-09 0 2.62536e-13 0 0
4.03012e-09 0 2.87887e-13 0 0
4.1582e-09 0 3.16026e-13 0 0
4.29035e-09 0 3.47396e-13 0 0
4.4267e-09 0 3.81567e-13 0 0
4.56738e-09 0 4.1809e-13 0 0
4.71253e-09 0 4.57582e-13 0 0
4.8623e-09 0 5.01361e-13 0 0
5.01682e-09 0 5.49873e-13 0 0
5.17626e-09 0 6.02433e-13 0 0
5.34076e-09 0 6.59116e-13 0 0
5.51049e-09 0 7.21668e-13 0 0
5.68561e-09 0 7.91494e-13 0 0
5.8663e-09 0 8.67984e-13 0 0
6.05273e-09 0 9.50132e-13 0 0
6.24509e-09 0 1.03889e-12 0 0
6.44356e-09 0 1.13683e-12 0 0
6.64834e-09 0 1.24616e-12 0 0
6.85962e-09 0 1.36784e-12 0 0
7.07762e-09 0 1.50118e-12 0 0
7.30255e-09 0 1.64413e-12 0 0
7.53463e-09 0 1.79525e-12 0 0
7.77408e-09 0 1.956e-12 0 0
8.02114e-09 0 2.12952e-12 0 0
8.27605e-09 0 2.31803e-12 0 0
8.53907e-09 0 2.52374e-12 0 0
8.81044e-09 0 2.75136e-12 0 0
9.09044e-09 0 3.00705e-12 0 0
9.37933e-09 0 3.29358e-12 0 0
9.67741e-09 0 3.607e-12 0 0
9.98496e-09 0 3.94009e-12 0 0
1.03023e-08 0 4.29065e-12 0 0
1.06297e-08 0 4.66597e-12 0 0
1.09675e-08 0 5.07762e-12 0 0
1.1316e-08 0 5.53062e-12 0 0
1.16757e-08 0 6.01616e-12 0 0
1.20467e-08 0 6.51677e-12 0 0
1.24296e-08 0 7.02293e-12 0 0
1.28246e-08 0 7.54567e-12 0 0
1.32322e-08 0 8.10899e-12 0 0
1.36527e-08 0 8.72653e-12 0 0
1.40866e-08 0 9.38475e-12 0 0
1.45342e-08 0 1.00521e-11 0 0
1.49961e-08 0 1.07076e-11 0 0
1.54727e-08 0 1.13571e-11 0 0
1.59644e-08 0 1.20151e-11 0 0
1.64718e-08 0 1.2683e-11 0 0
1.69953e-08 0 1.33631e-11 0 0
1.75354e-08 0 1.40786e-11 0 0
1.80927e-08 0 1.48421e-11 0 0
1.86676e-08 0 1.56108e-11 0 0
1.92609e-08 0 1.63023e-11 0 0
1.9873e-08 0 1.68553e-11 0 0
2.05046e-08 0 1.72483e-11 0 0
2.11562e-08 0 1.74632e-11 0 0
2.18286e-08 0 1.74692e-11 0 0
2.25223e-08 0 1.72558e-11 0 0
2.3238e-08 0 1.68573e-11 0 0
2.39766e-08 0 1.63358e-11 0 0
2.47385e-08 0 1.57471e-11 0 0
2.55247e-08 0 1.51147e-11 0 0
2.63359e-08 0 1.44208e-11 0 0
2.71729e-08 0 1.36188e-11 0 0
2.80364e-08 0 1.2661e-11 0 0
2.89274e-08 0 1.1531e-11 0 0
2.98467e-08 0 1.02644e-11 0 0
3.07953e-08 0 8.9328e-12 0 0
3.17739e-08 0 7.60317e-12 0 0
3.27837e-08 0 6.3157e-12 0 0
3.38256e-08 0 5.09382e-12 0 0
3.49006e-08 0 3.95325e-12 0 0
3.60097e-08 0 2.90276e-12 0 0
3.71541e-08 0 1.96071e-12 0 0
3.83349e-08 0 1.17482e-12 0 0
3.95532e-08 0 6.01603e-13 0 0
4.08102e-08 0 2.54959e-13 0 0
4.21071e-08 0 8.72254e-14 0 0
4.34453e-08 0 2.36553e-14 0 0
4.4826e-08 0 5.01983e-15 0 0
4.62506e-08 0 8.25884e-16 0 0
4.77204e-08 0 1.04653e-16 0 0
4.9237e-08 0 1.01649e-17 0 0
