2.22408e-09 0 3.26243e-18 0
2.55659e-09 0 4.18713e-19 0
2.93881e-09 0 7.08407e-19 0
3.37817e-09 0 6.79825e-19 0
3.88321e-09 0 8.35923e-19 0
4.46376e-09 0 1.1507e-18 0
5.13111e-09 0 1.56882e-18 0
5.89823e-09 0 2.11018e-18 0
6.78003e-09 0 2.92502e-18 0
7.79366e-09 0 3.92135e-18 0
8.95884e-09 0 5.19485e-18 0
1.02982e-08 0 7.3945e-18 0
1.18378e-08 0 1.0405e-17 0
1.36076e-08 0 1.44657e-17 0
1.5642e-08 0 2.07828e-17 0
1.79805e-08 0 3.11784e-17 0
2.06687e-08 0 4.6067e-17 0
2.37587e-08 0 6.64848e-17 0
2.73107e-08 0 1.0149e-16 0
3.13937e-08 0 1.54165e-16 0
3.60872e-08 0 2.28105e-16 0
4.14823e-08 1.80494e-316 3.39402e-16 1.80494e-316
4.7684e-08 2.14039e-279 4.80005e-16 2.14039e-279
5.4813e-08 9.13216e-245 6.42545e-16 9.13216e-245
6.30077e-08 1.40186e-212 7.50567e-16 1.40186e-212
7.24275e-08 7.74259e-183 8.01518e-16 7.74259e-183
8.32556e-08 1.53857e-155 7.5505e-16 1.53857e-155
9.57026e-08 1.10002e-130 6.87947e-16 1.10002e-130
1.1001e-07 2.82965e-108 4.95263e-16 2.82965e-108
1.26457e-07 2.61888e-88 2.66146e-16 2.61888e-88
1.45363e-07 8.72065e-71 9.23547e-17 8.72065e-71
1.67095e-07 1.0448e-55 6.88632e-18 1.0448e-55
1.92077e-07 4.50367e-43 1.25362e-20 4.50367e-43
2.20793e-07 6.98474e-33 1.89001e-25 6.98474e-33
2.53802e-07 3.89749e-25 1.51385e-32 3.89749e-25
2.91746e-07 7.82474e-20 5.0317e-42 7.82474e-20
3.35363e-07 5.65204e-17 6.29783e-54 5.65204e-17
3.855e-07 1.46891e-16 2.87723e-68 1.46891e-16
4.43134e-07 2.09832e-17 4.7517e-85 2.09832e-17
5.09384e-07 7.08151e-16 2.82791e-104 7.08151e-16
5.85538e-07 9.28397e-17 6.05864e-126 9.28397e-17
6.73078e-07 3.98785e-16 4.67113e-150 3.98785e-16
7.73705e-07 8.05913e-16 1.29584e-176 8.05913e-16
8.89376e-07 6.23503e-15 1.29343e-205 6.23503e-15
1.02234e-06 1.85788e-14 4.64504e-237 1.85788e-14
1.17518e-06 2.95967e-14 6.00189e-271 2.95967e-14
1.35088e-06 1.01997e-13 2.79022e-307 1.01997e-13
1.55284e-06 1.59605e-13 0 1.59605e-13
1.78499e-06 1.53859e-13 0 1.53859e-13
2.05185e-06 4.72975e-13 0 4.72975e-13
2.35861e-06 1.12108e-12 0 1.12108e-12
2.71123e-06 3.0542e-12 0 3.0542e-12
3.11657e-06 7.44663e-12 0 7.44663e-12
3.5825e-06 1.4024e-11 0 1.4024e-11
4.1181e-06 3.84043e-11 0 3.84043e-11
4.73377e-06 7.47573e-11 0 7.47573e-11
5.44148e-06 1.59428e-10 0 1.59428e-10
6.255e-06 2.98559e-10 0 2.98559e-10
7.19014e-06 6.11872e-10 0 6.11872e-10
8.26509e-06 1.39857e-09 0 1.39857e-09
9.50074e-06 3.18316e-09 0 3.18316e-09
1.09211e-05 6.16674e-09 0 6.16674e-09
1.25539e-05 1.33446e-08 0 1.33446e-08
1.44307e-05 2.73872e-08 0 2.73872e-08
1.65882e-05 5.27841e-08 0 5.27841e-08
1.90681e-05 9.92892e-08 0 9.92892e-08
2.19189e-05 1.86411e-07 0 1.86411e-07
2.51958e-05 3.40025e-07 0 3.40025e-07
2.89627e-05 5.68854e-07 0 5.68854e-07
3.32927e-05 8.22347e-07 0 8.22347e-07
3.827e-05 9.45855e-07 0 9.45855e-07
4.39915e-05 9.49257e-07 0 9.49257e-07
5.05684e-05 9.74015e-07 0 9.74015e-07
5.81285e-05 1.24589e-06 0 1.24589e-06
6.68189e-05 1.70706e-06 0 1.70706e-06
7.68085e-05 2.22875e-06 0 2.22875e-06
8.82916e-05 3.10492e-06 0 3.10492e-06
0.000101491 4.1898e-06 0 4.1898e-06
0.000116665 5.48423e-06 0 5.48423e-06
0.000134106 7.62971e-06 0 7.62971e-06
0.000154156 1.10424e-05 0 1.10424e-05
0.000177203 1.50604e-05 0 1.50604e-05
0.000203695 2.15791e-05 0 2.15791e-05
0.000234148 3.15601e-05 0 3.15601e-05
0.000269154 4.76271e-05 0 4.76271e-05
0.000309393 6.82113e-05 0 6.82113e-05
0.000355648 0.000103676 0 0.000103676
0.000408819 0.000155798 0 0.000155798
0.000469938 0.000235152 0 0.000235152
0.000540195 0.000346888 0 0.000346888
0.000620956 0.000507239 0 0.000507239
0.000713791 0.000692316 0 0.000692316
0.000820505 0.000854082 0 0.000854082
0.000943173 0.000935317 0 0.000935317
0.00108418 0.00092771 0 0.00092771
0.00124627 0.000849566 0 0.000849566
0.00143259 0.000695282 0 0.000695282
0.00164677 0.000413576 0 0.000413576
0.00189296 0.000175811 0 0.000175811
0.00217597 2.96461e-05 0 2.96461e-05
