2.22408e-09 0 1.80349e-19 0
2.56881e-09 0 2.24027e-20 0
2.96698e-09 0 3.58062e-20 0
3.42686e-09 0 3.55238e-20 0
3.95802e-09 0 4.49056e-20 0
4.57152e-09 0 6.09192e-20 0
5.2801e-09 0 8.43343e-20 0
6.09852e-09 0 1.14144e-19 0
7.04379e-09 0 1.50814e-19 0
8.13557e-09 0 2.05931e-19 0
9.39658e-09 0 2.77725e-19 0
1.08531e-08 0 4.13132e-19 0
1.25353e-08 0 5.81391e-19 0
1.44782e-08 0 8.39209e-19 0
1.67224e-08 0 1.32013e-18 0
1.93143e-08 0 2.17034e-18 0
2.23081e-08 0 3.32458e-18 0
2.57658e-08 0 5.8098e-18 0
2.97595e-08 0 1.05306e-17 0
3.43722e-08 0 1.91769e-17 0
3.96999e-08 0 3.67849e-17 0
4.58534e-08 1.71176e-290 6.93387e-17 1.71176e-290
5.29606e-08 5.20187e-254 1.24663e-16 5.20187e-254
6.11695e-08 3.84329e-220 2.06508e-16 3.84329e-220
7.06508e-08 6.90358e-189 3.04682e-16 6.90358e-189
8.16017e-08 3.01489e-160 4.43432e-16 3.01489e-160
9.42499e-08 3.20108e-134 6.04397e-16 3.20108e-134
1.08859e-07 8.26319e-111 7.99376e-16 8.26319e-111
1.25732e-07 5.18592e-90 9.64487e-16 5.18592e-90
1.4522e-07 7.9128e-72 9.80337e-16 7.9128e-72
1.67729e-07 2.93536e-56 7.64861e-16 2.93536e-56
1.93727e-07 2.6474e-43 3.84668e-16 2.6474e-43
2.23755e-07 5.80503e-33 8.49214e-17 5.80503e-33
2.58437e-07 3.09468e-25 4.50769e-18 3.09468e-25
2.98495e-07 4.01102e-20 2.09076e-20 4.01102e-20
3.44761e-07 1.26392e-17 5.69067e-25 1.26392e-17
3.98199e-07 9.6839e-18 4.04343e-32 9.6839e-18
4.5992e-07 2.79558e-18 7.05309e-42 2.79558e-18
5.31208e-07 2.17203e-17 3.01828e-54 2.17203e-17
6.13545e-07 1.39939e-18 3.19662e-69 1.39939e-18
7.08644e-07 7.52712e-17 8.52957e-87 7.52712e-17
8.18484e-07 9.87837e-17 5.91294e-107 9.87837e-17
9.45349e-07 6.96585e-16 1.1098e-129 6.96585e-16
1.09188e-06 2.06157e-15 5.83301e-155 2.06157e-15
1.26112e-06 4.73652e-15 8.59307e-183 4.73652e-15
1.45659e-06 8.58054e-15 3.43425e-213 8.58054e-15
1.68236e-06 6.36418e-15 3.57214e-246 6.36418e-15
1.94313e-06 1.53796e-14 9.37159e-282 1.53796e-14
2.24432e-06 2.6791e-14 6.08837e-320 2.6791e-14
2.59218e-06 1.24902e-13 0 1.24902e-13
2.99397e-06 3.2439e-13 0 3.2439e-13
3.45804e-06 7.45749e-13 0 7.45749e-13
3.99403e-06 1.80826e-12 0 1.80826e-12
4.61311e-06 3.71495e-12 0 3.71495e-12
5.32814e-06 9.13401e-12 0 9.13401e-12
6.154e-06 1.52806e-11 0 1.52806e-11
7.10787e-06 3.19866e-11 0 3.19866e-11
8.20959e-06 7.68743e-11 0 7.68743e-11
9.48207e-06 1.79891e-10 0 1.79891e-10
1.09518e-05 3.67429e-10 0 3.67429e-10
1.26493e-05 7.91663e-10 0 7.91663e-10
1.461e-05 1.65796e-09 0 1.65796e-09
1.68745e-05 3.19389e-09 0 3.19389e-09
1.94901e-05 6.24322e-09 0 6.24322e-09
2.2511e-05 1.15431e-08 0 1.15431e-08
2.60002e-05 2.11622e-08 0 2.11622e-08
3.00302e-05 3.42453e-08 0 3.42453e-08
3.46849e-05 4.64216e-08 0 4.64216e-08
4.00611e-05 5.00311e-08 0 5.00311e-08
4.62705e-05 4.90898e-08 0 4.90898e-08
5.34425e-05 5.42678e-08 0 5.42678e-08
6.17261e-05 7.19846e-08 0 7.19846e-08
7.12936e-05 9.69959e-08 0 9.69959e-08
8.23441e-05 1.32775e-07 0 1.32775e-07
9.51074e-05 1.78223e-07 0 1.78223e-07
0.000109849 2.30242e-07 0 2.30242e-07
0.000126876 3.20067e-07 0 3.20067e-07
0.000146541 4.70947e-07 0 4.70947e-07
0.000169255 6.65258e-07 0 6.65258e-07
0.00019549 9.55722e-07 0 9.55722e-07
0.000225791 1.47827e-06 0 1.47827e-06
0.000260788 2.48713e-06 0 2.48713e-06
0.00030121 3.71695e-06 0 3.71695e-06
0.000347898 6.51129e-06 0 6.51129e-06
0.000401822 1.17478e-05 0 1.17478e-05
0.000464104 2.13901e-05 0 2.13901e-05
0.000536041 4.06985e-05 0 4.06985e-05
0.000619127 7.73137e-05 0 7.73137e-05
0.000715091 0.000139395 0 0.000139395
0.00082593 0.000234094 0 0.000234094
0.00095395 0.000347598 0 0.000347598
0.00110181 0.000507526 0 0.000507526
0.00127259 0.000694054 0 0.000694054
0.00146984 0.00092576 0 0.00092576
0.00169767 0.00113213 0 0.00113213
0.00196081 0.00117023 0 0.00117023
0.00226473 0.000949888 0 0.000949888
0.00261577 0.000510504 0 0.000510504
0.00302121 0.000123585 0 0.000123585
0.0034895 7.91251e-06 0 7.91251e-06
