# Initial particle size distribution
# Case: mass_exponential
# Column 1: Radius (μm)
# Column 2: Number concentration (cm^-3)
#
2.226718e-03  5.117882e-04
2.484196e-03  6.854306e-04
2.771446e-03  9.139075e-04
3.091912e-03  1.252053e-03
3.449433e-03  1.699868e-03
3.848294e-03  2.513246e-03
4.293277e-03  3.418014e-03
4.789713e-03  4.670067e-03
5.343553e-03  6.132319e-03
5.961434e-03  8.736955e-03
6.650762e-03  1.188994e-02
7.419797e-03  1.612133e-02
8.277756e-03  2.303961e-02
9.234922e-03  3.046967e-02
1.030277e-02  4.135431e-02
1.149409e-02  5.495326e-02
1.282316e-02  6.942955e-02
1.430592e-02  9.035803e-02
1.596013e-02  1.109484e-01
1.780561e-02  1.291534e-01
1.986450e-02  1.430539e-01
2.216145e-02  1.430357e-01
2.472400e-02  1.266950e-01
2.758287e-02  9.269763e-02
3.077231e-02  5.385657e-02
3.433054e-02  2.255524e-02
3.830022e-02  6.653246e-03
4.272892e-02  1.014437e-03
4.766971e-02  5.483445e-05
