2.22672e-09 0 2.81733e-26 0 0
2.30525e-09 0 4.49652e-26 0 0
2.38655e-09 0 6.30561e-26 0 0
2.47072e-09 0 8.17708e-26 0 0
2.55786e-09 0 1.01299e-25 0 0
2.64808e-09 0 1.22683e-25 0 0
2.74147e-09 0 1.49252e-25 0 0
2.83816e-09 0 1.85754e-25 0 0
2.93826e-09 0 2.33809e-25 0 0
3.04188e-09 0 2.89894e-25 0 0
3.14917e-09 0 3.50111e-25 0 0
3.26023e-09 0 4.16308e-25 0 0
3.37522e-09 0 4.97911e-25 0 0
3.49426e-09 0 6.08056e-25 0 0
3.61749e-09 0 7.5614e-25 0 0
3.74508e-09 0 9.46073e-25 0 0
3.87716e-09 0 1.18241e-24 0 0
4.0139e-09 0 1.47365e-24 0 0
4.15547e-09 0 1.83162e-24 0 0
4.30203e-09 0 2.27233e-24 0 0
4.45375e-09 0 2.81277e-24 0 0
4.61083e-09 0 3.46337e-24 0 0
4.77345e-09 0 4.22634e-24 0 0
4.9418e-09 0 5.1101e-24 0 0
5.11609e-09 0 6.1535e-24 0 0
5.29653e-09 0 7.42765e-24 0 0
5.48333e-09 0 9.02123e-24 0 0
5.67672e-09 0 1.10588e-23 0 0
5.87693e-09 0 1.37028e-23 0 0
6.0842e-09 0 1.70489e-23 0 0
6.29878e-09 0 2.10481e-23 0 0
6.52093e-09 0 2.5658e-23 0 0
6.75091e-09 0 3.10914e-23 0 0
6.98901e-09 0 3.7833e-23 0 0
7.2355e-09 0 4.64275e-23 0 0
7.49069e-09 0 5.73826e-23 0 0
7.75487e-09 0 7.12087e-23 0 0
8.02838e-09 0 8.82798e-23 0 0
8.31153e-09 0 1.08739e-22 0 0
8.60466e-09 0 1.32908e-22 0 0
8.90814e-09 0 1.61728e-22 0 0
9.22231e-09 0 1.96676e-22 0 0
9.54757e-09 0 2.39603e-22 0 0
9.8843e-09 0 2.9265e-22 0 0
1.02329e-08 0 3.57895e-22 0 0
1.05938e-08 0 4.37085e-22 0 0
1.09674e-08 0 5.32186e-22 0 0
1.13542e-08 0 6.46527e-22 0 0
1.17547e-08 0 7.84464e-22 0 0
1.21693e-08 0 9.48845e-22 0 0
1.25985e-08 0 1.14061e-21 0 0
1.30428e-08 0 1.36322e-21 0 0
1.35028e-08 0 1.62712e-21 0 0
1.3979e-08 0 1.94775e-21 0 0
1.4472e-08 0 2.33715e-21 0 0
1.49824e-08 0 2.79913e-21 0 0
1.55108e-08 0 3.33562e-21 0 0
1.60579e-08 0 3.95332e-21 0 0
1.66242e-08 0 4.66032e-21 0 0
1.72105e-08 0 5.46179e-21 0 0
1.78175e-08 0 6.36298e-21 0 0
1.84459e-08 0 7.37361e-21 0 0
1.90965e-08 0 8.50617e-21 0 0
1.977e-08 0 9.76605e-21 0 0
2.04673e-08 0 1.11361e-20 0 0
2.11891e-08 0 1.25711e-20 0 0
2.19364e-08 0 1.40183e-20 0 0
2.27101e-08 0 1.54426e-20 0 0
2.35111e-08 0 1.6819e-20 0 0
2.43403e-08 0 1.8104e-20 0 0
2.51987e-08 0 1.92227e-20 0 0
2.60874e-08 0 2.00811e-20 0 0
2.70075e-08 0 2.05898e-20 0 0
2.796e-08 0 2.06915e-20 0 0
2.89461e-08 0 2.03696e-20 0 0
2.9967e-08 0 1.96253e-20 0 0
3.10239e-08 0 1.84611e-20 0 0
3.21181e-08 0 1.69005e-20 0 0
3.32508e-08 0 1.5015e-20 0 0
3.44235e-08 0 1.29194e-20 0 0
3.56376e-08 0 1.07479e-20 0 0
3.68945e-08 0 8.63669e-21 0 0
3.81957e-08 0 6.70024e-21 0 0
3.95428e-08 0 5.00642e-21 0 0
4.09374e-08 0 3.58193e-21 0 0
4.23813e-08 0 2.43563e-21 0 0
4.3876e-08 0 1.56208e-21 0 0
4.54234e-08 0 9.36715e-22 0 0
4.70254e-08 0 5.21091e-22 0 0
4.8684e-08 0 2.69371e-22 0 0
5.0401e-08 0 1.31754e-22 0 0
5.21786e-08 0 6.24455e-23 0 0
5.40188e-08 0 2.87328e-23 0 0
5.5924e-08 0 1.23486e-23 0 0
5.78963e-08 0 4.623e-24 0 0
5.99383e-08 0 1.40012e-24 0 0
6.20522e-08 0 3.23918e-25 0 0
6.42407e-08 0 5.5203e-26 0 0
6.65064e-08 0 6.79004e-27 0 0
6.8852e-08 0 5.96303e-28 0 0
