2.22408e-09 0 4.47745e-15 0
2.47738e-09 0 9.1818e-16 0
2.75953e-09 0 7.89977e-16 0
3.07381e-09 0 4.39086e-16 0
3.42389e-09 0 2.34254e-16 0
3.81383e-09 0 8.90411e-17 0
4.24819e-09 0 2.59286e-17 0
4.73201e-09 0 5.26753e-18 0
5.27094e-09 0 1.04347e-18 0
5.87125e-09 0 8.00646e-20 0
6.53992e-09 0 3.35808e-22 0
7.28475e-09 0 5.37917e-26 0
8.11441e-09 0 3.0671e-31 0
9.03856e-09 0 6.08808e-38 0
1.0068e-08 0 4.17159e-46 0
1.12146e-08 0 9.83286e-56 0
1.24918e-08 0 7.96111e-67 0
1.39145e-08 0 2.21261e-79 0
1.54992e-08 0 2.11035e-93 0
1.72644e-08 0 6.90672e-109 0
1.92307e-08 0 7.7559e-126 0
2.14209e-08 0 2.98832e-144 0
2.38605e-08 0 3.95049e-164 0
2.6578e-08 0 1.79186e-185 0
2.96049e-08 0 2.78858e-208 0
3.29766e-08 0 1.48899e-232 0
3.67323e-08 0 2.72787e-258 0
4.09157e-08 0 1.71468e-285 0
4.55756e-08 0 3.69803e-314 0
5.07662e-08 8.3164e-309 0 8.3164e-309
5.6548e-08 3.9545e-280 0 3.9545e-280
6.29882e-08 6.4517e-253 0 6.4517e-253
7.01619e-08 3.61146e-227 0 3.61146e-227
7.81526e-08 6.93616e-203 0 6.93616e-203
8.70534e-08 4.57069e-180 0 4.57069e-180
9.69679e-08 1.03341e-158 0 1.03341e-158
1.08012e-07 8.01653e-139 0 8.01653e-139
1.20313e-07 2.13368e-120 0 2.13368e-120
1.34015e-07 1.94849e-103 0 1.94849e-103
1.49278e-07 6.10511e-88 0 6.10511e-88
1.6628e-07 6.5632e-74 0 6.5632e-74
1.85217e-07 2.42083e-61 0 2.42083e-61
2.06312e-07 3.06366e-50 0 3.06366e-50
2.29808e-07 1.33028e-40 0 1.33028e-40
2.55981e-07 1.98185e-32 0 1.98185e-32
2.85135e-07 1.01304e-25 0 1.01304e-25
3.17609e-07 1.77668e-20 0 1.77668e-20
3.53781e-07 1.0691e-16 0 1.0691e-16
3.94073e-07 2.20733e-14 0 2.20733e-14
4.38954e-07 1.57872e-13 0 1.57872e-13
4.88946e-07 1.42124e-13 0 1.42124e-13
5.44632e-07 2.45677e-13 0 2.45677e-13
6.06661e-07 1.98378e-14 0 1.98378e-14
6.75753e-07 6.41862e-16 0 6.41862e-16
7.52714e-07 1.4553e-13 0 1.4553e-13
8.38441e-07 1.66511e-12 0 1.66511e-12
9.33931e-07 1.54164e-12 0 1.54164e-12
1.0403e-06 2.94094e-12 0 2.94094e-12
1.15877e-06 1.12819e-11 0 1.12819e-11
1.29075e-06 2.50826e-11 0 2.50826e-11
1.43775e-06 6.36855e-11 0 6.36855e-11
1.6015e-06 4.31286e-11 0 4.31286e-11
1.78389e-06 4.43359e-11 0 4.43359e-11
1.98706e-06 1.8266e-10 0 1.8266e-10
2.21336e-06 3.48725e-10 0 3.48725e-10
2.46544e-06 7.9067e-10 0 7.9067e-10
2.74623e-06 1.84257e-09 0 1.84257e-09
3.059e-06 3.35759e-09 0 3.35759e-09
3.40738e-06 5.62323e-09 0 5.62323e-09
3.79545e-06 1.05573e-08 0 1.05573e-08
4.22771e-06 2.51671e-08 0 2.51671e-08
4.70921e-06 4.52889e-08 0 4.52889e-08
5.24554e-06 8.60262e-08 0 8.60262e-08
5.84295e-06 1.50533e-07 0 1.50533e-07
6.5084e-06 2.87519e-07 0 2.87519e-07
7.24964e-06 5.31942e-07 0 5.31942e-07
8.0753e-06 9.38315e-07 0 9.38315e-07
8.995e-06 1.8823e-06 0 1.8823e-06
1.00194e-05 3.63608e-06 0 3.63608e-06
1.11605e-05 6.72202e-06 0 6.72202e-06
1.24316e-05 1.22504e-05 0 1.22504e-05
1.38475e-05 2.19107e-05 0 2.19107e-05
1.54245e-05 4.02431e-05 0 4.02431e-05
1.71812e-05 7.13667e-05 0 7.13667e-05
1.9138e-05 0.000124504 0 0.000124504
2.13176e-05 0.000215429 0 0.000215429
2.37455e-05 0.000352538 0 0.000352538
2.64499e-05 0.000555356 0 0.000555356
2.94622e-05 0.000815864 0 0.000815864
3.28177e-05 0.00109513 0 0.00109513
3.65553e-05 0.00132405 0 0.00132405
4.07185e-05 0.00138332 0 0.00138332
4.5356e-05 0.0012496 0 0.0012496
5.05215e-05 0.000954754 0 0.000954754
5.62754e-05 0.000591139 0 0.000591139
6.26846e-05 0.000303498 0 0.000303498
6.98238e-05 0.000117484 0 0.000117484
7.7776e-05 3.23216e-05 0 3.23216e-05
8.66339e-05 5.9398e-06 0 5.9398e-06
9.65006e-05 1.20825e-06 0 1.20825e-06
