2.22408e-09 0 2.94391e-15 0
2.4825e-09 0 6.22671e-16 0
2.77094e-09 0 9.47777e-16 0
3.0929e-09 0 7.08032e-16 0
3.45226e-09 0 6.42448e-16 0
3.85338e-09 0 5.05154e-16 0
4.30111e-09 0 3.67574e-16 0
4.80086e-09 0 2.35235e-16 0
5.35867e-09 0 1.18536e-16 0
5.9813e-09 0 4.71234e-17 0
6.67627e-09 0 1.26112e-17 0
7.45199e-09 0 1.31067e-18 0
8.31784e-09 0 2.26048e-20 0
9.28429e-09 0 2.45021e-23 0
1.0363e-08 0 1.06531e-27 0
1.15671e-08 0 1.57244e-33 0
1.29111e-08 0 7.36012e-41 0
1.44113e-08 0 1.06144e-49 0
1.60857e-08 0 4.65828e-60 0
1.79547e-08 0 6.1873e-72 0
2.00409e-08 0 2.48105e-85 0
2.23695e-08 0 2.99997e-100 0
2.49686e-08 0 1.0932e-116 0
2.78697e-08 0 1.20023e-134 0
3.11079e-08 0 3.9696e-154 0
3.47223e-08 0 3.95472e-175 0
3.87567e-08 0 1.18674e-197 0
4.32599e-08 0 1.07266e-221 0
4.82863e-08 1.28457e-322 2.92028e-247 1.28457e-322
5.38967e-08 1.02438e-292 2.39467e-274 1.02438e-292
6.0159e-08 2.47674e-264 5.91455e-303 2.47674e-264
6.71489e-08 1.80366e-237 0 1.80366e-237
7.4951e-08 3.95627e-212 0 3.95627e-212
8.36595e-08 2.61378e-188 0 2.61378e-188
9.338e-08 5.20126e-166 0 5.20126e-166
1.0423e-07 3.11747e-145 0 3.11747e-145
1.1634e-07 5.62795e-126 0 5.62795e-126
1.29858e-07 3.06022e-108 0 3.06022e-108
1.44946e-07 5.01198e-92 0 5.01198e-92
1.61788e-07 2.47241e-77 0 2.47241e-77
1.80586e-07 3.67356e-64 0 3.67356e-64
2.01568e-07 1.64402e-52 0 1.64402e-52
2.24989e-07 2.21607e-42 0 2.21607e-42
2.5113e-07 8.99731e-34 0 8.99731e-34
2.80309e-07 1.10026e-26 0 1.10026e-26
3.12878e-07 4.05262e-21 0 4.05262e-21
3.49232e-07 4.49603e-17 0 4.49603e-17
3.89809e-07 1.5024e-14 0 1.5024e-14
4.35101e-07 1.52134e-13 0 1.52134e-13
4.85656e-07 1.3405e-13 0 1.3405e-13
5.42085e-07 2.53973e-13 0 2.53973e-13
6.0507e-07 2.19522e-14 0 2.19522e-14
6.75373e-07 6.2255e-16 0 6.2255e-16
7.53845e-07 1.53603e-13 0 1.53603e-13
8.41435e-07 1.72379e-12 0 1.72379e-12
9.39201e-07 1.45481e-12 0 1.45481e-12
1.04833e-06 3.43847e-12 0 3.43847e-12
1.17013e-06 1.17485e-11 0 1.17485e-11
1.30609e-06 2.92739e-11 0 2.92739e-11
1.45785e-06 6.45589e-11 0 6.45589e-11
1.62724e-06 3.92027e-11 0 3.92027e-11
1.8163e-06 5.53917e-11 0 5.53917e-11
2.02734e-06 2.21502e-10 0 2.21502e-10
2.2629e-06 3.6417e-10 0 3.6417e-10
2.52583e-06 1.02408e-09 0 1.02408e-09
2.81931e-06 2.11678e-09 0 2.11678e-09
3.14688e-06 3.80094e-09 0 3.80094e-09
3.51252e-06 6.53815e-09 0 6.53815e-09
3.92064e-06 1.37129e-08 0 1.37129e-08
4.37618e-06 3.02321e-08 0 3.02321e-08
4.88465e-06 5.5148e-08 0 5.5148e-08
5.4522e-06 9.9244e-08 0 9.9244e-08
6.0857e-06 1.83615e-07 0 1.83615e-07
6.7928e-06 3.5147e-07 0 3.5147e-07
7.58206e-06 6.23523e-07 0 6.23523e-07
8.46302e-06 1.15824e-06 0 1.15824e-06
9.44634e-06 2.30697e-06 0 2.30697e-06
1.05439e-05 4.26283e-06 0 4.26283e-06
1.1769e-05 7.66409e-06 0 7.66409e-06
1.31365e-05 1.34933e-05 0 1.34933e-05
1.46628e-05 2.40208e-05 0 2.40208e-05
1.63665e-05 4.2592e-05 0 4.2592e-05
1.82681e-05 7.15648e-05 0 7.15648e-05
2.03907e-05 0.000122314 0 0.000122314
2.27599e-05 0.000202713 0 0.000202713
2.54044e-05 0.000318562 0 0.000318562
2.83561e-05 0.000483475 0 0.000483475
3.16508e-05 0.000673979 0 0.000673979
3.53284e-05 0.000864825 0 0.000864825
3.94332e-05 0.00101208 0 0.00101208
4.4015e-05 0.00106792 0 0.00106792
4.91291e-05 0.00104598 0 0.00104598
5.48374e-05 0.000952151 0 0.000952151
6.1209e-05 0.00079527 0 0.00079527
6.83209e-05 0.000622207 0 0.000622207
7.62592e-05 0.000414848 0 0.000414848
8.51197e-05 0.000227255 0 0.000227255
9.50099e-05 0.000101791 0 0.000101791
0.000106049 2.89574e-05 0 2.89574e-05
0.000118371 5.10823e-06 0 5.10823e-06
