2.22408e-09 0 8.75727e-18 0
2.56675e-09 0 3.37036e-18 0
2.96222e-09 0 3.34725e-19 0
3.41863e-09 0 1.26199e-19 0
3.94535e-09 0 1.15808e-19 0
4.55322e-09 0 1.22171e-19 0
5.25476e-09 0 1.35091e-19 0
6.06438e-09 0 1.7474e-19 0
6.99874e-09 0 2.08853e-19 0
8.07707e-09 0 2.34313e-19 0
9.32153e-09 0 2.90751e-19 0
1.07577e-08 0 4.25212e-19 0
1.24152e-08 0 6.56539e-19 0
1.43281e-08 0 1.11243e-18 0
1.65357e-08 0 1.69638e-18 0
1.90834e-08 0 2.63306e-18 0
2.20237e-08 3.59972e-305 4.87443e-18 3.59972e-305
2.54169e-08 3.16838e-283 7.57232e-18 3.16838e-283
2.9333e-08 3.914e-262 1.16699e-17 3.914e-262
3.38525e-08 6.78611e-242 1.82854e-17 6.78611e-242
3.90683e-08 1.65134e-222 3.00905e-17 1.65134e-222
4.50877e-08 5.63984e-204 5.83611e-17 5.63984e-204
5.20345e-08 2.70342e-186 1.12153e-16 2.70342e-186
6.00517e-08 1.81876e-169 1.96893e-16 1.81876e-169
6.93041e-08 1.71733e-153 3.25731e-16 1.71733e-153
7.99821e-08 2.27586e-138 4.66052e-16 2.27586e-138
9.23052e-08 4.23306e-124 6.12074e-16 4.23306e-124
1.06527e-07 1.10504e-110 7.57561e-16 1.10504e-110
1.2294e-07 4.04872e-98 9.01109e-16 4.04872e-98
1.41882e-07 2.08196e-86 9.64302e-16 2.08196e-86
1.63742e-07 1.5026e-75 8.0211e-16 1.5026e-75
1.88971e-07 1.52205e-65 4.1971e-16 1.52205e-65
2.18086e-07 2.16387e-56 1.18944e-16 2.16387e-56
2.51688e-07 4.31767e-48 2.09225e-17 4.31767e-48
2.90466e-07 1.20915e-40 1.64661e-18 1.20915e-40
3.3522e-07 4.75259e-34 2.72949e-20 4.75259e-34
3.86868e-07 2.62177e-28 7.16002e-23 2.62177e-28
4.46475e-07 2.02989e-23 2.76864e-26 2.02989e-23
5.15265e-07 2.20581e-19 1.54258e-30 2.20581e-19
5.94654e-07 3.36418e-16 1.22603e-35 3.36418e-16
6.86274e-07 7.2012e-14 1.38249e-41 7.2012e-14
7.92012e-07 2.16346e-12 2.20422e-48 2.16346e-12
9.1404e-07 9.12939e-12 4.95794e-56 9.12939e-12
1.05487e-06 6.35278e-12 1.57081e-64 6.35278e-12
1.2174e-06 1.93671e-11 7.00247e-74 1.93671e-11
1.40497e-06 5.62137e-11 4.38889e-84 5.62137e-11
1.62144e-06 3.92582e-11 3.86546e-95 3.92582e-11
1.87126e-06 9.17347e-11 4.78223e-107 9.17347e-11
2.15957e-06 1.64607e-10 8.30864e-120 1.64607e-10
2.4923e-06 2.36175e-10 2.02685e-133 2.36175e-10
2.8763e-06 9.63164e-10 6.94147e-148 9.63164e-10
3.31947e-06 1.85097e-09 3.33719e-163 1.85097e-09
3.83091e-06 2.69538e-09 2.25209e-179 2.69538e-09
4.42115e-06 4.52613e-09 2.13327e-196 4.52613e-09
5.10234e-06 6.60527e-09 2.83628e-214 6.60527e-09
5.88848e-06 7.60209e-09 5.29283e-233 7.60209e-09
6.79574e-06 1.15669e-08 1.38629e-252 1.15669e-08
7.84279e-06 2.1724e-08 5.09621e-273 2.1724e-08
9.05116e-06 2.96676e-08 2.62943e-294 2.96676e-08
1.04457e-05 4.21271e-08 1.90413e-316 4.21271e-08
1.20551e-05 5.91763e-08 0 5.91763e-08
1.39125e-05 7.13611e-08 0 7.13611e-08
1.60561e-05 8.37286e-08 0 8.37286e-08
1.85299e-05 1.0981e-07 0 1.0981e-07
2.13848e-05 1.53933e-07 0 1.53933e-07
2.46797e-05 2.0058e-07 0 2.0058e-07
2.84822e-05 2.25942e-07 0 2.25942e-07
3.28706e-05 2.24468e-07 0 2.24468e-07
3.79351e-05 2.04333e-07 0 2.04333e-07
4.37799e-05 1.70701e-07 0 1.70701e-07
5.05252e-05 1.46372e-07 0 1.46372e-07
5.83099e-05 1.41587e-07 0 1.41587e-07
6.72939e-05 1.44049e-07 0 1.44049e-07
7.76621e-05 1.82829e-07 0 1.82829e-07
8.96279e-05 2.42427e-07 0 2.42427e-07
0.000103437 2.51562e-07 0 2.51562e-07
0.000119374 2.87041e-07 0 2.87041e-07
0.000137767 4.16765e-07 0 4.16765e-07
0.000158993 6.33627e-07 0 6.33627e-07
0.00018349 1.033e-06 0 1.033e-06
0.000211761 1.67619e-06 0 1.67619e-06
0.000244387 2.49394e-06 0 2.49394e-06
0.000282041 4.33743e-06 0 4.33743e-06
0.000325496 7.4325e-06 0 7.4325e-06
0.000375647 1.10932e-05 0 1.10932e-05
0.000433524 1.75806e-05 0 1.75806e-05
0.000500319 2.72937e-05 0 2.72937e-05
0.000577405 5.06313e-05 0 5.06313e-05
0.000666369 9.82203e-05 0 9.82203e-05
0.000769039 0.000181702 0 0.000181702
0.000887528 0.000307411 0 0.000307411
0.00102427 0.000474398 0 0.000474398
0.00118209 0.000641271 0 0.000641271
0.00136422 0.000813455 0 0.000813455
0.00157441 0.000990059 0 0.000990059
0.00181698 0.00112401 0 0.00112401
0.00209693 0.00107919 0 0.00107919
0.00242001 0.000717454 0 0.000717454
0.00279287 0.000271427 0 0.000271427
0.00322318 5.81577e-05 0 5.81577e-05
