2.22408e-09 0 2.2091e-16 0 0
2.52839e-09 0 3.22537e-17 0 0
2.87434e-09 0 5.71925e-17 0 0
3.26763e-09 0 5.55321e-17 0 0
3.71472e-09 0 6.38865e-17 0 0
4.22299e-09 0 7.57485e-17 0 0
4.80081e-09 0 9.33092e-17 0 0
5.45768e-09 0 1.1725e-16 0 0
6.20444e-09 0 1.46522e-16 0 0
7.05337e-09 0 1.79862e-16 0 0
8.01845e-09 0 2.3355e-16 0 0
9.11558e-09 0 3.06222e-16 0 0
1.03628e-08 0 3.70296e-16 0 0
1.17807e-08 0 4.51558e-16 0 0
1.33926e-08 0 5.32223e-16 0 0
1.52251e-08 0 5.7096e-16 0 0
1.73083e-08 0 5.93604e-16 0 0
1.96765e-08 0 5.9628e-16 0 0
2.23688e-08 0 5.80587e-16 0 0
2.54294e-08 0 4.91634e-16 0 0
2.89088e-08 0 3.85381e-16 0 0
3.28643e-08 0 2.1022e-16 0 0
3.7361e-08 0 1.0317e-16 0 0
4.24729e-08 0 4.47325e-17 0 0
4.82843e-08 0 1.3796e-17 0 0
5.48909e-08 0 3.23273e-18 0 0
6.24014e-08 1.1465e-311 3.85398e-20 1.1465e-311 0
7.09395e-08 1.49637e-277 4.8958e-24 1.49637e-277 0
8.06458e-08 1.66078e-245 5.81161e-30 1.66078e-245 0
9.16803e-08 1.56743e-215 6.24668e-38 1.56743e-215 0
1.04225e-07 1.25798e-187 5.95384e-48 1.25798e-187 0
1.18485e-07 8.58553e-162 4.95853e-60 8.58553e-162 0
1.34697e-07 4.98272e-138 3.57344e-74 4.98272e-138 0
1.53127e-07 2.45908e-116 2.21457e-90 2.45908e-116 0
1.74079e-07 1.03201e-96 1.17557e-108 1.03201e-96 0
1.97897e-07 3.68304e-79 5.33176e-129 3.68304e-79 0
2.24975e-07 1.11772e-63 2.06279e-151 1.11772e-63 0
2.55757e-07 2.88448e-50 6.80059e-176 2.88448e-50 0
2.90751e-07 6.33006e-39 1.90918e-202 6.33006e-39 0
3.30534e-07 1.18129e-29 4.56205e-231 1.18129e-29 0
3.75759e-07 1.87461e-22 9.27583e-262 1.87461e-22 0
4.27173e-07 2.52972e-17 1.60449e-294 2.52972e-17 0
4.85621e-07 2.90296e-14 0 2.90296e-14 0
5.52067e-07 2.83281e-13 0 2.83281e-13 0
6.27604e-07 2.36862e-14 0 2.36862e-14 0
7.13477e-07 1.31023e-13 0 1.31023e-13 0
8.11099e-07 8.77986e-13 0 8.77986e-13 0
9.22078e-07 3.68427e-12 0 3.68427e-12 0
1.04824e-06 6.95963e-12 0 6.95963e-12 0
1.19167e-06 6.92275e-12 0 6.92275e-12 0
1.35472e-06 1.76536e-11 0 1.76536e-11 0
1.54008e-06 3.00045e-11 0 3.00045e-11 0
1.7508e-06 9.87648e-11 0 9.87648e-11 0
1.99036e-06 1.75639e-10 0 1.75639e-10 0
2.26269e-06 3.17653e-10 0 3.17653e-10 0
2.57229e-06 6.59416e-10 0 6.59416e-10 0
2.92424e-06 1.5092e-09 0 1.5092e-09 0
3.32436e-06 3.16995e-09 0 3.16995e-09 0
3.77921e-06 5.91812e-09 0 5.91812e-09 0
4.29631e-06 1.08664e-08 0 1.08664e-08 0
4.88415e-06 1.73632e-08 0 1.73632e-08 0
5.55243e-06 3.13605e-08 0 3.13605e-08 0
6.31215e-06 5.74903e-08 0 5.74903e-08 0
7.17582e-06 9.62586e-08 0 9.62586e-08 0
8.15765e-06 1.69378e-07 0 1.69378e-07 0
9.27383e-06 2.62644e-07 0 2.62644e-07 0
1.05427e-05 4.48722e-07 0 4.48722e-07 0
1.19853e-05 7.76515e-07 0 7.76515e-07 0
1.36251e-05 1.33629e-06 0 1.33629e-06 0
1.54894e-05 2.22891e-06 0 2.22891e-06 0
1.76088e-05 3.86712e-06 0 3.86712e-06 0
2.00181e-05 6.82437e-06 0 6.82437e-06 0
2.27571e-05 1.26804e-05 0 1.26804e-05 0
2.58709e-05 2.23021e-05 0 2.23021e-05 0
2.94107e-05 3.59883e-05 0 3.59883e-05 0
3.34348e-05 5.18107e-05 0 5.18107e-05 0
3.80096e-05 6.32278e-05 0 6.32278e-05 0
4.32103e-05 6.9591e-05 0 6.9591e-05 0
4.91226e-05 7.74124e-05 0 7.74124e-05 0
5.58438e-05 8.81463e-05 0 8.81463e-05 0
6.34847e-05 0.000107954 0 0.000107954 0
7.2171e-05 0.000132545 0 0.000132545 0
8.20459e-05 0.000166795 0 0.000166795 0
9.32719e-05 0.000203923 0 0.000203923 0
0.000106034 0.000260012 0 0.000260012 0
0.000120542 0.000342271 0 0.000342271 0
0.000137035 0.000425069 0 0.000425069 0
0.000155785 0.000509277 0 0.000509277 0
0.000177101 0.000613655 0 0.000613655 0
0.000201333 0.000680592 0 0.000680592 0
0.000228881 0.000713236 0 0.000713236 0
0.000260197 0.000721549 0 0.000721549 0
0.000295799 0.000713881 0 0.000713881 0
0.000336272 0.000636992 0 0.000636992 0
0.000382283 0.000527249 0 0.000527249 0
0.000434589 0.000318291 0 0.000318291 0
0.000494052 0.000164717 0 0.000164717 0
0.000561651 7.12062e-05 0 7.12062e-05 0
0.0006385 2.71536e-05 0 2.71536e-05 0
0.000725863 7.41927e-06 0 7.41927e-06 0
