2.22408e-09 0 5.69784e-15 0 0
2.46887e-09 0 1.17326e-15 0 0
2.74061e-09 0 1.02434e-17 0 0
3.04225e-09 0 3.79195e-21 0 0
3.37709e-09 0 5.9518e-26 0 0
3.74879e-09 0 3.96096e-32 0 0
4.1614e-09 0 1.11769e-39 0 0
4.61942e-09 0 1.33723e-48 0 0
5.12785e-09 0 6.78361e-59 0 0
5.69224e-09 0 1.45909e-70 0 0
6.31875e-09 0 1.33067e-83 0 0
7.01422e-09 0 5.14549e-98 0 0
7.78624e-09 0 8.43626e-114 0 0
8.64322e-09 0 5.86462e-131 0 0
9.59453e-09 0 1.72861e-149 0 0
1.06505e-08 0 2.16034e-169 0 0
1.18228e-08 0 1.14476e-190 0 0
1.31241e-08 0 2.57201e-213 0 0
1.45685e-08 0 2.45019e-237 0 0
1.6172e-08 0 9.89675e-263 0 0
1.7952e-08 0 1.69494e-289 0 0
1.99279e-08 0 1.23041e-317 0 0
2.21212e-08 0 0 0 0
2.45559e-08 0 0 0 0
2.72587e-08 0 0 0 0
3.02589e-08 0 0 0 0
3.35893e-08 0 0 0 0
3.72863e-08 0 0 0 0
4.13902e-08 0 0 0 0
4.59457e-08 0 0 0 0
5.10027e-08 0 0 0 0
5.66163e-08 0 0 0 0
6.28477e-08 1.09582e-309 0 1.09582e-309 0
6.9765e-08 7.60071e-282 0 7.60071e-282 0
7.74436e-08 2.2353e-255 0 2.2353e-255 0
8.59674e-08 2.7873e-230 0 2.7873e-230 0
9.54293e-08 1.47367e-206 0 1.47367e-206 0
1.05933e-07 3.30356e-184 0 3.30356e-184 0
1.17592e-07 3.14002e-163 0 3.14002e-163 0
1.30535e-07 1.26546e-143 0 1.26546e-143 0
1.44902e-07 2.16239e-125 0 2.16239e-125 0
1.60851e-07 1.5667e-108 0 1.5667e-108 0
1.78554e-07 4.81287e-93 0 4.81287e-93 0
1.98207e-07 6.26889e-79 0 6.26889e-79 0
2.20022e-07 3.46214e-66 0 3.46214e-66 0
2.44239e-07 8.10708e-55 0 8.10708e-55 0
2.71121e-07 8.0492e-45 0 8.0492e-45 0
3.00962e-07 3.3885e-36 0 3.3885e-36 0
3.34087e-07 6.04825e-29 0 6.04825e-29 0
3.70858e-07 4.5774e-23 0 4.5774e-23 0
4.11676e-07 1.46884e-18 0 1.46884e-18 0
4.56987e-07 1.99848e-15 0 1.99848e-15 0
5.07284e-07 1.1529e-13 0 1.1529e-13 0
5.63118e-07 2.82e-13 0 2.82e-13 0
6.25097e-07 2.93955e-14 0 2.93955e-14 0
6.93898e-07 5.1937e-14 0 5.1937e-14 0
7.70272e-07 7.68501e-13 0 7.68501e-13 0
8.55051e-07 1.13082e-12 0 1.13082e-12 0
9.49161e-07 6.20438e-12 0 6.20438e-12 0
1.05363e-06 8.14036e-12 0 8.14036e-12 0
1.1696e-06 9.72252e-12 0 9.72252e-12 0
1.29833e-06 1.74821e-11 0 1.74821e-11 0
1.44123e-06 2.62266e-11 0 2.62266e-11 0
1.59985e-06 5.0284e-11 0 5.0284e-11 0
1.77594e-06 1.47909e-10 0 1.47909e-10 0
1.97141e-06 2.54549e-10 0 2.54549e-10 0
2.18839e-06 4.8955e-10 0 4.8955e-10 0
2.42925e-06 7.18897e-10 0 7.18897e-10 0
2.69663e-06 1.53682e-09 0 1.53682e-09 0
2.99343e-06 2.94872e-09 0 2.94872e-09 0
3.3229e-06 5.80454e-09 0 5.80454e-09 0
3.68863e-06 1.05236e-08 0 1.05236e-08 0
4.09462e-06 2.01419e-08 0 2.01419e-08 0
4.54529e-06 3.49379e-08 0 3.49379e-08 0
5.04556e-06 6.10159e-08 0 6.10159e-08 0
5.6009e-06 1.18409e-07 0 1.18409e-07 0
6.21736e-06 2.29059e-07 0 2.29059e-07 0
6.90166e-06 4.26154e-07 0 4.26154e-07 0
7.66129e-06 8.03505e-07 0 8.03505e-07 0
8.50452e-06 1.49071e-06 0 1.49071e-06 0
9.44057e-06 2.631e-06 0 2.631e-06 0
1.04796e-05 4.94799e-06 0 4.94799e-06 0
1.16331e-05 9.15471e-06 0 9.15471e-06 0
1.29135e-05 1.69279e-05 0 1.69279e-05 0
1.43348e-05 3.06512e-05 0 3.06512e-05 0
1.59125e-05 5.43391e-05 0 5.43391e-05 0
1.76639e-05 9.7237e-05 0 9.7237e-05 0
1.96081e-05 0.000168753 0 0.000168753 0
2.17662e-05 0.000283997 0 0.000283997 0
2.41619e-05 0.00046097 0 0.00046097 0
2.68213e-05 0.000712059 0 0.000712059 0
2.97733e-05 0.00102711 0 0.00102711 0
3.30503e-05 0.00134818 0 0.00134818 0
3.66879e-05 0.00155577 0 0.00155577 0
4.0726e-05 0.00150461 0 0.00150461 0
4.52084e-05 0.00119155 0 0.00119155 0
5.01843e-05 0.00071402 0 0.00071402 0
5.57078e-05 0.000287182 0 0.000287182 0
6.18392e-05 7.1723e-05 0 7.1723e-05 0
6.86455e-05 1.09081e-05 0 1.09081e-05 0
