2.22408e-09 0 2.50298e-17 0 0
2.55823e-09 0 1.83959e-18 0 0
2.94258e-09 0 1.16946e-18 0 0
3.38468e-09 0 1.1013e-18 0 0
3.89321e-09 0 1.19402e-18 0 0
4.47813e-09 0 1.36087e-18 0 0
5.15093e-09 0 1.66888e-18 0 0
5.92482e-09 0 2.15497e-18 0 0
6.81497e-09 0 2.76385e-18 0 0
7.83887e-09 0 3.84594e-18 0 0
9.01659e-09 0 5.42105e-18 0 0
1.03713e-08 0 7.91988e-18 0 0
1.19295e-08 0 1.12946e-17 0 0
1.37218e-08 0 1.60655e-17 0 0
1.57834e-08 0 2.26633e-17 0 0
1.81547e-08 0 3.22964e-17 0 0
2.08823e-08 0 4.79888e-17 0 0
2.40197e-08 0 7.27377e-17 0 0
2.76284e-08 0 1.11128e-16 0 0
3.17794e-08 0 1.65688e-16 0 0
3.6554e-08 0 2.48825e-16 0 0
4.20459e-08 0 3.54056e-16 0 0
4.8363e-08 0 4.89102e-16 0 0
5.56291e-08 0 6.33082e-16 0 0
6.39869e-08 7.25056e-305 7.13205e-16 7.25056e-305 0
7.36004e-08 3.56132e-268 7.63925e-16 3.56132e-268 0
8.46583e-08 5.97457e-234 7.66156e-16 5.97457e-234 0
9.73775e-08 3.42339e-202 6.72432e-16 3.42339e-202 0
1.12008e-07 6.6998e-173 4.70165e-16 6.6998e-173 0
1.28836e-07 4.47839e-146 2.65067e-16 4.47839e-146 0
1.48193e-07 1.02244e-121 6.79694e-17 1.02244e-121 0
1.70457e-07 7.97274e-100 1.02919e-17 7.97274e-100 0
1.96067e-07 2.12341e-80 1.24949e-19 2.12341e-80 0
2.25525e-07 1.93158e-63 1.22233e-23 1.93158e-63 0
2.59408e-07 6.00135e-49 4.92873e-30 6.00135e-49 0
2.98382e-07 6.36853e-37 7.12612e-39 6.36853e-37 0
3.43211e-07 2.30826e-27 3.58405e-50 2.30826e-27 0
3.94776e-07 2.85749e-20 6.21211e-64 2.85749e-20 0
4.54088e-07 1.2082e-15 3.69664e-80 1.2082e-15 0
5.22311e-07 1.74482e-13 7.53909e-99 1.74482e-13 0
6.00784e-07 8.60685e-14 5.265e-120 8.60685e-14 0
6.91047e-07 3.47038e-14 1.25848e-143 3.47038e-14 0
7.94871e-07 7.51939e-13 1.02934e-169 7.51939e-13 0
9.14294e-07 2.73875e-12 2.88042e-198 2.73875e-12 0
1.05166e-06 5.68219e-12 2.75738e-229 5.68219e-12 0
1.20966e-06 6.35231e-12 9.02894e-263 6.35231e-12 0
1.3914e-06 1.50782e-11 1.01121e-298 1.50782e-11 0
1.60045e-06 3.07142e-11 0 3.07142e-11 0
1.84091e-06 9.25253e-11 0 9.25253e-11 0
2.11749e-06 1.80807e-10 0 1.80807e-10 0
2.43562e-06 2.82786e-10 0 2.82786e-10 0
2.80156e-06 7.44992e-10 0 7.44992e-10 0
3.22247e-06 1.52351e-09 0 1.52351e-09 0
3.70662e-06 2.86232e-09 0 2.86232e-09 0
4.26351e-06 5.07363e-09 0 5.07363e-09 0
4.90406e-06 7.56268e-09 0 7.56268e-09 0
5.64086e-06 1.27336e-08 0 1.27336e-08 0
6.48835e-06 2.07766e-08 0 2.07766e-08 0
7.46318e-06 3.07874e-08 0 3.07874e-08 0
8.58446e-06 4.58337e-08 0 4.58337e-08 0
9.87421e-06 5.97401e-08 0 5.97401e-08 0
1.13577e-05 9.06042e-08 0 9.06042e-08 0
1.30641e-05 1.29423e-07 0 1.29423e-07 0
1.50269e-05 1.7525e-07 0 1.7525e-07 0
1.72846e-05 2.47667e-07 0 2.47667e-07 0
1.98815e-05 3.55952e-07 0 3.55952e-07 0
2.28685e-05 5.56652e-07 0 5.56652e-07 0
2.63043e-05 8.22365e-07 0 8.22365e-07 0
3.02563e-05 1.11166e-06 0 1.11166e-06 0
3.48021e-05 1.3481e-06 0 1.3481e-06 0
4.00308e-05 1.37053e-06 0 1.37053e-06 0
4.60451e-05 1.3561e-06 0 1.3561e-06 0
5.2963e-05 1.43666e-06 0 1.43666e-06 0
6.09202e-05 1.63104e-06 0 1.63104e-06 0
7.0073e-05 1.98622e-06 0 1.98622e-06 0
8.06009e-05 2.55614e-06 0 2.55614e-06 0
9.27106e-05 3.28199e-06 0 3.28199e-06 0
0.00010664 4.48324e-06 0 4.48324e-06 0
0.000122661 6.30926e-06 0 6.30926e-06 0
0.00014109 9.30712e-06 0 9.30712e-06 0
0.000162288 1.31685e-05 0 1.31685e-05 0
0.00018667 1.86575e-05 0 1.86575e-05 0
0.000214716 2.62145e-05 0 2.62145e-05 0
0.000246975 3.74669e-05 0 3.74669e-05 0
0.000284081 5.5738e-05 0 5.5738e-05 0
0.000326762 8.40574e-05 0 8.40574e-05 0
0.000375856 0.000129142 0 0.000129142 0
0.000432325 0.000191435 0 0.000191435 0
0.000497278 0.000289437 0 0.000289437 0
0.00057199 0.000412135 0 0.000412135 0
0.000657927 0.000569875 0 0.000569875 0
0.000756776 0.000746589 0 0.000746589 0
0.000870475 0.000844509 0 0.000844509 0
0.00100126 0.000909686 0 0.000909686 0
0.00115169 0.000916866 0 0.000916866 0
0.00132472 0.000816855 0 0.000816855 0
0.00152375 0.000576693 0 0.000576693 0
0.00175268 0.000339011 0 0.000339011 0
0.002016 9.24962e-05 0 9.24962e-05 0
0.00231889 1.46847e-05 0 1.46847e-05 0
