2.22408e-09 0 1.51149e-17 0 0
2.56852e-09 0 8.16915e-19 0 0
2.96629e-09 0 1.69899e-19 0 0
3.42567e-09 0 1.2647e-19 0 0
3.95619e-09 0 1.11735e-19 0 0
4.56887e-09 0 1.08365e-19 0 0
5.27644e-09 0 1.13921e-19 0 0
6.09358e-09 0 1.30636e-19 0 0
7.03727e-09 0 1.65059e-19 0 0
8.12711e-09 0 2.19498e-19 0 0
9.38573e-09 0 3.07231e-19 0 0
1.08393e-08 0 4.42255e-19 0 0
1.25179e-08 0 6.3401e-19 0 0
1.44565e-08 0 9.70746e-19 0 0
1.66953e-08 0 1.37387e-18 0 0
1.92809e-08 0 2.20167e-18 0 0
2.22668e-08 0 3.59696e-18 0 0
2.57152e-08 0 6.18435e-18 0 0
2.96976e-08 0 1.08743e-17 0 0
3.42968e-08 0 2.07221e-17 0 0
3.96082e-08 0 3.66708e-17 0 0
4.57422e-08 0 6.66472e-17 0 0
5.28261e-08 0 1.19124e-16 0 0
6.10071e-08 6.07373e-318 1.91428e-16 6.07373e-318 0
7.04551e-08 2.26218e-279 2.8721e-16 2.26218e-279 0
8.13662e-08 2.06832e-243 4.28453e-16 2.06832e-243 0
9.39671e-08 4.64224e-210 5.99982e-16 4.64224e-210 0
1.08519e-07 2.55774e-179 7.86833e-16 2.55774e-179 0
1.25325e-07 3.45943e-151 9.67842e-16 3.45943e-151 0
1.44734e-07 1.1486e-125 1.02129e-15 1.1486e-125 0
1.67149e-07 9.36173e-103 8.09016e-16 9.36173e-103 0
1.93034e-07 1.8731e-82 3.77533e-16 1.8731e-82 0
2.22929e-07 9.1999e-65 7.01832e-17 9.1999e-65 0
2.57453e-07 1.10924e-49 3.0636e-18 1.10924e-49 0
2.97324e-07 3.28311e-37 8.35592e-21 3.28311e-37 0
3.43369e-07 2.38542e-27 1.50327e-25 2.38542e-27 0
3.96546e-07 4.25465e-20 7.98221e-33 4.25465e-20 0
4.57957e-07 1.86286e-15 1.07352e-42 1.86286e-15 0
5.2888e-07 2.00224e-13 3.58794e-55 2.00224e-13 0
6.10785e-07 5.28491e-14 2.99138e-70 5.28491e-14 0
7.05375e-07 7.40147e-14 6.29706e-88 7.40147e-14 0
8.14614e-07 7.32214e-13 3.41432e-108 7.32214e-13 0
9.40771e-07 3.88496e-12 4.89661e-131 3.88496e-12 0
1.08646e-06 4.77584e-12 1.90485e-156 4.77584e-12 0
1.25472e-06 7.82225e-12 2.03102e-184 7.82225e-12 0
1.44904e-06 1.56756e-11 5.86759e-215 1.56756e-11 0
1.67344e-06 4.4275e-11 4.47678e-248 4.4275e-11 0
1.9326e-06 9.59393e-11 8.78622e-284 9.59393e-11 0
2.2319e-06 1.86664e-10 4.34778e-322 1.86664e-10 0
2.57754e-06 3.71032e-10 0 3.71032e-10 0
2.97672e-06 8.45306e-10 0 8.45306e-10 0
3.43771e-06 1.74171e-09 0 1.74171e-09 0
3.9701e-06 3.13434e-09 0 3.13434e-09 0
4.58493e-06 4.88974e-09 0 4.88974e-09 0
5.29499e-06 7.40766e-09 0 7.40766e-09 0
6.115e-06 1.22027e-08 0 1.22027e-08 0
7.06201e-06 1.76322e-08 0 1.76322e-08 0
8.15568e-06 2.59723e-08 0 2.59723e-08 0
9.41872e-06 3.20275e-08 0 3.20275e-08 0
1.08774e-05 4.40655e-08 0 4.40655e-08 0
1.25619e-05 5.84338e-08 0 5.84338e-08 0
1.45073e-05 7.34015e-08 0 7.34015e-08 0
1.6754e-05 9.15375e-08 0 9.15375e-08 0
1.93486e-05 1.14081e-07 0 1.14081e-07 0
2.23451e-05 1.52593e-07 0 1.52593e-07 0
2.58056e-05 1.94647e-07 0 1.94647e-07 0
2.9802e-05 2.25345e-07 0 2.25345e-07 0
3.44174e-05 2.28543e-07 0 2.28543e-07 0
3.97474e-05 1.92068e-07 0 1.92068e-07 0
4.5903e-05 1.52177e-07 0 1.52177e-07 0
5.30118e-05 1.33086e-07 0 1.33086e-07 0
6.12216e-05 1.27933e-07 0 1.27933e-07 0
7.07027e-05 1.35087e-07 0 1.35087e-07 0
8.16522e-05 1.51985e-07 0 1.51985e-07 0
9.42974e-05 1.86158e-07 0 1.86158e-07 0
0.000108901 2.52964e-07 0 2.52964e-07 0
0.000125766 3.42529e-07 0 3.42529e-07 0
0.000145243 4.98617e-07 0 4.98617e-07 0
0.000167736 7.10954e-07 0 7.10954e-07 0
0.000193713 1.08383e-06 0 1.08383e-06 0
0.000223712 1.51804e-06 0 1.51804e-06 0
0.000258358 2.40137e-06 0 2.40137e-06 0
0.000298369 3.93808e-06 0 3.93808e-06 0
0.000344576 6.65709e-06 0 6.65709e-06 0
0.00039794 1.1762e-05 0 1.1762e-05 0
0.000459567 2.21695e-05 0 2.21695e-05 0
0.000530738 3.97373e-05 0 3.97373e-05 0
0.000612932 7.16615e-05 0 7.16615e-05 0
0.000707855 0.000129098 0 0.000129098 0
0.000817478 0.000212785 0 0.000212785 0
0.000944077 0.000318885 0 0.000318885 0
0.00109028 0.000480333 0 0.000480333 0
0.00125913 0.000675091 0 0.000675091 0
0.00145413 0.000905809 0 0.000905809 0
0.00167932 0.00111471 0 0.00111471 0
0.0019394 0.00122711 0 0.00122711 0
0.00223974 0.00103657 0 0.00103657 0
0.0025866 0.000535533 0 0.000535533 0
0.00298718 0.000124175 0 0.000124175 0
0.00344979 6.97346e-06 0 6.97346e-06 0
