# Initial particle size distribution
# Case: radius_log_normal
# Column 1: Radius (μm)
# Column 2: Number concentration (cm^-3)
#
1.903275e-03  1.407476e-05
2.355430e-03  4.691588e-06
2.915003e-03  4.691588e-05
3.607512e-03  1.125981e-04
4.464538e-03  3.706354e-04
5.525165e-03  7.459625e-04
6.837763e-03  1.895401e-03
8.462191e-03  4.236504e-03
1.047253e-02  8.496466e-03
1.296046e-02  1.495209e-02
1.603944e-02  2.533457e-02
1.984988e-02  3.754678e-02
2.456556e-02  5.185612e-02
3.040153e-02  6.450933e-02
3.762393e-02  7.224576e-02
4.656214e-02  7.378929e-02
5.762377e-02  7.098842e-02
7.131328e-02  6.051210e-02
8.825498e-02  4.699564e-02
1.092215e-01  3.334781e-02
1.351689e-01  2.136549e-02
1.672806e-01  1.278458e-02
2.070209e-01  6.896634e-03
2.562023e-01  3.462392e-03
3.170675e-01  1.538841e-03
3.923924e-01  5.911401e-04
4.856119e-01  2.017383e-04
6.009773e-01  7.037382e-05
7.437497e-01  1.876635e-05
