1.90327e-09 0 4.90255e-28 0 0
2.03119e-09 0 7.73357e-28 0 0
2.1677e-09 0 1.55388e-27 0 0
2.31339e-09 0 1.68006e-27 0 0
2.46886e-09 0 8.77114e-28 0 0
2.63479e-09 0 5.64088e-28 0 0
2.81187e-09 0 2.11893e-27 0 0
3.00085e-09 0 5.69366e-27 0 0
3.20253e-09 0 1.18249e-26 0 0
3.41776e-09 0 2.22553e-26 0 0
3.64746e-09 0 3.83847e-26 0 0
3.8926e-09 0 6.40079e-26 0 0
4.15422e-09 0 9.48444e-26 0 0
4.43341e-09 0 1.69261e-25 0 0
4.73137e-09 0 3.25766e-25 0 0
5.04936e-09 0 4.86186e-25 0 0
5.38871e-09 0 6.5139e-25 0 0
5.75087e-09 0 1.00499e-24 0 0
6.13738e-09 0 1.66989e-24 0 0
6.54986e-09 0 2.83418e-24 0 0
6.99006e-09 0 4.63301e-24 0 0
7.45984e-09 0 6.9018e-24 0 0
7.9612e-09 0 1.07381e-23 0 0
8.49626e-09 0 1.75482e-23 0 0
9.06727e-09 0 2.7088e-23 0 0
9.67666e-09 0 4.01133e-23 0 0
1.0327e-08 0 5.99222e-23 0 0
1.10211e-08 0 9.09802e-23 0 0
1.17618e-08 0 1.35195e-22 0 0
1.25522e-08 0 1.95467e-22 0 0
1.33959e-08 0 2.79775e-22 0 0
1.42962e-08 0 4.0487e-22 0 0
1.5257e-08 0 5.91239e-22 0 0
1.62824e-08 0 8.46263e-22 0 0
1.73767e-08 0 1.18264e-21 0 0
1.85445e-08 0 1.63388e-21 0 0
1.97908e-08 0 2.23959e-21 0 0
2.11209e-08 0 3.07595e-21 0 0
2.25404e-08 0 4.21243e-21 0 0
2.40553e-08 0 5.71837e-21 0 0
2.5672e-08 0 7.60184e-21 0 0
2.73974e-08 0 9.95518e-21 0 0
2.92387e-08 0 1.30724e-20 0 0
3.12038e-08 0 1.7098e-20 0 0
3.33009e-08 0 2.19059e-20 0 0
3.5539e-08 0 2.77886e-20 0 0
3.79275e-08 0 3.52336e-20 0 0
4.04765e-08 0 4.39776e-20 0 0
4.31968e-08 0 5.39917e-20 0 0
4.61e-08 0 6.60416e-20 0 0
4.91982e-08 0 8.09431e-20 0 0
5.25048e-08 0 9.90667e-20 0 0
5.60335e-08 0 1.20278e-19 0 0
5.97994e-08 0 1.4339e-19 0 0
6.38183e-08 0 1.69045e-19 0 0
6.81074e-08 0 1.98478e-19 0 0
7.26848e-08 0 2.29604e-19 0 0
7.75697e-08 0 2.62638e-19 0 0
8.2783e-08 0 3.0068e-19 0 0
8.83467e-08 0 3.41313e-19 0 0
9.42843e-08 0 3.78826e-19 0 0
1.00621e-07 0 4.17999e-19 0 0
1.07383e-07 0 4.5948e-19 0 0
1.146e-07 0 4.99627e-19 0 0
1.22302e-07 0 5.46741e-19 0 0
1.30522e-07 0 5.89257e-19 0 0
1.39294e-07 0 6.17641e-19 0 0
1.48656e-07 0 6.49983e-19 0 0
1.58647e-07 0 6.89347e-19 0 0
1.69309e-07 0 7.22244e-19 0 0
1.80688e-07 0 7.38374e-19 0 0
1.92831e-07 0 7.40971e-19 0 0
2.05791e-07 0 7.34587e-19 0 0
2.19622e-07 0 7.46086e-19 0 0
2.34382e-07 0 7.65184e-19 0 0
2.50135e-07 0 7.58024e-19 0 0
2.66946e-07 0 7.42189e-19 0 0
2.84886e-07 0 7.18878e-19 0 0
3.04033e-07 0 6.78665e-19 0 0
3.24466e-07 0 6.47784e-19 0 0
3.46273e-07 0 6.21531e-19 0 0
3.69545e-07 0 5.78058e-19 0 0
3.94381e-07 0 5.25384e-19 0 0
4.20887e-07 0 4.47784e-19 0 0
4.49174e-07 0 3.73992e-19 0 0
4.79362e-07 0 3.08354e-19 0 0
5.11579e-07 0 2.87208e-19 0 0
5.45961e-07 0 2.84799e-19 0 0
5.82653e-07 0 2.86873e-19 0 0
6.21812e-07 0 2.48409e-19 0 0
6.63603e-07 0 1.69913e-19 0 0
7.08202e-07 0 1.2388e-19 0 0
7.55799e-07 0 1.08203e-19 0 0
8.06594e-07 0 1.18583e-19 0 0
8.60803e-07 0 1.27037e-19 0 0
9.18656e-07 0 9.30341e-20 0 0
9.80397e-07 0 3.39042e-20 0 0
1.04629e-06 0 4.77766e-21 0 0
1.11661e-06 0 2.19845e-22 0 0
1.19165e-06 0 3.07152e-24 0 0
