2.22408e-09 0 7.79029e-17 0 0
2.53945e-09 0 1.57178e-17 0 0
2.89953e-09 0 3.98458e-17 0 0
3.31067e-09 0 4.0515e-17 0 0
3.78011e-09 0 4.72187e-17 0 0
4.31612e-09 0 5.5987e-17 0 0
4.92813e-09 0 6.6461e-17 0 0
5.62692e-09 0 7.95353e-17 0 0
6.42479e-09 0 9.76046e-17 0 0
7.3358e-09 0 1.18273e-16 0 0
8.37599e-09 0 1.43725e-16 0 0
9.56367e-09 0 1.71137e-16 0 0
1.09198e-08 0 2.09622e-16 0 0
1.24681e-08 0 2.494e-16 0 0
1.42361e-08 0 3.03467e-16 0 0
1.62547e-08 0 3.6791e-16 0 0
1.85596e-08 0 4.25383e-16 0 0
2.11912e-08 0 4.90247e-16 0 0
2.41961e-08 0 5.49873e-16 0 0
2.7627e-08 0 5.9869e-16 0 0
3.15444e-08 0 6.00437e-16 0 0
3.60172e-08 0 5.66503e-16 0 0
4.11243e-08 0 4.57077e-16 0 0
4.69556e-08 0 3.07737e-16 0 0
5.36137e-08 0 1.695e-16 0 0
6.12159e-08 0 6.00139e-17 0 0
6.98961e-08 0 9.05703e-18 0 0
7.98071e-08 0 3.08e-18 0 0
9.11235e-08 0 2.75454e-19 0 0
1.04044e-07 0 2.30152e-22 0 0
1.18798e-07 1.66411e-309 1.18417e-27 1.66411e-309 0
1.35643e-07 1.96426e-274 3.72576e-35 1.96426e-274 0
1.54876e-07 1.41764e-241 7.1675e-45 1.41764e-241 0
1.76837e-07 6.25585e-211 8.43084e-57 6.25585e-211 0
2.01912e-07 1.68794e-182 6.06353e-71 1.68794e-182 0
2.30542e-07 2.7847e-156 2.66643e-87 2.7847e-156 0
2.63232e-07 2.809e-132 7.16948e-106 2.809e-132 0
3.00557e-07 1.73251e-110 1.17868e-126 1.73251e-110 0
3.43175e-07 6.53357e-91 1.18483e-149 6.53357e-91 0
3.91836e-07 1.50653e-73 7.28225e-175 1.50653e-73 0
4.47397e-07 2.124e-58 2.7367e-202 2.124e-58 0
5.10836e-07 1.83098e-45 6.28839e-232 1.83098e-45 0
5.83271e-07 9.65078e-35 8.83494e-264 9.65078e-35 0
6.65976e-07 3.11023e-26 7.5896e-298 3.11023e-26 0
7.60409e-07 6.12885e-20 0 6.12885e-20 0
8.68232e-07 7.3909e-16 0 7.3909e-16 0
9.91344e-07 6.00112e-14 0 6.00112e-14 0
1.13191e-06 3.65639e-13 0 3.65639e-13 0
1.29241e-06 9.77348e-13 0 9.77348e-13 0
1.47567e-06 1.83397e-12 0 1.83397e-12 0
1.68492e-06 1.30172e-12 0 1.30172e-12 0
1.92383e-06 4.31085e-12 0 4.31085e-12 0
2.19662e-06 7.69117e-12 0 7.69117e-12 0
2.5081e-06 3.37832e-11 0 3.37832e-11 0
2.86373e-06 7.13781e-11 0 7.13781e-11 0
3.2698e-06 1.18192e-10 0 1.18192e-10 0
3.73345e-06 2.04205e-10 0 2.04205e-10 0
4.26283e-06 5.85947e-10 0 5.85947e-10 0
4.86729e-06 1.56749e-09 0 1.56749e-09 0
5.55745e-06 3.41791e-09 0 3.41791e-09 0
6.34548e-06 7.65117e-09 0 7.65117e-09 0
7.24524e-06 1.54503e-08 0 1.54503e-08 0
8.27259e-06 3.42155e-08 0 3.42155e-08 0
9.44561e-06 6.90555e-08 0 6.90555e-08 0
1.0785e-05 1.52795e-07 0 1.52795e-07 0
1.23142e-05 3.14889e-07 0 3.14889e-07 0
1.40603e-05 6.75149e-07 0 6.75149e-07 0
1.6054e-05 1.36611e-06 0 1.36611e-06 0
1.83304e-05 2.58654e-06 0 2.58654e-06 0
2.09296e-05 4.7375e-06 0 4.7375e-06 0
2.38974e-05 8.17711e-06 0 8.17711e-06 0
2.72859e-05 1.29953e-05 0 1.29953e-05 0
3.11549e-05 1.88922e-05 0 1.88922e-05 0
3.55726e-05 2.535e-05 0 2.535e-05 0
4.06166e-05 3.23748e-05 0 3.23748e-05 0
4.63759e-05 4.13196e-05 0 4.13196e-05 0
5.29519e-05 5.2202e-05 0 5.2202e-05 0
6.04602e-05 6.43859e-05 0 6.43859e-05 0
6.90332e-05 7.69934e-05 0 7.69934e-05 0
7.88219e-05 9.6104e-05 0 9.6104e-05 0
8.99985e-05 0.000116846 0 0.000116846 0
0.00010276 0.000145187 0 0.000145187 0
0.000117331 0.000174678 0 0.000174678 0
0.000133968 0.000210746 0 0.000210746 0
0.000152964 0.000258075 0 0.000258075 0
0.000174654 0.000305145 0 0.000305145 0
0.000199419 0.000376329 0 0.000376329 0
0.000227696 0.000454545 0 0.000454545 0
0.000259982 0.000520895 0 0.000520895 0
0.000296847 0.00060179 0 0.00060179 0
0.000338939 0.00067084 0 0.00067084 0
0.000386999 0.000729193 0 0.000729193 0
0.000441874 0.000722239 0 0.000722239 0
0.00050453 0.000674618 0 0.000674618 0
0.00057607 0.000536634 0 0.000536634 0
0.000657754 0.000350737 0 0.000350737 0
0.000751021 0.000185982 0 0.000185982 0
0.000857513 5.98774e-05 0 5.98774e-05 0
0.000979105 9.65841e-06 0 9.65841e-06 0
0.00111794 3.29152e-06 0 3.29152e-06 0
