2.22408e-09 0 5.69784e-15 0 0
2.46894e-09 0 1.17225e-15 0 0
2.74076e-09 0 1.02081e-17 0 0
3.04251e-09 0 3.76263e-21 0 0
3.37748e-09 0 5.87024e-26 0 0
3.74932e-09 0 3.87648e-32 0 0
4.16211e-09 0 1.08352e-39 0 0
4.62034e-09 0 1.2819e-48 0 0
5.12902e-09 0 6.41936e-59 0 0
5.6937e-09 0 1.36065e-70 0 0
6.32055e-09 0 1.22073e-83 0 0
7.01642e-09 0 4.63565e-98 0 0
7.7889e-09 0 7.45108e-114 0 0
8.64643e-09 0 5.06928e-131 0 0
9.59836e-09 0 1.4598e-149 0 0
1.06551e-08 0 1.77933e-169 0 0
1.18282e-08 0 9.17989e-191 0 0
1.31304e-08 0 2.00464e-213 0 0
1.4576e-08 0 1.85292e-237 0 0
1.61808e-08 0 7.24923e-263 0 0
1.79622e-08 0 1.20046e-289 0 0
1.99398e-08 0 8.41856e-318 0 0
2.21351e-08 0 0 0 0
2.4572e-08 0 0 0 0
2.72773e-08 0 0 0 0
3.02804e-08 0 0 0 0
3.36142e-08 0 0 0 0
3.7315e-08 0 0 0 0
4.14232e-08 0 0 0 0
4.59837e-08 0 0 0 0
5.10463e-08 0 0 0 0
5.66663e-08 0 0 0 0
6.2905e-08 0 0 0 0
6.98306e-08 0 0 0 0
7.75187e-08 0 0 0 0
8.60532e-08 3.26149e-310 0 3.26149e-310 0
9.55273e-08 2.55362e-282 0 2.55362e-282 0
1.06044e-07 8.46283e-256 0 8.46283e-256 0
1.17719e-07 1.18712e-230 0 1.18712e-230 0
1.3068e-07 7.04845e-207 0 7.04845e-207 0
1.45067e-07 1.7714e-184 0 1.7714e-184 0
1.61038e-07 1.88437e-163 0 1.88437e-163 0
1.78768e-07 8.48498e-144 0 8.48498e-144 0
1.9845e-07 1.61728e-125 0 1.61728e-125 0
2.20298e-07 1.30496e-108 0 1.30496e-108 0
2.44552e-07 4.45799e-93 0 4.45799e-93 0
2.71476e-07 6.44918e-79 0 6.44918e-79 0
3.01365e-07 3.95249e-66 0 3.95249e-66 0
3.34544e-07 1.02699e-54 0 1.02699e-54 0
3.71376e-07 1.13292e-44 0 1.13292e-44 0
4.12263e-07 5.3195e-36 0 5.3195e-36 0
4.57651e-07 1.06797e-28 0 1.06797e-28 0
5.08036e-07 9.24033e-23 0 9.24033e-23 0
5.63969e-07 3.49034e-18 0 3.49034e-18 0
6.2606e-07 5.87482e-15 0 5.87482e-15 0
6.94986e-07 4.60704e-13 0 4.60704e-13 0
7.71501e-07 2.09962e-12 0 2.09962e-12 0
8.5644e-07 1.12581e-12 0 1.12581e-12 0
9.50731e-07 7.99372e-13 0 7.99372e-13 0
1.0554e-06 5.95929e-12 0 5.95929e-12 0
1.1716e-06 1.53737e-11 0 1.53737e-11 0
1.30059e-06 2.39208e-11 0 2.39208e-11 0
1.44377e-06 6.12085e-11 0 6.12085e-11 0
1.60273e-06 7.54326e-11 0 7.54326e-11 0
1.77918e-06 7.7791e-11 0 7.7791e-11 0
1.97506e-06 1.87584e-10 0 1.87584e-10 0
2.19251e-06 2.84693e-10 0 2.84693e-10 0
2.43389e-06 8.11301e-10 0 8.11301e-10 0
2.70186e-06 1.92445e-09 0 1.92445e-09 0
2.99932e-06 3.3241e-09 0 3.3241e-09 0
3.32953e-06 4.76883e-09 0 4.76883e-09 0
3.6961e-06 8.90486e-09 0 8.90486e-09 0
4.10302e-06 1.98877e-08 0 1.98877e-08 0
4.55475e-06 3.38447e-08 0 3.38447e-08 0
5.05621e-06 6.47107e-08 0 6.47107e-08 0
5.61288e-06 1.27834e-07 0 1.27834e-07 0
6.23083e-06 2.38936e-07 0 2.38936e-07 0
6.91682e-06 4.31376e-07 0 4.31376e-07 0
7.67833e-06 8.20339e-07 0 8.20339e-07 0
8.52368e-06 1.49612e-06 0 1.49612e-06 0
9.46211e-06 2.70832e-06 0 2.70832e-06 0
1.05038e-05 4.97187e-06 0 4.97187e-06 0
1.16603e-05 9.33299e-06 0 9.33299e-06 0
1.2944e-05 1.6876e-05 0 1.6876e-05 0
1.43691e-05 3.1033e-05 0 3.1033e-05 0
1.59511e-05 5.62742e-05 0 5.62742e-05 0
1.77072e-05 9.85832e-05 0 9.85832e-05 0
1.96567e-05 0.000170567 0 0.000170567 0
2.18208e-05 0.000286848 0 0.000286848 0
2.42232e-05 0.00046222 0 0.00046222 0
2.68901e-05 0.000713818 0 0.000713818 0
2.98506e-05 0.00102954 0 0.00102954 0
3.3137e-05 0.00136169 0 0.00136169 0
3.67853e-05 0.00157157 0 0.00157157 0
4.08352e-05 0.00151229 0 0.00151229 0
4.53309e-05 0.00117787 0 0.00117787 0
5.03217e-05 0.000696267 0 0.000696267 0
5.58619e-05 0.000294725 0 0.000294725 0
6.20121e-05 7.09417e-05 0 7.09417e-05 0
6.88393e-05 9.3962e-06 0 9.3962e-06 0
