2.22408e-09 0 5.0843e-16 0 0
2.50616e-09 0 1.058e-16 0 0
2.82402e-09 0 2.67884e-16 0 0
3.18219e-09 0 2.41828e-16 0 0
3.58578e-09 0 2.78888e-16 0 0
4.04057e-09 0 3.21336e-16 0 0
4.55304e-09 0 3.69022e-16 0 0
5.1305e-09 0 4.27106e-16 0 0
5.7812e-09 0 4.81979e-16 0 0
6.51443e-09 0 5.1647e-16 0 0
7.34065e-09 0 5.70533e-16 0 0
8.27167e-09 0 6.03676e-16 0 0
9.32077e-09 0 6.13875e-16 0 0
1.05029e-08 0 5.75658e-16 0 0
1.1835e-08 0 4.76991e-16 0 0
1.3336e-08 0 3.26799e-16 0 0
1.50274e-08 0 1.86742e-16 0 0
1.69334e-08 0 8.41386e-17 0 0
1.9081e-08 0 2.04481e-17 0 0
2.15011e-08 0 2.5008e-18 0 0
2.42281e-08 0 1.02869e-19 0 0
2.73009e-08 0 1.39851e-22 0 0
3.07635e-08 0 3.26781e-27 0 0
3.46652e-08 0 1.2551e-33 0 0
3.90618e-08 0 7.87017e-42 0 0
4.40161e-08 0 8.02764e-52 0 0
4.95986e-08 0 1.32854e-63 0 0
5.58892e-08 0 3.56064e-77 0 0
6.29776e-08 0 1.54321e-92 0 0
7.09651e-08 0 1.08038e-109 0 0
7.99656e-08 0 1.22058e-128 0 0
9.01076e-08 0 2.22352e-149 0 0
1.01536e-07 0 6.52664e-172 0 0
1.14414e-07 5.17514e-319 3.08481e-196 5.17514e-319 0
1.28925e-07 9.13295e-287 2.34641e-222 9.13295e-287 0
1.45276e-07 2.5838e-256 2.87072e-250 2.5838e-256 0
1.63702e-07 1.17183e-227 5.64662e-280 1.17183e-227 0
1.84464e-07 8.51971e-201 1.78491e-311 8.51971e-201 0
2.0786e-07 9.92986e-176 0 9.92986e-176 0
2.34223e-07 1.85532e-152 0 1.85532e-152 0
2.63929e-07 5.55714e-131 0 5.55714e-131 0
2.97403e-07 2.66834e-111 0 2.66834e-111 0
3.35123e-07 2.05394e-93 0 2.05394e-93 0
3.77627e-07 2.53449e-77 0 2.53449e-77 0
4.25521e-07 5.01361e-63 0 5.01361e-63 0
4.7949e-07 1.58989e-50 0 1.58989e-50 0
5.40304e-07 8.08245e-40 0 8.08245e-40 0
6.0883e-07 6.5868e-31 0 6.5868e-31 0
6.86048e-07 8.60532e-24 0 8.60532e-24 0
7.7306e-07 1.80259e-18 0 1.80259e-18 0
8.71107e-07 6.0787e-15 0 6.0787e-15 0
9.8159e-07 3.67612e-13 0 3.67612e-13 0
1.10608e-06 1.81159e-12 0 1.81159e-12 0
1.24637e-06 4.28877e-12 0 4.28877e-12 0
1.40445e-06 1.22465e-11 0 1.22465e-11 0
1.58257e-06 1.45663e-11 0 1.45663e-11 0
1.78329e-06 1.05822e-11 0 1.05822e-11 0
2.00947e-06 3.04509e-11 0 3.04509e-11 0
2.26433e-06 6.71459e-11 0 6.71459e-11 0
2.55151e-06 2.38916e-10 0 2.38916e-10 0
2.87512e-06 4.1582e-10 0 4.1582e-10 0
3.23977e-06 6.49233e-10 0 6.49233e-10 0
3.65067e-06 1.10807e-09 0 1.10807e-09 0
4.11369e-06 2.86115e-09 0 2.86115e-09 0
4.63542e-06 6.07052e-09 0 6.07052e-09 0
5.22334e-06 1.40137e-08 0 1.40137e-08 0
5.88581e-06 2.70846e-08 0 2.70846e-08 0
6.63231e-06 5.76471e-08 0 5.76471e-08 0
7.47349e-06 1.11117e-07 0 1.11117e-07 0
8.42135e-06 2.33093e-07 0 2.33093e-07 0
9.48943e-06 4.34296e-07 0 4.34296e-07 0
1.0693e-05 8.67985e-07 0 8.67985e-07 0
1.20492e-05 1.71862e-06 0 1.71862e-06 0
1.35774e-05 3.42772e-06 0 3.42772e-06 0
1.52994e-05 6.56548e-06 0 6.56548e-06 0
1.72398e-05 1.2188e-05 0 1.2188e-05 0
1.94263e-05 2.14435e-05 0 2.14435e-05 0
2.18902e-05 3.64355e-05 0 3.64355e-05 0
2.46665e-05 5.86989e-05 0 5.86989e-05 0
2.77949e-05 8.98094e-05 0 8.98094e-05 0
3.13202e-05 0.000124355 0 0.000124355 0
3.52925e-05 0.000165477 0 0.000165477 0
3.97687e-05 0.000207209 0 0.000207209 0
4.48125e-05 0.000254422 0 0.000254422 0
5.04961e-05 0.000313705 0 0.000313705 0
5.69005e-05 0.000377946 0 0.000377946 0
6.41172e-05 0.000441029 0 0.000441029 0
7.22492e-05 0.000523944 0 0.000523944 0
8.14126e-05 0.00060055 0 0.00060055 0
9.17382e-05 0.000658533 0 0.000658533 0
0.000103373 0.000725588 0 0.000725588 0
0.000116484 0.000774276 0 0.000774276 0
0.000131258 0.000789592 0 0.000789592 0
0.000147905 0.000746188 0 0.000746188 0
0.000166664 0.000622689 0 0.000622689 0
0.000187802 0.000433183 0 0.000433183 0
0.000211621 0.000246182 0 0.000246182 0
0.000238461 0.000112208 0 0.000112208 0
0.000268705 2.7786e-05 0 2.7786e-05 0
0.000302785 3.39595e-06 0 3.39595e-06 0
