2.22408e-09 0 1.26915e-17 0 0
2.56586e-09 0 2.71758e-18 0 0
2.96016e-09 0 5.99605e-18 0 0
3.41505e-09 0 6.7295e-18 0 0
3.93985e-09 0 8.14461e-18 0 0
4.54529e-09 0 9.84788e-18 0 0
5.24378e-09 0 1.19598e-17 0 0
6.0496e-09 0 1.46934e-17 0 0
6.97925e-09 0 1.77546e-17 0 0
8.05177e-09 0 2.23851e-17 0 0
9.2891e-09 0 2.77539e-17 0 0
1.07166e-08 0 3.47263e-17 0 0
1.23634e-08 0 4.15646e-17 0 0
1.42633e-08 0 5.02332e-17 0 0
1.64552e-08 0 6.49876e-17 0 0
1.89839e-08 0 8.06686e-17 0 0
2.19012e-08 0 9.97785e-17 0 0
2.52668e-08 0 1.22536e-16 0 0
2.91495e-08 0 1.5429e-16 0 0
3.3629e-08 0 1.89773e-16 0 0
3.87968e-08 0 2.25035e-16 0 0
4.47588e-08 0 2.81106e-16 0 0
5.1637e-08 0 3.36824e-16 0 0
5.95721e-08 0 3.89952e-16 0 0
6.87267e-08 0 4.54783e-16 0 0
7.92881e-08 0 5.35592e-16 0 0
9.14724e-08 0 5.97399e-16 0 0
1.05529e-07 0 6.2242e-16 0 0
1.21746e-07 1.53587e-303 5.50029e-16 1.53587e-303 0
1.40455e-07 2.88923e-266 4.44431e-16 2.88923e-266 0
1.62039e-07 1.45416e-231 2.92005e-16 1.45416e-231 0
1.8694e-07 1.95816e-199 1.19531e-16 1.95816e-199 0
2.15667e-07 7.0548e-170 3.38887e-17 7.0548e-170 0
2.48809e-07 6.80025e-143 1.98521e-18 6.80025e-143 0
2.87044e-07 1.75375e-118 1.16945e-21 1.75375e-118 0
3.31155e-07 1.21008e-96 2.73926e-27 1.21008e-96 0
3.82044e-07 2.2339e-77 1.98151e-35 2.2339e-77 0
4.40753e-07 1.10336e-60 4.01533e-46 1.10336e-60 0
5.08484e-07 1.45805e-46 2.20847e-59 1.45805e-46 0
5.86624e-07 5.15504e-35 3.26485e-75 5.15504e-35 0
6.76772e-07 4.87634e-26 1.29329e-93 4.87634e-26 0
7.80772e-07 1.23416e-19 1.37137e-114 1.23416e-19 0
9.00755e-07 8.39253e-16 3.89129e-138 8.39253e-16 0
1.03918e-06 2.60571e-14 2.95435e-164 2.60571e-14 0
1.19887e-06 1.31048e-13 6.00127e-193 1.31048e-13 0
1.3831e-06 2.6661e-13 3.2616e-224 2.6661e-13 0
1.59564e-06 3.03246e-13 4.74266e-258 3.03246e-13 0
1.84085e-06 4.05223e-13 1.84509e-294 4.05223e-13 0
2.12374e-06 8.4257e-13 0 8.4257e-13 0
2.45009e-06 4.53048e-12 0 4.53048e-12 0
2.8266e-06 1.07828e-11 0 1.07828e-11 0
3.26097e-06 1.85798e-11 0 1.85798e-11 0
3.76209e-06 3.28805e-11 0 3.28805e-11 0
4.34022e-06 1.11702e-10 0 1.11702e-10 0
5.00719e-06 3.28705e-10 0 3.28705e-10 0
5.77666e-06 6.87865e-10 0 6.87865e-10 0
6.66437e-06 1.62725e-09 0 1.62725e-09 0
7.68849e-06 3.49212e-09 0 3.49212e-09 0
8.87e-06 8.43473e-09 0 8.43473e-09 0
1.02331e-05 1.81393e-08 0 1.81393e-08 0
1.18056e-05 4.14512e-08 0 4.14512e-08 0
1.36198e-05 9.33365e-08 0 9.33365e-08 0
1.57128e-05 1.97928e-07 0 1.97928e-07 0
1.81274e-05 4.06047e-07 0 4.06047e-07 0
2.0913e-05 7.79533e-07 0 7.79533e-07 0
2.41268e-05 1.38321e-06 0 1.38321e-06 0
2.78344e-05 2.23873e-06 0 2.23873e-06 0
3.21118e-05 3.27749e-06 0 3.27749e-06 0
3.70464e-05 4.4409e-06 0 4.4409e-06 0
4.27394e-05 5.77335e-06 0 5.77335e-06 0
4.93073e-05 7.4466e-06 0 7.4466e-06 0
5.68844e-05 9.58719e-06 0 9.58719e-06 0
6.56259e-05 1.17351e-05 0 1.17351e-05 0
7.57108e-05 1.46911e-05 0 1.46911e-05 0
8.73454e-05 1.82663e-05 0 1.82663e-05 0
0.000100768 2.26452e-05 0 2.26452e-05 0
0.000116253 2.87086e-05 0 2.87086e-05 0
0.000134118 3.55626e-05 0 3.55626e-05 0
0.000154728 4.4022e-05 0 4.4022e-05 0
0.000178505 5.20535e-05 0 5.20535e-05 0
0.000205937 6.58076e-05 0 6.58076e-05 0
0.000237583 8.40891e-05 0 8.40891e-05 0
0.000274093 0.000103712 0 0.000103712 0
0.000316214 0.000129309 0 0.000129309 0
0.000364807 0.000157274 0 0.000157274 0
0.000420867 0.000200216 0 0.000200216 0
0.000485543 0.000239675 0 0.000239675 0
0.000560157 0.000292061 0 0.000292061 0
0.000646237 0.000359759 0 0.000359759 0
0.000745546 0.000420421 0 0.000420421 0
0.000860115 0.000501117 0 0.000501117 0
0.000992291 0.000569552 0 0.000569552 0
0.00114478 0.000675031 0 0.000675031 0
0.0013207 0.000725201 0 0.000725201 0
0.00152365 0.000734163 0 0.000734163 0
0.00175779 0.000614356 0 0.000614356 0
0.00202792 0.00047522 0 0.00047522 0
0.00233955 0.000274418 0 0.000274418 0
0.00269908 9.74224e-05 0 9.74224e-05 0
0.00311385 2.17158e-05 0 2.17158e-05 0
