2.22408e-09 0 3.27255e-15 0
2.46578e-09 0 1.96742e-15 0
2.73373e-09 0 4.27494e-16 0
3.03081e-09 0 3.35726e-17 0
3.36018e-09 0 9.52933e-19 0
3.72533e-09 0 9.776e-21 0
4.13017e-09 0 3.62479e-23 0
4.579e-09 0 4.85764e-26 0
5.07661e-09 0 2.35283e-29 0
5.62829e-09 0 4.11887e-33 0
6.23993e-09 0 2.60607e-37 0
6.91803e-09 0 5.95961e-42 0
7.66982e-09 0 4.92573e-47 0
8.50332e-09 0 1.47145e-52 0
9.42738e-09 0 1.5887e-58 0
1.04519e-08 0 6.19958e-65 0
1.15877e-08 0 8.74386e-72 0
1.28469e-08 0 4.45725e-79 0
1.4243e-08 0 8.21205e-87 0
1.57909e-08 0 5.46838e-95 0
1.75069e-08 0 1.3161e-103 0
1.94094e-08 0 1.14483e-112 0
2.15186e-08 0 3.59925e-122 0
2.38571e-08 0 4.08985e-132 0
2.64497e-08 0 1.67967e-142 0
2.9324e-08 0 2.49324e-153 0
3.25107e-08 0 1.3376e-164 0
3.60437e-08 0 2.59363e-176 0
3.99606e-08 0 1.81766e-188 0
4.43032e-08 0 4.60406e-201 0
4.91177e-08 0 4.21493e-214 0
5.44554e-08 3.43361e-312 1.39464e-227 3.43361e-312
6.03731e-08 4.46501e-296 1.66784e-241 4.46501e-296
6.69339e-08 2.09853e-280 7.20892e-256 2.09853e-280
7.42078e-08 3.56477e-265 1.12618e-270 3.56477e-265
8.2272e-08 2.18863e-250 6.35868e-286 2.18863e-250
9.12127e-08 4.85663e-236 1.29762e-301 4.85663e-236
1.01125e-07 3.89514e-222 9.55183e-318 3.89514e-222
1.12114e-07 1.12911e-208 0 1.12911e-208
1.24298e-07 1.18298e-195 0 1.18298e-195
1.37806e-07 4.47966e-183 0 4.47966e-183
1.52781e-07 6.13117e-171 0 6.13117e-171
1.69384e-07 3.03302e-159 0 3.03302e-159
1.87791e-07 5.42306e-148 0 5.42306e-148
2.08199e-07 3.50475e-137 0 3.50475e-137
2.30824e-07 8.18689e-127 0 8.18689e-127
2.55908e-07 6.91261e-117 0 6.91261e-117
2.83718e-07 2.10979e-107 0 2.10979e-107
3.1455e-07 2.32771e-98 0 2.32771e-98
3.48733e-07 9.28401e-90 0 9.28401e-90
3.8663e-07 1.33874e-81 0 1.33874e-81
4.28646e-07 6.97994e-74 0 6.97994e-74
4.75228e-07 1.31604e-66 0 1.31604e-66
5.26871e-07 8.97488e-60 0 8.97488e-60
5.84127e-07 2.21434e-53 0 2.21434e-53
6.47605e-07 1.97727e-47 0 1.97727e-47
7.17982e-07 6.39286e-42 0 6.39286e-42
7.96006e-07 7.48851e-37 0 7.48851e-37
8.82509e-07 3.18066e-32 0 3.18066e-32
9.78412e-07 4.90356e-28 0 4.90356e-28
1.08474e-06 2.74765e-24 0 2.74765e-24
1.20262e-06 5.60541e-21 0 5.60541e-21
1.33331e-06 4.1724e-18 0 4.1724e-18
1.4782e-06 1.1364e-15 0 1.1364e-15
1.63884e-06 1.13731e-13 0 1.13731e-13
1.81694e-06 4.21691e-12 0 4.21691e-12
2.01438e-06 5.92372e-11 0 5.92372e-11
2.23329e-06 3.40366e-10 0 3.40366e-10
2.47599e-06 1.02366e-09 0 1.02366e-09
2.74505e-06 2.41373e-09 0 2.41373e-09
3.04336e-06 4.82237e-09 0 4.82237e-09
3.37409e-06 8.085e-09 0 8.085e-09
3.74076e-06 1.30452e-08 0 1.30452e-08
4.14727e-06 1.87078e-08 0 1.87078e-08
4.59796e-06 2.87233e-08 0 2.87233e-08
5.09763e-06 6.41593e-08 0 6.41593e-08
5.6516e-06 1.46897e-07 0 1.46897e-07
6.26577e-06 2.98232e-07 0 2.98232e-07
6.94668e-06 5.4949e-07 0 5.4949e-07
7.70158e-06 9.35261e-07 0 9.35261e-07
8.53853e-06 1.60819e-06 0 1.60819e-06
9.46642e-06 2.98858e-06 0 2.98858e-06
1.04952e-05 5.48555e-06 0 5.48555e-06
1.16357e-05 1.0057e-05 0 1.0057e-05
1.29001e-05 1.87502e-05 0 1.87502e-05
1.4302e-05 3.37981e-05 0 3.37981e-05
1.58562e-05 5.92704e-05 0 5.92704e-05
1.75794e-05 0.000103235 0 0.000103235
1.94897e-05 0.000175644 0 0.000175644
2.16077e-05 0.00028853 0 0.00028853
2.39559e-05 0.000460113 0 0.000460113
2.65592e-05 0.000704941 0 0.000704941
2.94454e-05 0.00100549 0 0.00100549
3.26453e-05 0.00129992 0 0.00129992
3.61929e-05 0.00148843 0 0.00148843
4.01261e-05 0.00148618 0 0.00148618
4.44866e-05 0.00122819 0 0.00122819
4.93211e-05 0.000785409 0 0.000785409
5.46809e-05 0.000374346 0 0.000374346
6.06231e-05 0.000126641 0 0.000126641
