2.22408e-09 0 2.62551e-15 0
2.47148e-09 0 1.73326e-15 0
2.74639e-09 0 7.90385e-16 0
3.05189e-09 0 4.98368e-16 0
3.39137e-09 0 2.79002e-16 0
3.76861e-09 0 1.17943e-16 0
4.18781e-09 0 3.85935e-17 0
4.65364e-09 0 1.14717e-17 0
5.17129e-09 0 3.03714e-18 0
5.74652e-09 0 4.89916e-19 0
6.38574e-09 0 3.48005e-20 0
7.09606e-09 0 9.48368e-22 0
7.8854e-09 0 9.42873e-24 0
8.76253e-09 0 3.34935e-26 0
9.73723e-09 0 4.20545e-29 0
1.08204e-08 0 1.85383e-32 0
1.2024e-08 0 2.85552e-36 0
1.33615e-08 0 1.5317e-40 0
1.48477e-08 0 2.85399e-45 0
1.64993e-08 0 1.84385e-50 0
1.83346e-08 0 4.12498e-56 0
2.03741e-08 0 3.19249e-62 0
2.26404e-08 0 8.54191e-69 0
2.51588e-08 0 7.89749e-76 0
2.79574e-08 0 2.52222e-83 0
3.10672e-08 0 2.78186e-91 0
3.4523e-08 0 1.05942e-99 0
3.83632e-08 0 1.39294e-108 0
4.26305e-08 0 6.32253e-118 0
4.73725e-08 0 9.90644e-128 0
5.26421e-08 1.41089e-317 5.3579e-138 1.41089e-317
5.84977e-08 5.85668e-301 1.00025e-148 5.85668e-301
6.50047e-08 8.39108e-285 6.44547e-160 8.39108e-285
7.22356e-08 4.14948e-269 1.43358e-171 4.14948e-269
8.02707e-08 7.08236e-254 1.10054e-183 7.08236e-254
8.91997e-08 4.17227e-239 2.91613e-196 4.17227e-239
9.91218e-08 8.48355e-225 2.66698e-209 8.48355e-225
1.10148e-07 5.9538e-211 8.4187e-223 5.9538e-211
1.224e-07 1.44219e-197 9.17235e-237 1.44219e-197
1.36015e-07 1.20577e-184 3.44926e-251 1.20577e-184
1.51145e-07 3.47957e-172 4.47693e-266 3.47957e-172
1.67958e-07 3.4658e-160 2.0056e-281 3.4658e-160
1.8664e-07 1.19153e-148 3.1011e-297 1.19153e-148
2.07401e-07 1.41396e-137 1.65499e-313 1.41396e-137
2.30472e-07 5.79172e-127 0 5.79172e-127
2.56108e-07 8.18888e-117 0 8.18888e-117
2.84597e-07 3.99673e-107 0 3.99673e-107
3.16254e-07 6.7339e-98 0 6.7339e-98
3.51433e-07 3.91687e-89 0 3.91687e-89
3.90524e-07 7.86607e-81 0 7.86607e-81
4.33965e-07 5.45474e-73 0 5.45474e-73
4.82237e-07 1.30634e-65 0 1.30634e-65
5.35879e-07 1.08068e-58 0 1.08068e-58
5.95487e-07 3.08903e-52 0 3.08903e-52
6.61727e-07 3.05211e-46 0 3.05211e-46
7.35334e-07 1.04294e-40 0 1.04294e-40
8.17129e-07 1.23339e-35 0 1.23339e-35
9.08023e-07 5.05265e-31 0 5.05265e-31
1.00903e-06 7.17855e-27 0 7.17855e-27
1.12127e-06 3.54257e-23 0 3.54257e-23
1.24599e-06 6.08436e-20 0 6.08436e-20
1.38459e-06 3.646e-17 0 3.646e-17
1.53861e-06 7.64916e-15 0 7.64916e-15
1.70975e-06 5.64987e-13 0 5.64987e-13
1.89994e-06 1.48801e-11 0 1.48801e-11
2.11128e-06 1.45426e-10 0 1.45426e-10
2.34613e-06 6.08781e-10 0 6.08781e-10
2.6071e-06 1.59361e-09 0 1.59361e-09
2.8971e-06 3.54808e-09 0 3.54808e-09
3.21936e-06 6.2715e-09 0 6.2715e-09
3.57747e-06 9.88282e-09 0 9.88282e-09
3.97541e-06 1.51441e-08 0 1.51441e-08
4.41762e-06 2.21426e-08 0 2.21426e-08
4.90901e-06 4.39211e-08 0 4.39211e-08
5.45507e-06 1.05596e-07 0 1.05596e-07
6.06186e-06 2.32474e-07 0 2.32474e-07
6.73616e-06 4.51538e-07 0 4.51538e-07
7.48546e-06 7.88485e-07 0 7.88485e-07
8.31811e-06 1.32798e-06 0 1.32798e-06
9.24337e-06 2.42607e-06 0 2.42607e-06
1.02716e-05 4.47551e-06 0 4.47551e-06
1.14141e-05 8.23111e-06 0 8.23111e-06
1.26838e-05 1.54115e-05 0 1.54115e-05
1.40947e-05 2.78121e-05 0 2.78121e-05
1.56625e-05 4.85481e-05 0 4.85481e-05
1.74047e-05 8.42782e-05 0 8.42782e-05
1.93407e-05 0.000142635 0 0.000142635
2.14921e-05 0.000232513 0 0.000232513
2.38828e-05 0.000370789 0 0.000370789
2.65394e-05 0.000573491 0 0.000573491
2.94915e-05 0.000830843 0 0.000830843
3.2772e-05 0.00110132 0 0.00110132
3.64174e-05 0.00131129 0 0.00131129
4.04684e-05 0.00138892 0 0.00138892
4.49699e-05 0.00126559 0 0.00126559
4.99721e-05 0.000955803 0 0.000955803
5.55308e-05 0.000594051 0 0.000594051
6.17078e-05 0.000314823 0 0.000314823
6.85719e-05 0.00014304 0 0.00014304
7.61995e-05 4.85379e-05 0 4.85379e-05
