2.22408e-09 0 5.15357e-16 0
2.5048e-09 0 1.076e-16 0
2.82094e-09 0 2.70673e-16 0
3.17699e-09 0 2.46289e-16 0
3.57798e-09 0 2.83863e-16 0
4.02958e-09 0 3.20977e-16 0
4.53818e-09 0 3.66595e-16 0
5.11098e-09 0 4.10365e-16 0
5.75607e-09 0 4.70164e-16 0
6.48258e-09 0 5.26261e-16 0
7.30078e-09 0 5.8603e-16 0
8.22226e-09 0 6.18187e-16 0
9.26005e-09 0 6.20873e-16 0
1.04288e-08 0 5.75218e-16 0
1.17451e-08 0 4.68742e-16 0
1.32275e-08 0 3.36946e-16 0
1.48971e-08 0 1.78332e-16 0
1.67773e-08 0 7.89269e-17 0
1.88949e-08 0 2.54258e-17 0
2.12798e-08 0 3.24072e-18 0
2.39656e-08 0 2.91183e-20 0
2.69905e-08 0 7.4673e-24 0
3.03971e-08 0 4.02532e-29 0
3.42337e-08 0 3.98071e-36 0
3.85546e-08 0 6.83123e-45 0
4.34208e-08 0 1.99162e-55 0
4.89012e-08 0 9.7814e-68 0
5.50734e-08 0 8.06169e-82 0
6.20246e-08 0 1.11279e-97 0
6.98531e-08 0 2.56938e-115 0
7.86697e-08 9.23532e-302 9.91523e-135 9.23532e-302
8.85991e-08 1.14856e-270 6.39078e-156 1.14856e-270
9.97818e-08 2.37765e-241 6.87627e-179 2.37765e-241
1.12376e-07 8.19288e-214 1.23455e-203 8.19288e-214
1.2656e-07 4.69915e-188 3.69711e-230 4.69915e-188
1.42534e-07 4.48638e-164 1.84617e-258 4.48638e-164
1.60524e-07 7.12961e-142 1.53682e-288 7.12961e-142
1.80784e-07 1.88595e-121 2.13239e-320 1.88595e-121
2.03602e-07 8.30402e-103 0 8.30402e-103
2.293e-07 6.08611e-86 0 6.08611e-86
2.58242e-07 7.42482e-71 0 7.42482e-71
2.90836e-07 1.50774e-57 0 1.50774e-57
3.27544e-07 5.09635e-46 0 5.09635e-46
3.68886e-07 2.86739e-36 0 2.86739e-36
4.15445e-07 2.68539e-28 0 2.68539e-28
4.67882e-07 4.18622e-22 0 4.18622e-22
5.26936e-07 1.08625e-17 0 1.08625e-17
5.93444e-07 4.69174e-15 0 4.69174e-15
6.68346e-07 3.37321e-14 0 3.37321e-14
7.52703e-07 8.25326e-15 0 8.25326e-15
8.47706e-07 3.10865e-13 0 3.10865e-13
9.54701e-07 7.32614e-13 0 7.32614e-13
1.0752e-06 1.03108e-12 0 1.03108e-12
1.21091e-06 1.8415e-12 0 1.8415e-12
1.36374e-06 4.09043e-12 0 4.09043e-12
1.53587e-06 1.07212e-11 0 1.07212e-11
1.72972e-06 2.17276e-11 0 2.17276e-11
1.94804e-06 3.25948e-11 0 3.25948e-11
2.19392e-06 9.89226e-11 0 9.89226e-11
2.47083e-06 1.5349e-10 0 1.5349e-10
2.78269e-06 2.18951e-10 0 2.18951e-10
3.13391e-06 6.32989e-10 0 6.32989e-10
3.52946e-06 1.20976e-09 0 1.20976e-09
3.97494e-06 2.2033e-09 0 2.2033e-09
4.47664e-06 4.52323e-09 0 4.52323e-09
5.04166e-06 1.12032e-08 0 1.12032e-08
5.67801e-06 2.12816e-08 0 2.12816e-08
6.39466e-06 4.54757e-08 0 4.54757e-08
7.20178e-06 9.20015e-08 0 9.20015e-08
8.11076e-06 1.73432e-07 0 1.73432e-07
9.13447e-06 3.54187e-07 0 3.54187e-07
1.02874e-05 6.99648e-07 0 6.99648e-07
1.15858e-05 1.40258e-06 0 1.40258e-06
1.30482e-05 2.80419e-06 0 2.80419e-06
1.4695e-05 5.3137e-06 0 5.3137e-06
1.65498e-05 9.85373e-06 0 9.85373e-06
1.86387e-05 1.76124e-05 0 1.76124e-05
2.09912e-05 3.04774e-05 0 3.04774e-05
2.36406e-05 5.1012e-05 0 5.1012e-05
2.66244e-05 7.89789e-05 0 7.89789e-05
2.99849e-05 0.000112677 0 0.000112677
3.37695e-05 0.000152248 0 0.000152248
3.80317e-05 0.000196362 0 0.000196362
4.2832e-05 0.000243447 0 0.000243447
4.82381e-05 0.000295399 0 0.000295399
5.43265e-05 0.000356033 0 0.000356033
6.11834e-05 0.000418132 0 0.000418132
6.89058e-05 0.000477801 0 0.000477801
7.76028e-05 0.000550012 0 0.000550012
8.73976e-05 0.000642646 0 0.000642646
9.84286e-05 0.000728677 0 0.000728677
0.000110852 0.000777004 0 0.000777004
0.000124843 0.000809535 0 0.000809535
0.000140601 0.000774674 0 0.000774674
0.000158347 0.000669163 0 0.000669163
0.000178333 0.000511231 0 0.000511231
0.000200841 0.000311537 0 0.000311537
0.000226191 0.000146366 0 0.000146366
0.00025474 5.2847e-05 0 5.2847e-05
0.000286892 1.26731e-05 0 1.26731e-05
