2.22408e-09 0 5.69784e-15 0
2.46965e-09 0 1.16211e-15 0
2.74233e-09 0 9.85968e-18 0
3.04512e-09 0 3.47979e-21 0
3.38135e-09 0 5.10882e-26 0
3.7547e-09 0 3.12007e-32 0
4.16927e-09 0 7.92654e-40 0
4.62961e-09 0 8.37682e-49 0
5.14078e-09 0 3.68257e-59 0
5.7084e-09 0 6.73442e-71 0
6.33868e-09 0 5.123e-84 0
7.03856e-09 0 1.62116e-98 0
7.81571e-09 0 2.13404e-114 0
8.67868e-09 0 1.16857e-131 0
9.63692e-09 0 2.66187e-150 0
1.0701e-08 0 2.52228e-170 0
1.18825e-08 0 9.94203e-192 0
1.31945e-08 0 1.63017e-214 0
1.46514e-08 0 1.11191e-238 0
1.62691e-08 0 3.15486e-264 0
1.80654e-08 0 3.72364e-291 0
2.00601e-08 0 0 0
2.2275e-08 0 0 0
2.47344e-08 0 0 0
2.74655e-08 0 0 0
3.0498e-08 0 0 0
3.38654e-08 0 0 0
3.76046e-08 0 0 0
4.17567e-08 0 0 0
4.63672e-08 0 0 0
5.14868e-08 0 0 0
5.71716e-08 0 0 0
6.34842e-08 0 0 0
7.04937e-08 0 0 0
7.82772e-08 6.87769e-301 0 6.87769e-301
8.69201e-08 2.29587e-273 0 2.29587e-273
9.65172e-08 3.19268e-247 0 3.19268e-247
1.07174e-07 1.84965e-222 0 1.84965e-222
1.19008e-07 4.46452e-199 0 4.46452e-199
1.32148e-07 4.48989e-177 0 4.48989e-177
1.46739e-07 1.88147e-156 0 1.88147e-156
1.62941e-07 3.2853e-137 0 3.2853e-137
1.80931e-07 2.39052e-119 0 2.39052e-119
2.00909e-07 7.2488e-103 0 7.2488e-103
2.23092e-07 9.1603e-88 0 9.1603e-88
2.47724e-07 4.82432e-74 0 4.82432e-74
2.75076e-07 1.0589e-61 0 1.0589e-61
3.05449e-07 9.68668e-51 0 9.68668e-51
3.39174e-07 3.69316e-41 0 3.69316e-41
3.76624e-07 5.8685e-33 0 5.8685e-33
4.18208e-07 3.88652e-26 0 3.88652e-26
4.64384e-07 1.07274e-20 0 1.07274e-20
5.15659e-07 1.23401e-16 0 1.23401e-16
5.72595e-07 5.91603e-14 0 5.91603e-14
6.35817e-07 1.18198e-12 0 1.18198e-12
7.0602e-07 9.86558e-13 0 9.86558e-13
7.83974e-07 4.15271e-13 0 4.15271e-13
8.70536e-07 3.3741e-12 0 3.3741e-12
9.66655e-07 3.10726e-12 0 3.10726e-12
1.07339e-06 4.22312e-12 0 4.22312e-12
1.1919e-06 8.78924e-12 0 8.78924e-12
1.32351e-06 2.26212e-11 0 2.26212e-11
1.46964e-06 2.45345e-11 0 2.45345e-11
1.63191e-06 6.82345e-11 0 6.82345e-11
1.81209e-06 1.16398e-10 0 1.16398e-10
2.01217e-06 2.43543e-10 0 2.43543e-10
2.23434e-06 5.69138e-10 0 5.69138e-10
2.48105e-06 1.10198e-09 0 1.10198e-09
2.75499e-06 1.66737e-09 0 1.66737e-09
3.05918e-06 3.02285e-09 0 3.02285e-09
3.39695e-06 5.8374e-09 0 5.8374e-09
3.77202e-06 1.05907e-08 0 1.05907e-08
4.18851e-06 1.82254e-08 0 1.82254e-08
4.65098e-06 3.83419e-08 0 3.83419e-08
5.16451e-06 7.70066e-08 0 7.70066e-08
5.73474e-06 1.38622e-07 0 1.38622e-07
6.36794e-06 2.57516e-07 0 2.57516e-07
7.07104e-06 4.83951e-07 0 4.83951e-07
7.85178e-06 8.98341e-07 0 8.98341e-07
8.71873e-06 1.67864e-06 0 1.67864e-06
9.6814e-06 3.06622e-06 0 3.06622e-06
1.07504e-05 5.66039e-06 0 5.66039e-06
1.19373e-05 1.0736e-05 0 1.0736e-05
1.32554e-05 1.96148e-05 0 1.96148e-05
1.4719e-05 3.51584e-05 0 3.51584e-05
1.63441e-05 6.2748e-05 0 6.2748e-05
1.81488e-05 0.000111054 0 0.000111054
2.01526e-05 0.000191652 0 0.000191652
2.23778e-05 0.000324572 0 0.000324572
2.48486e-05 0.000523857 0 0.000523857
2.75922e-05 0.000794839 0 0.000794839
3.06388e-05 0.00112039 0 0.00112039
3.40217e-05 0.00143562 0 0.00143562
3.77782e-05 0.00157266 0 0.00157266
4.19494e-05 0.00144843 0 0.00144843
4.65812e-05 0.0010745 0 0.0010745
5.17244e-05 0.000580409 0 0.000580409
5.74355e-05 0.000205483 0 0.000205483
6.37772e-05 4.64036e-05 0 4.64036e-05
7.0819e-05 5.73548e-06 0 5.73548e-06
