# Initial particle size distribution
# Case: radius_log_normal_sampled
# Column 1: Radius (μm)
# Column 2: Number concentration (cm^-3)
#
1.000025e-03  2.094598e+02
1.268991e-03  1.272022e+03
1.610298e-03  6.707887e+03
2.043403e-03  3.250153e+04
2.592996e-03  1.401535e+05
3.290406e-03  5.415383e+05
4.175392e-03  1.759254e+06
5.298403e-03  5.335079e+06
6.723458e-03  1.437918e+07
8.531795e-03  3.392151e+07
1.082650e-02  7.407217e+07
1.373839e-02  1.336327e+08
1.743346e-02  2.330562e+08
2.212235e-02  3.461103e+08
2.807236e-02  4.617827e+08
3.562269e-02  5.502349e+08
4.520374e-02  5.701168e+08
5.736171e-02  5.390149e+08
7.278968e-02  4.505166e+08
9.236715e-02  3.270676e+08
1.172102e-01  2.144725e+08
1.487349e-01  1.256593e+08
1.887386e-01  6.723076e+07
2.395016e-01  3.044246e+07
3.039178e-01  1.210317e+07
3.856593e-01  4.556099e+06
4.893860e-01  1.475437e+06
6.210110e-01  4.299484e+05
7.880377e-01  1.108021e+05
