1.00003e-09 0 5.7713e-22 0 0
1.07509e-09 0 1.66767e-21 0 0
1.1558e-09 0 3.78264e-21 0 0
1.24256e-09 0 8.24686e-21 0 0
1.33584e-09 0 1.77393e-20 0 0
1.43612e-09 0 3.77038e-20 0 0
1.54392e-09 0 7.86833e-20 0 0
1.65982e-09 0 1.63684e-19 0 0
1.78442e-09 0 3.30072e-19 0 0
1.91837e-09 0 6.5727e-19 0 0
2.06238e-09 0 1.33817e-18 0 0
2.2172e-09 0 2.67515e-18 0 0
2.38363e-09 0 5.24998e-18 0 0
2.56257e-09 0 1.02562e-17 0 0
2.75493e-09 0 2.00912e-17 0 0
2.96174e-09 0 3.8614e-17 0 0
3.18407e-09 0 7.25659e-17 0 0
3.42309e-09 0 1.34578e-16 0 0
3.68005e-09 0 2.49315e-16 0 0
3.95631e-09 0 4.52455e-16 0 0
4.25329e-09 0 7.96034e-16 0 0
4.57258e-09 0 1.39444e-15 0 0
4.91583e-09 0 2.4639e-15 0 0
5.28485e-09 0 4.38805e-15 0 0
5.68157e-09 0 7.61488e-15 0 0
6.10807e-09 0 1.2824e-14 0 0
6.56659e-09 0 2.15341e-14 0 0
7.05953e-09 0 3.63316e-14 0 0
7.58947e-09 0 6.07109e-14 0 0
8.15919e-09 0 9.89073e-14 0 0
8.77168e-09 0 1.59217e-13 0 0
9.43015e-09 0 2.54768e-13 0 0
1.0138e-08 0 4.04159e-13 0 0
1.08991e-08 0 6.37899e-13 0 0
1.17172e-08 0 9.93907e-13 0 0
1.25968e-08 0 1.53185e-12 0 0
1.35424e-08 0 2.29876e-12 0 0
1.4559e-08 0 3.39054e-12 0 0
1.5652e-08 0 4.96961e-12 0 0
1.68269e-08 0 7.38673e-12 0 0
1.80901e-08 0 1.09078e-11 0 0
1.9448e-08 0 1.57116e-11 0 0
2.0908e-08 0 2.23079e-11 0 0
2.24775e-08 0 3.11798e-11 0 0
2.41648e-08 0 4.38385e-11 0 0
2.59788e-08 0 6.10656e-11 0 0
2.79289e-08 0 8.17516e-11 0 0
3.00255e-08 0 1.09501e-10 0 0
3.22794e-08 0 1.49235e-10 0 0
3.47026e-08 0 1.96518e-10 0 0
3.73076e-08 0 2.54386e-10 0 0
4.01082e-08 0 3.31173e-10 0 0
4.3119e-08 0 4.14678e-10 0 0
4.63558e-08 0 5.18394e-10 0 0
4.98357e-08 0 6.64124e-10 0 0
5.35767e-08 0 8.15508e-10 0 0
5.75986e-08 0 9.8005e-10 0 0
6.19223e-08 0 1.18509e-09 0 0
6.65707e-08 0 1.4453e-09 0 0
7.1568e-08 0 1.72576e-09 0 0
7.69404e-08 0 2.0202e-09 0 0
8.27161e-08 0 2.30802e-09 0 0
8.89254e-08 0 2.57969e-09 0 0
9.56009e-08 0 2.91177e-09 0 0
1.02777e-07 0 3.28243e-09 0 0
1.10493e-07 0 3.69663e-09 0 0
1.18787e-07 0 4.04408e-09 0 0
1.27704e-07 0 4.28827e-09 0 0
1.3729e-07 0 4.56356e-09 0 0
1.47597e-07 0 4.86822e-09 0 0
1.58676e-07 0 5.19115e-09 0 0
1.70588e-07 0 5.43408e-09 0 0
1.83393e-07 0 5.60599e-09 0 0
1.9716e-07 0 5.72811e-09 0 0
2.1196e-07 0 5.64887e-09 0 0
2.27872e-07 0 5.53761e-09 0 0
2.44978e-07 0 5.49059e-09 0 0
2.63367e-07 0 5.36212e-09 0 0
2.83138e-07 0 5.09925e-09 0 0
3.04392e-07 0 4.77076e-09 0 0
3.27242e-07 0 4.46491e-09 0 0
3.51807e-07 0 4.14427e-09 0 0
3.78217e-07 0 3.88436e-09 0 0
4.06608e-07 0 3.59166e-09 0 0
4.37131e-07 0 3.23404e-09 0 0
4.69946e-07 0 2.82607e-09 0 0
5.05223e-07 0 2.48024e-09 0 0
5.43149e-07 0 2.20559e-09 0 0
5.83922e-07 0 1.91901e-09 0 0
6.27756e-07 0 1.63703e-09 0 0
6.7488e-07 0 1.37087e-09 0 0
7.25541e-07 0 1.13973e-09 0 0
7.80006e-07 0 9.43178e-10 0 0
8.38559e-07 0 7.72668e-10 0 0
9.01507e-07 0 6.18153e-10 0 0
9.69181e-07 0 3.90336e-10 0 0
1.04194e-06 0 1.22259e-10 0 0
1.12015e-06 0 1.26753e-11 0 0
1.20424e-06 0 3.53743e-13 0 0
1.29464e-06 0 2.42207e-15 0 0
