2.22408e-09 0 1.31278e-17 0
2.56682e-09 0 2.83807e-18 0
2.96238e-09 0 6.18615e-18 0
3.4189e-09 0 7.00803e-18 0
3.94576e-09 0 8.31297e-18 0
4.55382e-09 0 9.91114e-18 0
5.25558e-09 0 1.21963e-17 0
6.06549e-09 0 1.48234e-17 0
7.00021e-09 0 1.82602e-17 0
8.07898e-09 0 2.31048e-17 0
9.32398e-09 0 2.84881e-17 0
1.07608e-08 0 3.46875e-17 0
1.24191e-08 0 4.2602e-17 0
1.4333e-08 0 5.4222e-17 0
1.65418e-08 0 6.70526e-17 0
1.90909e-08 0 8.35627e-17 0
2.20329e-08 0 1.00289e-16 0
2.54283e-08 0 1.24835e-16 0
2.93469e-08 0 1.51813e-16 0
3.38694e-08 0 1.94984e-16 0
3.90888e-08 0 2.3748e-16 0
4.51125e-08 0 2.78279e-16 0
5.20646e-08 0 3.34825e-16 0
6.0088e-08 6.42278e-291 4.06731e-16 6.42278e-291
6.93478e-08 1.90321e-254 4.8189e-16 1.90321e-254
8.00346e-08 1.46266e-220 5.48576e-16 1.46266e-220
9.23682e-08 2.91539e-189 6.02959e-16 2.91539e-189
1.06603e-07 1.5071e-160 6.05256e-16 1.5071e-160
1.23031e-07 2.0206e-134 5.93718e-16 2.0206e-134
1.4199e-07 7.02609e-111 4.23336e-16 7.02609e-111
1.63871e-07 6.33638e-90 1.99337e-16 6.33638e-90
1.89125e-07 1.48205e-71 9.99047e-17 1.48205e-71
2.1827e-07 8.99035e-56 3.376e-17 8.99035e-56
2.51906e-07 1.41444e-42 8.7026e-18 1.41444e-42
2.90726e-07 5.77149e-32 1.52304e-20 5.77149e-32
3.35528e-07 6.10779e-24 8.52719e-26 6.10779e-24
3.87234e-07 1.67639e-18 1.41362e-33 1.67639e-18
4.46908e-07 1.19333e-15 6.63183e-44 1.19333e-15
5.15779e-07 2.20311e-15 8.52669e-57 2.20311e-15
5.95263e-07 1.0549e-17 2.94292e-72 1.0549e-17
6.86995e-07 5.49773e-18 2.69216e-90 5.49773e-18
7.92864e-07 6.24061e-15 6.47723e-111 6.24061e-15
9.15048e-07 4.47613e-14 4.07918e-134 4.47613e-14
1.05606e-06 8.36614e-14 6.70415e-160 8.36614e-14
1.2188e-06 8.5237e-14 2.86981e-188 8.5237e-14
1.40663e-06 5.86722e-14 3.19549e-219 5.86722e-14
1.6234e-06 4.78941e-13 9.24729e-253 4.78941e-13
1.87357e-06 8.95037e-13 6.95059e-289 8.95037e-13
2.16229e-06 1.61414e-12 0 1.61414e-12
2.49551e-06 5.12953e-12 0 5.12953e-12
2.88008e-06 8.31311e-12 0 8.31311e-12
3.32391e-06 2.35913e-11 0 2.35913e-11
3.83614e-06 6.35846e-11 0 6.35846e-11
4.42731e-06 1.29139e-10 0 1.29139e-10
5.10958e-06 3.62521e-10 0 3.62521e-10
5.89698e-06 7.30342e-10 0 7.30342e-10
6.80574e-06 1.66989e-09 0 1.66989e-09
7.85453e-06 4.10096e-09 0 4.10096e-09
9.06495e-06 9.739e-09 0 9.739e-09
1.04619e-05 2.23212e-08 0 2.23212e-08
1.20741e-05 4.86806e-08 0 4.86806e-08
1.39348e-05 1.06908e-07 0 1.06908e-07
1.60822e-05 2.29588e-07 0 2.29588e-07
1.85605e-05 4.70233e-07 0 4.70233e-07
2.14208e-05 8.99868e-07 0 8.99868e-07
2.47218e-05 1.5717e-06 0 1.5717e-06
2.85316e-05 2.48039e-06 0 2.48039e-06
3.29284e-05 3.61661e-06 0 3.61661e-06
3.80028e-05 4.85697e-06 0 4.85697e-06
4.38592e-05 6.24147e-06 0 6.24147e-06
5.06181e-05 8.02461e-06 0 8.02461e-06
5.84186e-05 9.91328e-06 0 9.91328e-06
6.74212e-05 1.25365e-05 0 1.25365e-05
7.78111e-05 1.55419e-05 0 1.55419e-05
8.98021e-05 1.91962e-05 0 1.91962e-05
0.000103641 2.426e-05 0 2.426e-05
0.000119613 3.01248e-05 0 3.01248e-05
0.000138045 3.75057e-05 0 3.75057e-05
0.000159319 4.54451e-05 0 4.54451e-05
0.00018387 5.76796e-05 0 5.76796e-05
0.000212206 7.18224e-05 0 7.18224e-05
0.000244907 9.09997e-05 0 9.09997e-05
0.000282649 0.000109684 0 0.000109684
0.000326206 0.000132708 0 0.000132708
0.000376476 0.000164398 0 0.000164398
0.000434493 0.000207876 0 0.000207876
0.00050145 0.000258625 0 0.000258625
0.000578725 0.000307722 0 0.000307722
0.000667909 0.000365284 0 0.000365284
0.000770837 0.000444192 0 0.000444192
0.000889627 0.000531351 0 0.000531351
0.00102672 0.000618194 0 0.000618194
0.00118494 0.00069229 0 0.00069229
0.00136755 0.000729435 0 0.000729435
0.00157829 0.000708276 0 0.000708276
0.00182152 0.000626868 0 0.000626868
0.00210222 0.000358113 0 0.000358113
0.00242618 0.000159342 0 0.000159342
0.00280007 6.02769e-05 0 6.02769e-05
0.00323157 3.09231e-05 0 3.09231e-05
