2.22408e-08 0 8.90288e-20 0 0
2.22989e-08 0 8.8941e-20 0 0
2.23571e-08 0 8.86782e-20 0 0
2.24155e-08 0 8.8242e-20 0 0
2.24741e-08 0 8.76349e-20 0 0
2.25328e-08 0 8.68605e-20 0 0
2.25916e-08 0 8.59233e-20 0 0
2.26506e-08 0 8.48287e-20 0 0
2.27098e-08 0 8.35831e-20 0 0
2.27691e-08 0 8.21934e-20 0 0
2.28286e-08 0 8.06676e-20 0 0
2.28882e-08 0 7.90141e-20 0 0
2.2948e-08 0 7.7242e-20 0 0
2.30079e-08 0 7.53608e-20 0 0
2.3068e-08 0 7.33806e-20 0 0
2.31283e-08 0 7.13116e-20 0 0
2.31887e-08 0 6.91644e-20 0 0
2.32493e-08 0 6.69496e-20 0 0
2.331e-08 0 6.46781e-20 0 0
2.33709e-08 0 6.23605e-20 0 0
2.34319e-08 0 6.00075e-20 0 0
2.34931e-08 0 5.76295e-20 0 0
2.35545e-08 0 5.52367e-20 0 0
2.3616e-08 0 5.28389e-20 0 0
2.36777e-08 0 5.04456e-20 0 0
2.37395e-08 0 4.80657e-20 0 0
2.38015e-08 0 4.5708e-20 0 0
2.38637e-08 0 4.33802e-20 0 0
2.3926e-08 0 4.10898e-20 0 0
2.39885e-08 0 3.88437e-20 0 0
2.40512e-08 0 3.6648e-20 0 0
2.4114e-08 0 3.45083e-20 0 0
2.4177e-08 0 3.24294e-20 0 0
2.42401e-08 0 3.04158e-20 0 0
2.43034e-08 0 2.8471e-20 0 0
2.43669e-08 0 2.6598e-20 0 0
2.44306e-08 0 2.47993e-20 0 0
2.44944e-08 0 2.30766e-20 0 0
2.45584e-08 0 2.14313e-20 0 0
2.46225e-08 0 1.98641e-20 0 0
2.46868e-08 0 1.83752e-20 0 0
2.47513e-08 0 1.69644e-20 0 0
2.48159e-08 0 1.56311e-20 0 0
2.48808e-08 0 1.43742e-20 0 0
2.49457e-08 0 1.31923e-20 0 0
2.50109e-08 0 1.20837e-20 0 0
2.50762e-08 0 1.10465e-20 0 0
2.51417e-08 0 1.00784e-20 0 0
2.52074e-08 0 9.177e-21 0 0
2.52732e-08 0 8.33978e-21 0 0
2.53392e-08 0 7.56401e-21 0 0
2.54054e-08 0 6.84688e-21 0 0
2.54718e-08 0 6.18552e-21 0 0
2.55383e-08 0 5.57704e-21 0 0
2.5605e-08 0 5.01851e-21 0 0
2.56719e-08 0 4.50701e-21 0 0
2.57389e-08 0 4.03967e-21 0 0
2.58062e-08 0 3.61366e-21 0 0
2.58736e-08 0 3.2262e-21 0 0
2.59412e-08 0 2.87461e-21 0 0
2.60089e-08 0 2.55629e-21 0 0
2.60768e-08 0 2.26873e-21 0 0
2.6145e-08 0 2.00956e-21 0 0
2.62132e-08 0 1.77649e-21 0 0
2.62817e-08 0 1.56735e-21 0 0
2.63504e-08 0 1.38011e-21 0 0
2.64192e-08 0 1.21285e-21 0 0
2.64882e-08 0 1.06375e-21 0 0
2.65574e-08 0 9.31148e-22 0 0
2.66267e-08 0 8.13467e-22 0 0
2.66963e-08 0 7.09259e-22 0 0
2.6766e-08 0 6.17181e-22 0 0
2.68359e-08 0 5.35999e-22 0 0
2.6906e-08 0 4.64579e-22 0 0
2.69763e-08 0 4.01881e-22 0 0
2.70468e-08 0 3.4696e-22 0 0
2.71174e-08 0 2.98954e-22 0 0
2.71882e-08 0 2.57082e-22 0 0
2.72592e-08 0 2.2064e-22 0 0
2.73304e-08 0 1.8899e-22 0 0
2.74018e-08 0 1.61561e-22 0 0
2.74734e-08 0 1.37841e-22 0 0
2.75452e-08 0 1.17372e-22 0 0
2.76171e-08 0 9.97455e-23 0 0
2.76892e-08 0 8.4599e-23 0 0
2.77616e-08 0 7.16112e-23 0 0
2.78341e-08 0 6.04978e-23 0 0
2.79068e-08 0 5.10084e-23 0 0
2.79797e-08 0 4.29227e-23 0 0
2.80527e-08 0 3.60476e-23 0 0
2.8126e-08 0 3.0214e-23 0 0
2.81995e-08 0 2.52746e-23 0 0
2.82731e-08 0 2.1101e-23 0 0
2.8347e-08 0 1.75819e-23 0 0
2.8421e-08 0 1.46208e-23 0 0
2.84952e-08 0 1.21345e-23 0 0
2.85697e-08 0 1.00511e-23 0 0
2.86443e-08 0 8.309e-24 0 0
2.87191e-08 0 6.85533e-24 0 0
2.87941e-08 0 5.64483e-24 0 0
