2.22408e-09 0 2.20598e-16 0
2.52689e-09 0 3.2486e-17 0
2.87092e-09 0 5.74335e-17 0
3.2618e-09 0 5.56841e-17 0
3.70589e-09 0 6.39551e-17 0
4.21044e-09 0 7.55117e-17 0
4.78369e-09 0 9.36014e-17 0
5.43499e-09 0 1.12405e-16 0
6.17496e-09 0 1.40739e-16 0
7.01568e-09 0 1.75451e-16 0
7.97086e-09 0 2.1863e-16 0
9.05609e-09 0 2.83112e-16 0
1.02891e-08 0 3.43668e-16 0
1.16899e-08 0 4.24378e-16 0
1.32815e-08 0 5.01545e-16 0
1.50898e-08 0 5.48872e-16 0
1.71442e-08 0 5.81404e-16 0
1.94784e-08 0 5.93645e-16 0
2.21304e-08 0 5.7117e-16 0
2.51434e-08 0 5.06182e-16 0
2.85667e-08 0 4.16653e-16 0
3.2456e-08 0 2.7582e-16 0
3.68749e-08 0 1.70511e-16 0
4.18954e-08 0 7.4074e-17 0
4.75994e-08 0 2.12396e-17 0
5.408e-08 0 1.89422e-18 0
6.1443e-08 1.86864e-317 4.73209e-21 1.86864e-317
6.98084e-08 3.7237e-283 1.33207e-25 3.7237e-283
7.93128e-08 6.59487e-251 3.53084e-32 6.59487e-251
9.01112e-08 1.03806e-220 8.4825e-41 1.03806e-220
1.0238e-07 1.45218e-192 1.82766e-51 1.45218e-192
1.16319e-07 1.80552e-166 3.51788e-64 1.80552e-166
1.32155e-07 1.99511e-142 6.03796e-79 1.99511e-142
1.50148e-07 1.95936e-120 9.23224e-96 1.95936e-120
1.70591e-07 1.7102e-100 1.25688e-114 1.7102e-100
1.93817e-07 1.32666e-82 1.52303e-135 1.32666e-82
2.20205e-07 9.14659e-67 1.64231e-158 9.14659e-67
2.50186e-07 5.60455e-53 1.57567e-183 5.60455e-53
2.84248e-07 3.05214e-41 1.34492e-210 3.05214e-41
3.22949e-07 1.47725e-31 1.02119e-239 1.47725e-31
3.66918e-07 6.35454e-24 6.89698e-271 6.35454e-24
4.16874e-07 2.4294e-18 4.14315e-304 2.4294e-18
4.73631e-07 8.2546e-15 0 8.2546e-15
5.38115e-07 2.49274e-13 0 2.49274e-13
6.11379e-07 6.73568e-14 0 6.73568e-14
6.94618e-07 3.3354e-13 0 3.3354e-13
7.8919e-07 2.18079e-12 0 2.18079e-12
8.96638e-07 2.88141e-13 0 2.88141e-13
1.01871e-06 5.29925e-12 0 5.29925e-12
1.15741e-06 1.0575e-11 0 1.0575e-11
1.31499e-06 9.13975e-12 0 9.13975e-12
1.49403e-06 3.66946e-11 0 3.66946e-11
1.69744e-06 5.61692e-11 0 5.61692e-11
1.92855e-06 9.41865e-11 0 9.41865e-11
2.19112e-06 2.42164e-10 0 2.42164e-10
2.48943e-06 5.06907e-10 0 5.06907e-10
2.82837e-06 1.00968e-09 0 1.00968e-09
3.21345e-06 2.27367e-09 0 2.27367e-09
3.65096e-06 4.48571e-09 0 4.48571e-09
4.14804e-06 8.6871e-09 0 8.6871e-09
4.71279e-06 1.60131e-08 0 1.60131e-08
5.35443e-06 2.73317e-08 0 2.73317e-08
6.08344e-06 4.905e-08 0 4.905e-08
6.91169e-06 8.30078e-08 0 8.30078e-08
7.85271e-06 1.37719e-07 0 1.37719e-07
8.92186e-06 2.2576e-07 0 2.2576e-07
1.01366e-05 3.66521e-07 0 3.66521e-07
1.15167e-05 6.35178e-07 0 6.35178e-07
1.30846e-05 1.12005e-06 0 1.12005e-06
1.48661e-05 1.84934e-06 0 1.84934e-06
1.68901e-05 3.23668e-06 0 3.23668e-06
1.91897e-05 5.80992e-06 0 5.80992e-06
2.18024e-05 1.04797e-05 0 1.04797e-05
2.47707e-05 1.87958e-05 0 1.87958e-05
2.81433e-05 3.09485e-05 0 3.09485e-05
3.19749e-05 4.65263e-05 0 4.65263e-05
3.63283e-05 6.00992e-05 0 6.00992e-05
4.12744e-05 6.81099e-05 0 6.81099e-05
4.68939e-05 7.44025e-05 0 7.44025e-05
5.32785e-05 8.64542e-05 0 8.64542e-05
6.05323e-05 9.93419e-05 0 9.93419e-05
6.87737e-05 0.000121257 0 0.000121257
7.81372e-05 0.000147558 0 0.000147558
8.87756e-05 0.000183583 0 0.000183583
0.000100862 0.000229089 0 0.000229089
0.000114595 0.000288825 0 0.000288825
0.000130197 0.000369862 0 0.000369862
0.000147923 0.000445411 0 0.000445411
0.000168062 0.000544056 0 0.000544056
0.000190944 0.000633477 0 0.000633477
0.000216941 0.000676068 0 0.000676068
0.000246477 0.000711892 0 0.000711892
0.000280035 0.000719654 0 0.000719654
0.000318162 0.000665473 0 0.000665473
0.000361479 0.000589497 0 0.000589497
0.000410695 0.000451344 0 0.000451344
0.00046661 0.000295263 0 0.000295263
0.000530139 0.00016352 0 0.00016352
0.000602317 6.52208e-05 0 6.52208e-05
0.000684323 1.60828e-05 0 1.60828e-05
