2.22408e-09 0 6.35879e-14 0
2.44385e-09 0 5.10372e-14 0
2.68533e-09 0 2.6389e-14 0
2.95067e-09 0 8.78988e-15 0
3.24223e-09 0 1.88611e-15 0
3.5626e-09 0 2.60721e-16 0
3.91463e-09 0 2.32171e-17 0
4.30144e-09 0 1.33188e-18 0
4.72647e-09 1.58101e-322 4.92204e-20 1.58101e-322
5.1935e-09 1.06415e-311 1.17179e-21 1.06415e-311
5.70668e-09 4.49215e-301 1.79713e-23 4.49215e-301
6.27057e-09 1.22207e-290 1.77554e-25 1.22207e-290
6.89017e-09 2.14258e-280 1.13008e-27 2.14258e-280
7.57101e-09 2.42089e-270 4.63351e-30 2.42089e-270
8.31911e-09 1.76287e-260 1.22387e-32 1.76287e-260
9.14114e-09 8.27321e-251 2.0825e-35 8.27321e-251
1.00444e-08 2.50232e-241 2.28275e-38 2.50232e-241
1.10369e-08 4.87789e-232 1.61196e-41 4.87789e-232
1.21275e-08 6.12841e-223 7.33291e-45 6.12841e-223
1.33258e-08 4.96243e-214 2.14893e-48 4.96243e-214
1.46425e-08 2.58988e-205 4.05688e-52 2.58988e-205
1.60894e-08 8.71182e-197 4.93384e-56 8.71182e-197
1.76792e-08 1.88882e-188 3.86548e-60 1.88882e-188
1.94261e-08 2.63956e-180 1.95095e-64 2.63956e-180
2.13457e-08 2.37761e-172 6.34324e-69 2.37761e-172
2.34549e-08 1.38047e-164 1.32862e-73 1.38047e-164
2.57725e-08 5.16653e-157 1.79273e-78 5.16653e-157
2.83191e-08 1.24643e-149 1.55831e-83 1.24643e-149
3.11174e-08 1.93842e-142 8.72602e-89 1.93842e-142
3.41922e-08 1.94334e-135 3.14777e-94 1.94334e-135
3.75707e-08 1.25598e-128 7.31498e-100 1.25598e-128
4.12832e-08 5.23326e-122 1.09509e-105 5.23326e-122
4.53624e-08 1.40582e-115 1.0561e-111 1.40582e-115
4.98448e-08 2.43487e-109 6.56129e-118 2.43487e-109
5.477e-08 2.71914e-103 2.62601e-124 2.71914e-103
6.0182e-08 1.95806e-97 6.7706e-131 1.95806e-97
6.61286e-08 9.09249e-92 1.12456e-137 9.09249e-92
7.26629e-08 2.72293e-86 1.20327e-144 2.72293e-86
7.98429e-08 5.25927e-81 8.29401e-152 5.25927e-81
8.77323e-08 6.55224e-76 3.68292e-159 6.55224e-76
9.64013e-08 5.26598e-71 1.05352e-166 5.26598e-71
1.05927e-07 2.73056e-66 1.94142e-174 2.73056e-66
1.16394e-07 9.13634e-62 2.30472e-182 9.13634e-62
1.27895e-07 1.97296e-57 1.76255e-190 1.97296e-57
1.40532e-07 2.75032e-53 8.6834e-199 2.75032e-53
1.54419e-07 2.47556e-49 2.75589e-207 2.47556e-49
1.69677e-07 1.43918e-45 5.63453e-216 1.43918e-45
1.86443e-07 5.40588e-42 7.42126e-225 5.40588e-42
2.04866e-07 1.31252e-38 6.29683e-234 1.31252e-38
2.25109e-07 2.06093e-35 3.44183e-243 2.06093e-35
2.47352e-07 2.09414e-32 1.21194e-252 2.09414e-32
2.71794e-07 1.37806e-29 2.74915e-262 1.37806e-29
2.9865e-07 5.87854e-27 4.01734e-272 5.87854e-27
3.2816e-07 1.62751e-24 3.78184e-282 1.62751e-24
3.60586e-07 2.92873e-22 2.29346e-292 2.92873e-22
3.96216e-07 3.43213e-20 8.95993e-303 3.43213e-20
4.35367e-07 2.6256e-18 2.25498e-313 2.6256e-18
4.78387e-07 1.3153e-16 0 1.3153e-16
5.25657e-07 4.33224e-15 0 4.33224e-15
5.77598e-07 9.43195e-14 0 9.43195e-14
6.34672e-07 1.36706e-12 0 1.36706e-12
6.97385e-07 1.3321e-11 0 1.3321e-11
7.66294e-07 8.85107e-11 0 8.85107e-11
8.42013e-07 4.09694e-10 0 4.09694e-10
9.25214e-07 1.3662e-09 0 1.3662e-09
1.01664e-06 3.45787e-09 0 3.45787e-09
1.11709e-06 7.15007e-09 0 7.15007e-09
1.22747e-06 1.31506e-08 0 1.31506e-08
1.34876e-06 2.31479e-08 0 2.31479e-08
1.48204e-06 4.06558e-08 0 4.06558e-08
1.62848e-06 7.18322e-08 0 7.18322e-08
1.78939e-06 1.26805e-07 0 1.26805e-07
1.9662e-06 2.23086e-07 0 2.23086e-07
2.16049e-06 3.91111e-07 0 3.91111e-07
2.37397e-06 6.81615e-07 0 6.81615e-07
2.60855e-06 1.18119e-06 0 1.18119e-06
2.8663e-06 2.0431e-06 0 2.0431e-06
3.14953e-06 3.53776e-06 0 3.53776e-06
3.46074e-06 6.13806e-06 0 6.13806e-06
3.8027e-06 1.06496e-05 0 1.06496e-05
4.17845e-06 1.8384e-05 0 1.8384e-05
4.59133e-06 3.14094e-05 0 3.14094e-05
5.04501e-06 5.29427e-05 0 5.29427e-05
5.54351e-06 8.78504e-05 0 8.78504e-05
6.09128e-06 0.000143021 0 0.000143021
6.69317e-06 0.000227288 0 0.000227288
7.35453e-06 0.000350389 0 0.000350389
8.08125e-06 0.000519653 0 0.000519653
8.87977e-06 0.000733759 0 0.000733759
9.75719e-06 0.000975316 0 0.000975316
1.07213e-05 0.0012052 0 0.0012052
1.17807e-05 0.00136461 0 0.00136461
1.29448e-05 0.00139263 0 0.00139263
1.42239e-05 0.0012578 0 0.0012578
1.56294e-05 0.000986291 0 0.000986291
1.71737e-05 0.000659251 0 0.000659251
1.88707e-05 0.000369199 0 0.000369199
2.07354e-05 0.00017017 0 0.00017017
2.27842e-05 6.3375e-05 0 6.3375e-05
2.50356e-05 1.87978e-05 0 1.87978e-05
