2.22408e-09 0 1.5516e-14 0
2.54227e-09 0 1.06813e-14 0
2.90597e-09 0 3.85149e-15 0
3.32171e-09 0 1.17341e-15 0
3.79693e-09 0 4.17398e-16 0
4.34013e-09 0 1.63155e-16 0
4.96105e-09 4.99087e-317 7.48809e-17 4.99087e-317
5.6708e-09 7.10629e-302 4.42267e-17 7.10629e-302
6.48208e-09 4.17744e-287 3.36401e-17 4.17744e-287
7.40943e-09 1.01388e-272 3.05011e-17 1.01388e-272
8.46946e-09 1.01599e-258 3.09707e-17 1.01599e-258
9.68113e-09 4.20362e-245 3.99147e-17 4.20362e-245
1.10661e-08 7.18137e-232 5.66375e-17 7.18137e-232
1.26493e-08 5.06588e-219 6.89694e-17 5.06588e-219
1.4459e-08 1.47564e-206 8.36641e-17 1.47564e-206
1.65275e-08 1.77502e-194 1.20427e-16 1.77502e-194
1.8892e-08 8.81736e-183 1.68669e-16 8.81736e-183
2.15948e-08 1.80888e-171 1.97283e-16 1.80888e-171
2.46842e-08 1.53265e-160 2.26114e-16 1.53265e-160
2.82156e-08 5.36363e-150 3.24544e-16 5.36363e-150
3.22523e-08 7.75339e-140 4.88474e-16 7.75339e-140
3.68664e-08 4.62994e-130 6.27213e-16 4.62994e-130
4.21407e-08 1.14222e-120 8.59187e-16 1.14222e-120
4.81695e-08 1.16429e-111 1.51615e-15 1.16429e-111
5.50608e-08 4.90414e-103 2.89163e-15 4.90414e-103
6.2938e-08 8.53736e-95 4.4631e-15 8.53736e-95
7.19422e-08 6.14357e-87 5.63396e-15 6.14357e-87
8.22345e-08 1.82789e-79 7.47475e-15 1.82789e-79
9.39993e-08 2.24918e-72 1.06411e-14 2.24918e-72
1.07447e-07 1.14496e-65 1.41097e-14 1.14496e-65
1.22819e-07 2.41223e-59 1.72321e-14 2.41223e-59
1.4039e-07 2.10443e-53 1.80184e-14 2.10443e-53
1.60475e-07 7.60712e-48 1.50781e-14 7.60712e-48
1.83433e-07 1.14034e-42 1.0948e-14 1.14034e-42
2.09675e-07 7.09661e-38 7.33931e-15 7.09661e-38
2.39672e-07 1.83607e-33 4.00947e-15 1.83607e-33
2.73961e-07 1.9787e-29 1.57395e-15 1.9787e-29
3.13155e-07 8.90565e-26 4.07393e-16 8.90565e-26
3.57956e-07 1.68004e-22 5.87914e-17 1.68004e-22
4.09166e-07 1.33526e-19 4.03029e-18 1.33526e-19
4.67703e-07 4.50379e-17 1.20783e-19 4.50379e-17
5.34615e-07 6.51573e-15 1.53105e-21 6.51573e-15
6.11099e-07 4.10686e-13 8.10833e-24 4.10686e-13
6.98525e-07 1.15492e-11 1.78542e-26 1.15492e-11
7.98459e-07 1.5059e-10 1.6312e-29 1.5059e-10
9.12689e-07 9.7434e-10 6.17672e-33 9.7434e-10
1.04326e-06 3.54361e-09 9.68703e-37 3.54361e-09
1.19252e-06 8.86419e-09 6.28891e-41 8.86419e-09
1.36312e-06 1.91408e-08 1.68935e-45 1.91408e-08
1.55813e-06 4.09517e-08 1.87697e-50 4.09517e-08
1.78105e-06 8.78064e-08 8.62253e-56 8.78064e-08
2.03585e-06 1.85611e-07 1.63728e-61 1.85611e-07
2.32711e-06 3.87195e-07 1.2847e-67 3.87195e-07
2.66003e-06 7.93394e-07 4.16455e-74 7.93394e-07
3.04059e-06 1.6012e-06 5.57614e-81 1.6012e-06
3.47559e-06 3.20437e-06 3.08331e-88 3.20437e-06
3.97282e-06 6.31397e-06 7.03968e-96 6.31397e-06
4.54118e-06 1.20541e-05 6.63561e-104 1.20541e-05
5.19086e-06 2.21415e-05 2.58196e-112 2.21415e-05
5.93349e-06 3.90125e-05 4.14685e-121 3.90125e-05
6.78235e-06 6.52063e-05 2.74882e-130 6.52063e-05
7.75266e-06 0.00010184 7.5198e-140 0.00010184
8.86179e-06 0.000145773 8.48922e-150 0.000145773
1.01296e-05 0.000185872 3.95467e-160 0.000185872
1.15788e-05 0.000204485 7.60173e-171 0.000204485
1.32353e-05 0.000187917 6.02919e-182 0.000187917
1.51288e-05 0.000140699 1.97304e-193 0.000140699
1.72931e-05 8.57846e-05 2.66398e-205 8.57846e-05
1.97672e-05 4.36346e-05 1.484e-217 4.36346e-05
2.25951e-05 1.92475e-05 3.41067e-230 1.92475e-05
2.58277e-05 8.35641e-06 3.23397e-243 8.35641e-06
2.95227e-05 4.37234e-06 1.26508e-256 4.37234e-06
3.37463e-05 2.91036e-06 2.04166e-270 2.91036e-06
3.85742e-05 2.35104e-06 1.35933e-284 2.35104e-06
4.40928e-05 2.30786e-06 3.73372e-299 2.30786e-06
5.04009e-05 2.92022e-06 4.23086e-314 2.92022e-06
5.76114e-05 3.71677e-06 0 3.71677e-06
6.58535e-05 4.25467e-06 0 4.25467e-06
7.52748e-05 5.54428e-06 0 5.54428e-06
8.60439e-05 7.97535e-06 0 7.97535e-06
9.83536e-05 9.87205e-06 0 9.87205e-06
0.000112424 1.09641e-05 0 1.09641e-05
0.000128508 1.46001e-05 0 1.46001e-05
0.000146893 2.17941e-05 0 2.17941e-05
0.000167908 2.80411e-05 0 2.80411e-05
0.00019193 3.63924e-05 0 3.63924e-05
0.000219388 6.01894e-05 0 6.01894e-05
0.000250775 0.000116252 0 0.000116252
0.000286652 0.000192534 0 0.000192534
0.000327661 0.000251623 0 0.000251623
0.000374538 0.000323981 0 0.000323981
0.00042812 0.000466151 0 0.000466151
0.000489369 0.000641377 0 0.000641377
0.00055938 0.000809847 0 0.000809847
0.000639407 0.000910621 0 0.000910621
0.000730883 0.000826627 0 0.000826627
0.000835446 0.000623898 0 0.000623898
0.000954968 0.000434073 0 0.000434073
0.00109159 0.000261272 0 0.000261272
0.00124776 0.0001168 0 0.0001168
