2.22408e-09 0 6.81486e-15 0
2.56399e-09 0 4.30884e-15 0
2.95586e-09 0 1.18918e-15 0
3.40761e-09 0 2.31277e-16 0
3.9284e-09 0 5.30459e-17 0
4.52879e-09 0 1.3743e-17 0
5.22093e-09 2.96575e-311 4.27913e-18 2.96575e-311
6.01886e-09 2.63613e-295 1.80348e-18 2.63613e-295
6.93874e-09 8.61286e-280 9.47913e-19 8.61286e-280
7.99921e-09 1.03441e-264 6.30626e-19 1.03441e-264
9.22175e-09 4.5668e-250 4.97693e-19 4.5668e-250
1.06311e-08 7.41187e-236 4.74677e-19 7.41187e-236
1.22559e-08 4.42235e-222 6.30771e-19 4.42235e-222
1.4129e-08 9.70081e-209 7.43074e-19 9.70081e-209
1.62884e-08 7.8237e-196 6.5732e-19 7.8237e-196
1.87778e-08 2.32e-183 5.95903e-19 2.32e-183
2.16477e-08 2.52965e-171 8.07142e-19 2.52965e-171
2.49561e-08 1.01428e-159 1.20102e-18 1.01428e-159
2.87703e-08 1.49559e-148 1.37165e-18 1.49559e-148
3.31673e-08 8.11079e-138 1.49885e-18 8.11079e-138
3.82363e-08 1.61789e-127 1.96421e-18 1.61789e-127
4.40801e-08 1.18719e-117 2.81781e-18 1.18719e-117
5.0817e-08 3.20508e-108 4.41497e-18 3.20508e-108
5.85835e-08 3.184e-99 1.03904e-17 3.184e-99
6.7537e-08 1.16415e-90 2.65445e-17 1.16415e-90
7.78588e-08 1.56693e-82 5.43253e-17 1.56693e-82
8.97582e-08 7.76642e-75 1.15468e-16 7.76642e-75
1.03476e-07 1.41802e-67 2.91973e-16 1.41802e-67
1.19291e-07 9.54184e-61 7.18419e-16 9.54184e-61
1.37522e-07 2.36767e-54 1.46587e-15 2.36767e-54
1.5854e-07 2.16806e-48 2.62194e-15 2.16806e-48
1.8277e-07 7.33339e-43 4.34223e-15 7.33339e-43
2.10704e-07 9.17439e-38 6.46915e-15 9.17439e-38
2.42906e-07 4.25241e-33 8.65503e-15 4.25241e-33
2.8003e-07 7.31982e-29 1.14856e-14 7.31982e-29
3.22828e-07 4.69456e-25 1.63892e-14 4.69456e-25
3.72166e-07 1.12704e-21 2.33529e-14 1.12704e-21
4.29045e-07 1.01964e-18 2.68824e-14 1.01964e-18
4.94618e-07 3.51075e-16 2.13552e-14 3.51075e-16
5.70211e-07 4.66852e-14 1.18179e-14 4.66852e-14
6.57358e-07 2.45212e-12 4.44208e-15 2.45212e-12
7.57824e-07 5.27411e-11 9.40188e-16 5.27411e-11
8.73644e-07 4.94816e-10 9.24904e-17 4.94816e-10
1.00717e-06 2.28305e-09 3.77679e-18 2.28305e-09
1.16109e-06 6.41301e-09 6.04505e-20 6.41301e-09
1.33855e-06 1.44233e-08 3.68518e-22 1.44233e-08
1.54312e-06 3.14734e-08 8.43161e-25 3.14734e-08
1.77896e-06 6.86483e-08 7.18402e-28 6.86483e-08
2.05084e-06 1.46755e-07 2.26962e-31 1.46755e-07
2.36428e-06 3.07776e-07 2.65203e-35 3.07776e-07
2.72562e-06 6.28539e-07 1.14439e-39 6.28539e-07
3.14218e-06 1.25317e-06 1.8218e-44 1.25317e-06
3.62241e-06 2.4536e-06 1.0692e-49 2.4536e-06
4.17603e-06 4.65552e-06 2.31223e-55 4.65552e-06
4.81427e-06 8.41045e-06 1.84181e-61 8.41045e-06
5.55004e-06 1.43796e-05 5.40209e-68 1.43796e-05
6.39827e-06 2.30691e-05 5.83267e-75 2.30691e-05
7.37614e-06 3.41027e-05 2.31773e-82 3.41027e-05
8.50345e-06 4.55293e-05 3.38894e-90 4.55293e-05
9.80306e-06 5.332e-05 1.82301e-98 5.332e-05
1.13013e-05 5.28335e-05 3.60723e-107 5.28335e-05
1.30285e-05 4.26546e-05 2.62514e-116 4.26546e-05
1.50197e-05 2.71287e-05 7.02537e-126 2.71287e-05
1.73152e-05 1.34556e-05 6.9131e-136 1.34556e-05
1.99615e-05 5.33072e-06 2.50101e-146 5.33072e-06
2.30123e-05 1.74759e-06 3.32625e-157 1.74759e-06
2.65293e-05 5.34191e-07 1.62612e-168 5.34191e-07
3.05838e-05 1.94356e-07 2.92193e-180 1.94356e-07
3.5258e-05 8.64199e-08 1.92964e-192 8.64199e-08
4.06466e-05 4.58928e-08 4.68319e-205 4.58928e-08
4.68588e-05 3.08225e-08 4.17675e-218 3.08225e-08
5.40203e-05 2.9051e-08 1.3688e-231 2.9051e-08
6.22764e-05 3.46507e-08 1.64827e-245 3.46507e-08
7.17942e-05 3.36867e-08 7.29249e-260 3.36867e-08
8.27667e-05 2.88806e-08 1.18541e-274 2.88806e-08
9.54162e-05 3.49499e-08 7.07928e-290 3.49499e-08
0.000109999 4.97131e-08 1.55317e-305 4.97131e-08
0.00012681 5.57892e-08 1.25493e-321 5.57892e-08
0.000146191 5.98136e-08 0 5.98136e-08
0.000168534 7.58501e-08 0 7.58501e-08
0.000194291 1.05885e-07 0 1.05885e-07
0.000223985 1.58815e-07 0 1.58815e-07
0.000258218 3.63997e-07 0 3.63997e-07
0.000297682 9.49189e-07 0 9.49189e-07
0.000343177 1.94294e-06 0 1.94294e-06
0.000395626 3.88647e-06 0 3.88647e-06
0.000456091 9.45181e-06 0 9.45181e-06
0.000525796 2.40675e-05 0 2.40675e-05
0.000606155 5.22116e-05 0 5.22116e-05
0.000698796 9.63455e-05 0 9.63455e-05
0.000805594 0.000165231 0 0.000165231
0.000928716 0.000259134 0 0.000259134
0.00107065 0.000361488 0 0.000361488
0.00123428 0.000473726 0 0.000473726
0.00142292 0.000655589 0 0.000655589
0.00164039 0.000956817 0 0.000956817
0.0018911 0.00125047 0 0.00125047
0.00218012 0.00118339 0 0.00118339
0.00251331 0.000768376 0 0.000768376
0.00289743 0.000350663 0 0.000350663
