2.22408e-09 0 5.69907e-14 0
2.47481e-09 0 4.57398e-14 0
2.75381e-09 0 2.40257e-14 0
3.06427e-09 0 1.02779e-14 0
3.40972e-09 0 4.45301e-15 0
3.79412e-09 0 1.96529e-15 0
4.22185e-09 0 8.6714e-16 0
4.6978e-09 2.96439e-323 4.31138e-16 2.96439e-323
5.22741e-09 5.84785e-311 2.78693e-16 5.84785e-311
5.81673e-09 6.06692e-299 2.15338e-16 6.06692e-299
6.47248e-09 3.57873e-287 1.69629e-16 3.57873e-287
7.20216e-09 1.20028e-275 1.3289e-16 1.20028e-275
8.0141e-09 2.28898e-264 1.10906e-16 2.28898e-264
8.91758e-09 2.48202e-253 1.14754e-16 2.48202e-253
9.92291e-09 1.53034e-242 1.49708e-16 1.53034e-242
1.10416e-08 5.36525e-232 1.88358e-16 5.36525e-232
1.22864e-08 1.06961e-221 1.88646e-16 1.06961e-221
1.36715e-08 1.21255e-211 1.57414e-16 1.21255e-211
1.52127e-08 7.81667e-202 1.366e-16 7.81667e-202
1.69277e-08 2.86552e-192 1.23311e-16 2.86552e-192
1.88361e-08 5.97385e-183 8.58146e-17 5.97385e-183
2.09596e-08 7.0825e-174 3.78829e-17 7.0825e-174
2.33225e-08 4.77542e-165 9.93363e-18 4.77542e-165
2.59518e-08 1.83124e-156 1.51579e-18 1.83124e-156
2.88775e-08 3.99392e-148 1.33533e-19 3.99392e-148
3.2133e-08 4.95443e-140 6.76296e-21 4.95443e-140
3.57555e-08 3.49579e-132 1.96373e-22 3.49579e-132
3.97865e-08 1.40306e-124 3.2624e-24 1.40306e-124
4.42718e-08 3.2034e-117 3.09621e-26 3.2034e-117
4.92628e-08 4.16078e-110 1.67666e-28 4.16078e-110
5.48165e-08 3.07468e-103 5.17588e-31 3.07468e-103
6.09963e-08 1.29276e-96 9.10218e-34 1.29276e-96
6.78727e-08 3.09296e-90 9.11371e-37 3.09296e-90
7.55244e-08 4.21128e-84 5.19342e-40 4.21128e-84
8.40387e-08 3.26356e-78 1.68377e-43 3.26356e-78
9.35129e-08 1.4397e-72 3.1051e-47 1.4397e-72
1.04055e-07 3.61601e-67 3.25648e-51 3.61601e-67
1.15786e-07 5.172e-62 1.94194e-55 5.172e-62
1.28839e-07 4.21371e-57 6.58398e-60 4.21371e-57
1.43364e-07 1.95605e-52 1.26901e-64 1.95605e-52
1.59526e-07 5.17562e-48 1.39039e-69 5.17562e-48
1.7751e-07 7.80916e-44 8.65915e-75 7.80916e-44
1.97522e-07 6.72274e-40 3.06523e-80 6.72274e-40
2.1979e-07 3.30433e-36 6.16716e-86 3.30433e-36
2.44568e-07 9.28087e-33 7.05224e-92 9.28087e-33
2.7214e-07 1.49119e-29 4.58333e-98 1.49119e-29
3.02819e-07 1.37251e-26 1.69293e-104 1.37251e-26
3.36958e-07 7.24961e-24 3.55379e-111 7.24961e-24
3.74945e-07 2.20263e-21 4.23973e-118 2.20263e-21
4.17215e-07 3.86125e-19 2.87457e-125 3.86125e-19
4.6425e-07 3.92133e-17 1.10762e-132 3.92133e-17
5.16587e-07 2.31964e-15 2.42545e-140 2.31964e-15
5.74825e-07 8.05159e-14 3.01839e-148 8.05159e-14
6.39629e-07 1.65665e-12 2.1347e-156 1.65665e-12
7.11738e-07 2.05007e-11 8.57974e-165 2.05007e-11
7.91976e-07 1.55958e-10 1.9597e-173 1.55958e-10
8.8126e-07 7.55481e-10 2.54378e-182 7.55481e-10
9.80609e-07 2.4707e-09 1.87648e-191 2.4707e-09
1.09116e-06 5.98259e-09 7.86653e-201 5.98259e-09
1.21417e-06 1.20997e-08 1.87412e-210 1.20997e-08
1.35105e-06 2.28895e-08 2.53737e-220 2.28895e-08
1.50336e-06 4.32341e-08 1.95229e-230 4.32341e-08
1.67285e-06 8.23238e-08 8.53644e-241 8.23238e-08
1.86144e-06 1.5619e-07 2.12121e-251 1.5619e-07
2.07129e-06 2.94488e-07 2.99545e-262 2.94488e-07
2.30479e-06 5.52086e-07 2.40388e-273 5.52086e-07
2.56463e-06 1.02845e-06 1.09632e-284 1.02845e-06
2.85375e-06 1.90731e-06 2.84141e-296 1.90731e-06
3.17547e-06 3.53376e-06 4.18508e-308 3.53376e-06
3.53346e-06 6.5552e-06 3.50293e-320 6.5552e-06
3.93181e-06 1.21292e-05 0 1.21292e-05
4.37506e-06 2.2217e-05 0 2.2217e-05
4.86829e-06 4.00774e-05 0 4.00774e-05
5.41712e-06 7.10059e-05 0 7.10059e-05
6.02782e-06 0.000123034 0 0.000123034
6.70737e-06 0.000207078 0 0.000207078
7.46353e-06 0.000335905 0 0.000335905
8.30494e-06 0.000519345 0 0.000519345
9.2412e-06 0.000753295 0 0.000753295
1.0283e-05 0.00100681 0 0.00100681
1.14423e-05 0.00121664 0 0.00121664
1.27322e-05 0.00130365 0 0.00130365
1.41676e-05 0.00121717 0 0.00121717
1.57648e-05 0.000978694 0 0.000978694
1.75421e-05 0.000675753 0 0.000675753
1.95197e-05 0.000401908 0 0.000401908
2.17202e-05 0.000207735 0 0.000207735
2.41689e-05 9.76209e-05 0 9.76209e-05
2.68936e-05 4.7689e-05 0 4.7689e-05
2.99255e-05 2.83162e-05 0 2.83162e-05
3.32991e-05 1.98362e-05 0 1.98362e-05
3.70531e-05 1.45035e-05 0 1.45035e-05
4.12303e-05 1.09068e-05 0 1.09068e-05
4.58785e-05 9.46885e-06 0 9.46885e-06
5.10506e-05 1.05761e-05 0 1.05761e-05
5.68058e-05 1.25223e-05 0 1.25223e-05
6.32099e-05 1.2317e-05 0 1.2317e-05
7.03359e-05 1.01681e-05 0 1.01681e-05
7.82652e-05 8.41942e-06 0 8.41942e-06
8.70885e-05 6.71569e-06 0 6.71569e-06
