2.22408e-09 0 9.43808e-17 0
2.52723e-09 0 5.81197e-17 0
2.87169e-09 0 3.93985e-17 0
3.26311e-09 0 4.15256e-17 0
3.70787e-09 0 4.96584e-17 0
4.21326e-09 0 6.70061e-17 0
4.78753e-09 0 9.36527e-17 0
5.44008e-09 0 1.224e-16 0
6.18157e-09 0 1.49684e-16 0
7.02413e-09 0 1.84147e-16 0
7.98153e-09 0 2.31647e-16 0
9.06942e-09 0 2.9007e-16 0
1.03056e-08 0 3.72466e-16 0
1.17103e-08 0 4.45848e-16 0
1.33064e-08 0 4.93814e-16 0
1.51201e-08 0 5.41725e-16 0
1.7181e-08 0 5.47325e-16 0
1.95228e-08 0 5.30323e-16 0
2.21837e-08 0 5.2347e-16 0
2.52074e-08 0 5.17507e-16 0
2.86432e-08 0 4.09958e-16 0
3.25473e-08 0 2.89268e-16 0
3.69836e-08 0 1.98682e-16 0
4.20245e-08 0 1.35496e-16 0
4.77525e-08 3.61951e-305 6.90508e-17 3.61951e-305
5.42612e-08 1.49365e-285 1.95207e-17 1.49365e-285
6.16571e-08 1.29407e-266 2.18093e-18 1.29407e-266
7.0061e-08 2.35391e-248 6.54998e-20 2.35391e-248
7.96105e-08 8.98993e-231 4.46822e-22 8.98993e-231
9.04615e-08 7.20894e-214 6.58586e-25 7.20894e-214
1.02792e-07 1.2138e-197 2.06623e-28 1.2138e-197
1.16802e-07 4.29143e-182 1.37276e-32 4.29143e-182
1.32722e-07 3.18601e-167 1.92714e-37 3.18601e-167
1.50813e-07 4.96705e-153 5.70984e-43 4.96705e-153
1.71369e-07 1.62619e-139 3.56753e-49 1.62619e-139
1.94726e-07 1.11811e-126 4.69734e-56 1.11811e-126
2.21268e-07 1.61456e-114 1.30265e-63 1.61456e-114
2.51427e-07 4.89664e-103 7.60452e-72 4.89664e-103
2.85697e-07 3.11913e-92 9.3409e-81 3.11913e-92
3.24638e-07 4.17329e-82 2.41327e-90 4.17329e-82
3.68887e-07 1.17287e-72 1.31091e-100 1.17287e-72
4.19166e-07 6.92423e-64 1.4968e-111 6.92423e-64
4.76299e-07 8.5873e-56 3.59142e-123 8.5873e-56
5.4122e-07 2.23731e-48 1.81044e-135 2.23731e-48
6.14989e-07 1.22461e-41 1.91708e-148 1.22461e-41
6.98812e-07 1.40828e-35 4.26351e-162 1.40828e-35
7.94061e-07 3.40264e-30 1.99117e-176 3.40264e-30
9.02293e-07 1.72743e-25 1.9526e-191 1.72743e-25
1.02528e-06 1.8427e-21 4.02019e-207 1.8427e-21
1.16502e-06 4.13042e-18 1.73769e-223 4.13042e-18
1.32382e-06 1.94555e-15 1.57676e-240 1.94555e-15
1.50426e-06 1.92622e-13 3.0033e-258 1.92622e-13
1.70929e-06 4.01988e-12 1.20076e-276 4.01988e-12
1.94227e-06 1.83748e-11 1.00768e-295 1.83748e-11
2.207e-06 2.76948e-11 1.77495e-315 2.76948e-11
2.50782e-06 3.76573e-11 0 3.76573e-11
2.84964e-06 2.36498e-11 0 2.36498e-11
3.23805e-06 1.65698e-11 0 1.65698e-11
3.6794e-06 1.25597e-10 0 1.25597e-10
4.18091e-06 8.71842e-10 0 8.71842e-10
4.75077e-06 2.808e-09 0 2.808e-09
5.39831e-06 6.57426e-09 0 6.57426e-09
6.1341e-06 1.27375e-08 0 1.27375e-08
6.97019e-06 2.11313e-08 0 2.11313e-08
7.92024e-06 4.7452e-08 0 4.7452e-08
8.99978e-06 1.1252e-07 0 1.1252e-07
1.02265e-05 2.12589e-07 0 2.12589e-07
1.16203e-05 4.04897e-07 0 4.04897e-07
1.32042e-05 7.93142e-07 0 7.93142e-07
1.5004e-05 1.47139e-06 0 1.47139e-06
1.7049e-05 2.809e-06 0 2.809e-06
1.93728e-05 5.43521e-06 0 5.43521e-06
2.20134e-05 1.00988e-05 0 1.00988e-05
2.50138e-05 1.79469e-05 0 1.79469e-05
2.84232e-05 2.93474e-05 0 2.93474e-05
3.22974e-05 4.27622e-05 0 4.27622e-05
3.66996e-05 5.39459e-05 0 5.39459e-05
4.17018e-05 5.70209e-05 0 5.70209e-05
4.73858e-05 5.61776e-05 0 5.61776e-05
5.38445e-05 7.07793e-05 0 7.07793e-05
6.11836e-05 9.61447e-05 0 9.61447e-05
6.9523e-05 0.000126479 0 0.000126479
7.89991e-05 0.000163176 0 0.000163176
8.97668e-05 0.000200332 0 0.000200332
0.000102002 0.000243899 0 0.000243899
0.000115905 0.000304123 0 0.000304123
0.000131703 0.000388594 0 0.000388594
0.000149655 0.000490553 0 0.000490553
0.000170053 0.0005664 0 0.0005664
0.000193231 0.000626238 0 0.000626238
0.000219569 0.00066768 0 0.00066768
0.000249496 0.000657483 0 0.000657483
0.000283503 0.000639842 0 0.000639842
0.000322145 0.000643344 0 0.000643344
0.000366054 0.000588241 0 0.000588241
0.000415947 0.000431255 0 0.000431255
0.000472642 0.000304761 0 0.000304761
0.000537063 0.0002104 0 0.0002104
0.000610266 0.000133715 0 0.000133715
0.000693446 5.5553e-05 0 5.5553e-05
