2.22408e-09 0 9.97032e-20 0
2.56651e-09 0 5.27748e-20 0
2.96167e-09 0 3.35935e-20 0
3.41767e-09 0 3.64356e-20 0
3.94387e-09 0 4.51501e-20 0
4.55109e-09 0 6.3156e-20 0
5.2518e-09 0 8.75036e-20 0
6.0604e-09 0 1.19785e-19 0
6.9935e-09 0 1.64158e-19 0
8.07026e-09 0 2.12795e-19 0
9.3128e-09 0 2.83724e-19 0
1.07467e-08 0 4.09733e-19 0
1.24013e-08 0 5.93518e-19 0
1.43107e-08 0 9.14584e-19 0
1.6514e-08 0 1.31416e-18 0
1.90566e-08 0 1.89829e-18 0
2.19907e-08 0 3.03154e-18 0
2.53765e-08 0 5.12527e-18 0
2.92836e-08 0 9.2562e-18 0
3.37923e-08 0 1.6131e-17 0
3.89951e-08 0 3.05453e-17 0
4.49991e-08 4.59586e-317 6.21929e-17 4.59586e-317
5.19274e-08 8.96607e-295 1.10305e-16 8.96607e-295
5.99224e-08 2.46226e-273 1.67187e-16 2.46226e-273
6.91484e-08 9.51862e-253 2.49765e-16 9.51862e-253
7.9795e-08 5.18009e-233 3.99861e-16 5.18009e-233
9.20807e-08 3.96861e-214 6.33698e-16 3.96861e-214
1.06258e-07 4.28048e-196 7.97118e-16 4.28048e-196
1.22618e-07 6.50005e-179 8.77404e-16 6.50005e-179
1.41497e-07 1.38973e-162 9.1157e-16 1.38973e-162
1.63283e-07 4.18358e-147 8.5302e-16 4.18358e-147
1.88423e-07 1.77334e-132 5.15551e-16 1.77334e-132
2.17433e-07 1.05848e-118 1.76589e-16 1.05848e-118
2.50911e-07 8.89695e-106 3.13588e-17 8.89695e-106
2.89543e-07 1.05315e-93 1.68141e-18 1.05315e-93
3.34122e-07 1.7557e-82 1.81308e-20 1.7557e-82
3.85566e-07 4.1224e-72 3.34495e-23 4.1224e-72
4.4493e-07 1.36336e-62 9.75895e-27 1.36336e-62
5.13434e-07 6.35124e-54 4.29171e-31 6.35124e-54
5.92485e-07 4.16791e-46 2.76421e-36 4.16791e-46
6.83708e-07 3.85317e-39 2.56555e-42 3.85317e-39
7.88975e-07 5.01859e-33 3.40098e-49 5.01859e-33
9.10451e-07 9.20951e-28 6.40791e-57 9.20951e-28
1.05063e-06 2.38127e-23 1.71117e-65 2.38127e-23
1.21239e-06 8.67604e-20 6.46519e-75 8.67604e-20
1.39906e-06 4.45457e-17 3.45215e-85 4.45457e-17
1.61446e-06 3.2238e-15 2.60295e-96 3.2238e-15
1.86304e-06 3.30216e-14 2.76982e-108 3.30216e-14
2.14988e-06 5.22505e-14 4.15759e-121 5.22505e-14
2.48089e-06 3.37175e-14 8.79981e-135 3.37175e-14
2.86286e-06 2.45404e-14 2.6255e-149 2.45404e-14
3.30364e-06 1.18105e-13 1.10394e-164 1.18105e-13
3.81229e-06 7.05369e-13 6.54001e-181 7.05369e-13
4.39926e-06 3.2657e-12 5.45798e-198 3.2657e-12
5.07659e-06 7.35711e-12 6.41562e-216 7.35711e-12
5.85821e-06 1.40274e-11 1.06204e-234 1.40274e-11
6.76018e-06 2.7414e-11 2.47562e-254 2.7414e-11
7.80102e-06 6.64645e-11 8.1251e-275 6.64645e-11
9.00211e-06 1.49189e-10 3.75438e-296 1.49189e-10
1.03881e-05 2.87407e-10 2.44219e-318 2.87407e-10
1.19875e-05 6.21233e-10 0 6.21233e-10
1.38332e-05 1.27835e-09 0 1.27835e-09
1.59631e-05 2.499e-09 0 2.499e-09
1.84208e-05 4.89028e-09 0 4.89028e-09
2.1257e-05 9.30424e-09 0 9.30424e-09
2.45299e-05 1.65595e-08 0 1.65595e-08
2.83066e-05 2.66657e-08 0 2.66657e-08
3.26649e-05 3.94941e-08 0 3.94941e-08
3.76942e-05 4.79393e-08 0 4.79393e-08
4.34978e-05 4.389e-08 0 4.389e-08
5.0195e-05 4.6066e-08 0 4.6066e-08
5.79233e-05 6.62588e-08 0 6.62588e-08
6.68415e-05 9.02276e-08 0 9.02276e-08
7.71328e-05 1.25395e-07 0 1.25395e-07
8.90086e-05 1.72345e-07 0 1.72345e-07
0.000102713 2.21853e-07 0 2.21853e-07
0.000118527 2.82798e-07 0 2.82798e-07
0.000136776 3.97593e-07 0 3.97593e-07
0.000157835 5.77775e-07 0 5.77775e-07
0.000182137 8.70044e-07 0 8.70044e-07
0.000210179 1.31196e-06 0 1.31196e-06
0.00024254 1.8542e-06 0 1.8542e-06
0.000279883 2.7782e-06 0 2.7782e-06
0.000322975 4.59335e-06 0 4.59335e-06
0.000372702 8.0122e-06 0 8.0122e-06
0.000430086 1.43226e-05 0 1.43226e-05
0.000496304 2.55396e-05 0 2.55396e-05
0.000572718 5.04609e-05 0 5.04609e-05
0.000660898 0.000100012 0 0.000100012
0.000762653 0.000160756 0 0.000160756
0.000880076 0.000240588 0 0.000240588
0.00101558 0.00036707 0 0.00036707
0.00117194 0.000603406 0 0.000603406
0.00135238 0.000869106 0 0.000869106
0.0015606 0.00101123 0 0.00101123
0.00180088 0.00107818 0 0.00107818
0.00207816 0.00109694 0 0.00109694
0.00239812 0.000879399 0 0.000879399
0.00276735 0.00040941 0 0.00040941
0.00319343 0.000108891 0 0.000108891
